diamond 14 /disk2/diamond/weatherchannel/zaihaiyj/baoyu/15071020.024
2015 7 10 17 0
LINES: 0
LINES_SYMBOL: 0
SYMBOLS: 4
  48   126.083    47.467 1 40
  48    98.112    24.084 1 30
  48   121.573    28.904 1 400
  48   120.994    23.576 1 200
CLOSED_CONTOURS: 9
6 57
   126.510    47.778     0.000   126.577    47.763     0.000   126.643    47.747     0.000   126.706    47.729     0.000
   126.765    47.709     0.000   126.820    47.684     0.000   126.868    47.655     0.000   126.909    47.621     0.000
   126.949    47.566     0.000   126.975    47.505     0.000   126.986    47.439     0.000   126.984    47.373     0.000
   126.967    47.311     0.000   126.937    47.256     0.000   126.894    47.212     0.000   126.818    47.174     0.000
   126.723    47.155     0.000   126.615    47.149     0.000   126.496    47.149     0.000   126.370    47.150     0.000
   126.243    47.145     0.000   126.119    47.129     0.000   126.046    47.112     0.000   125.976    47.091     0.000
   125.909    47.069     0.000   125.844    47.050     0.000   125.783    47.034     0.000   125.725    47.026     0.000
   125.670    47.028     0.000   125.606    47.047     0.000   125.548    47.083     0.000   125.498    47.132     0.000
   125.457    47.190     0.000   125.426    47.255     0.000   125.406    47.322     0.000   125.400    47.389     0.000
   125.408    47.457     0.000   125.431    47.521     0.000   125.467    47.580     0.000   125.516    47.635     0.000
   125.574    47.685     0.000   125.642    47.730     0.000   125.717    47.772     0.000   125.763    47.794     0.000
   125.811    47.814     0.000   125.861    47.832     0.000   125.911    47.847     0.000   125.963    47.858     0.000
   126.015    47.867     0.000   126.068    47.871     0.000   126.121    47.871     0.000   126.174    47.867     0.000
   126.227    47.860     0.000   126.280    47.850     0.000   126.334    47.838     0.000   126.387    47.825     0.000
   126.440    47.812     0.000
009 1
   126.937    47.256     0.000
6 166
   120.484    32.920     0.000   120.673    32.888     0.000   120.861    32.855     0.000   121.048    32.819     0.000
   121.233    32.777     0.000   121.414    32.730     0.000   121.591    32.675     0.000   121.764    32.611     0.000
   121.968    32.518     0.000   122.162    32.412     0.000   122.347    32.291     0.000   122.521    32.159     0.000
   122.684    32.016     0.000   122.835    31.862     0.000   122.972    31.701     0.000   123.154    31.444     0.000
   123.305    31.173     0.000   123.425    30.892     0.000   123.515    30.603     0.000   123.575    30.309     0.000
   123.606    30.014     0.000   123.608    29.719     0.000   123.578    29.395     0.000   123.519    29.076     0.000
   123.439    28.760     0.000   123.344    28.446     0.000   123.241    28.135     0.000   123.137    27.825     0.000
   123.038    27.515     0.000   122.975    27.302     0.000   122.916    27.088     0.000   122.916    27.088     0.000
   122.861    26.989     0.000   122.805    26.889     0.000   122.745    26.789     0.000   122.681    26.690     0.000
   122.610    26.590     0.000   122.531    26.490     0.000   122.531    26.490     0.000   122.475    26.427     0.000
   122.418    26.365     0.000   122.359    26.307     0.000   122.299    26.254     0.000   122.234    26.209     0.000
   122.166    26.172     0.000   122.093    26.146     0.000   122.038    26.135     0.000   121.979    26.130     0.000
   121.920    26.130     0.000   121.859    26.135     0.000   121.798    26.144     0.000   121.737    26.157     0.000
   121.677    26.173     0.000   121.560    26.214     0.000   121.447    26.263     0.000   121.339    26.316     0.000
   121.231    26.371     0.000   121.124    26.423     0.000   121.016    26.469     0.000   120.904    26.506     0.000
   120.793    26.530     0.000   120.679    26.546     0.000   120.562    26.556     0.000   120.443    26.562     0.000
   120.324    26.567     0.000   120.206    26.575     0.000   120.089    26.588     0.000   119.920    26.619     0.000
   119.757    26.666     0.000   119.598    26.726     0.000   119.442    26.797     0.000   119.291    26.880     0.000
   119.143    26.971     0.000   118.999    27.070     0.000   118.895    27.146     0.000   118.796    27.226     0.000
   118.702    27.309     0.000   118.617    27.398     0.000   118.543    27.491     0.000   118.483    27.590     0.000
   118.437    27.694     0.000   118.411    27.796     0.000   118.398    27.902     0.000   118.397    28.010     0.000
   118.406    28.120     0.000   118.424    28.228     0.000   118.448    28.335     0.000   118.477    28.438     0.000
   118.508    28.532     0.000   118.542    28.624     0.000   118.581    28.714     0.000   118.625    28.805     0.000
   118.676    28.898     0.000   118.734    28.995     0.000   118.800    29.098     0.000   118.849    29.172     0.000
   118.898    29.247     0.000   118.943    29.320     0.000   118.979    29.391     0.000   119.002    29.455     0.000
   119.008    29.512     0.000   118.993    29.558     0.000   118.951    29.593     0.000   118.887    29.618     0.000
   118.807    29.636     0.000   118.716    29.651     0.000   118.621    29.667     0.000   118.526    29.687     0.000
   118.438    29.714     0.000   118.370    29.747     0.000   118.311    29.788     0.000   118.260    29.835     0.000
   118.217    29.887     0.000   118.180    29.944     0.000   118.150    30.005     0.000   118.124    30.067     0.000
   118.097    30.155     0.000   118.079    30.245     0.000   118.070    30.335     0.000   118.070    30.424     0.000
   118.080    30.512     0.000   118.099    30.598     0.000   118.128    30.681     0.000   118.176    30.776     0.000
   118.237    30.867     0.000   118.307    30.953     0.000   118.386    31.036     0.000   118.470    31.116     0.000
   118.470    31.116     0.000   118.510    31.149     0.000   118.549    31.182     0.000   118.586    31.216     0.000
   118.622    31.251     0.000   118.655    31.287     0.000   118.685    31.324     0.000   118.711    31.362     0.000
   118.740    31.419     0.000   118.763    31.479     0.000   118.780    31.542     0.000   118.795    31.605     0.000
   118.810    31.669     0.000   118.826    31.733     0.000   118.845    31.796     0.000   118.869    31.856     0.000
   118.899    31.914     0.000   118.932    31.970     0.000   118.970    32.024     0.000   119.012    32.076     0.000
   119.057    32.126     0.000   119.105    32.174     0.000   119.170    32.232     0.000   119.238    32.287     0.000
   119.309    32.339     0.000   119.383    32.390     0.000   119.458    32.439     0.000   119.535    32.486     0.000
   119.612    32.534     0.000   119.681    32.593     0.000   119.759    32.645     0.000   119.846    32.691     0.000
   119.939    32.732     0.000   120.037    32.768     0.000   120.139    32.802     0.000   120.242    32.835     0.000
   120.347    32.865     0.000   120.453    32.893     0.000
009 1
   122.418    26.365     0.000
6 180
   120.678    32.463     0.000   120.761    32.469     0.000   120.843    32.473     0.000   120.925    32.475     0.000
   121.006    32.474     0.000   121.086    32.469     0.000   121.164    32.459     0.000   121.240    32.443     0.000
   121.309    32.421     0.000   121.376    32.395     0.000   121.442    32.365     0.000   121.506    32.331     0.000
   121.570    32.295     0.000   121.633    32.259     0.000   121.696    32.222     0.000   121.766    32.182     0.000
   121.837    32.143     0.000   121.907    32.105     0.000   121.977    32.066     0.000   122.047    32.028     0.000
   122.116    31.989     0.000   122.185    31.950     0.000   122.209    31.936     0.000   122.233    31.921     0.000
   122.256    31.907     0.000   122.280    31.893     0.000   122.304    31.878     0.000   122.327    31.864     0.000
   122.351    31.849     0.000   122.497    31.701     0.000   122.629    31.543     0.000   122.747    31.378     0.000
   122.853    31.208     0.000   123.000    30.919     0.000   123.112    30.623     0.000   123.190    30.320     0.000
   123.237    30.010     0.000   123.254    29.692     0.000   123.242    29.365     0.000   123.203    29.028     0.000
   123.142    28.699     0.000   123.056    28.373     0.000   122.942    28.060     0.000   122.798    27.771     0.000
   122.621    27.518     0.000   122.410    27.311     0.000   122.410    27.311     0.000   122.373    27.293     0.000
   122.336    27.275     0.000   122.298    27.256     0.000   122.261    27.238     0.000   122.224    27.221     0.000
   122.186    27.203     0.000   122.148    27.185     0.000   122.070    27.151     0.000   121.992    27.119     0.000
   121.912    27.089     0.000   121.831    27.063     0.000   121.750    27.041     0.000   121.668    27.023     0.000
   121.586    27.011     0.000   121.586    27.011     0.000   121.534    27.021     0.000   121.482    27.030     0.000
   121.430    27.039     0.000   121.378    27.048     0.000   121.325    27.057     0.000   121.273    27.065     0.000
   121.220    27.073     0.000   121.109    27.088     0.000   120.997    27.102     0.000   120.886    27.116     0.000
   120.775    27.132     0.000   120.666    27.151     0.000   120.559    27.174     0.000   120.454    27.203     0.000
   120.409    27.218     0.000   120.364    27.234     0.000   120.319    27.252     0.000   120.274    27.271     0.000
   120.229    27.291     0.000   120.184    27.312     0.000   120.138    27.335     0.000   119.988    27.413     0.000
   119.839    27.501     0.000   119.699    27.599     0.000   119.576    27.705     0.000   119.478    27.821     0.000
   119.414    27.944     0.000   119.392    28.075     0.000   119.395    28.118     0.000   119.402    28.161     0.000
   119.412    28.205     0.000   119.424    28.250     0.000   119.436    28.294     0.000   119.448    28.339     0.000
   119.458    28.384     0.000   119.470    28.464     0.000   119.476    28.543     0.000   119.476    28.623     0.000
   119.473    28.703     0.000   119.467    28.783     0.000   119.462    28.863     0.000   119.458    28.943     0.000
   119.457    28.999     0.000   119.458    29.054     0.000   119.460    29.110     0.000   119.465    29.165     0.000
   119.472    29.221     0.000   119.482    29.275     0.000   119.494    29.330     0.000   119.514    29.402     0.000
   119.538    29.473     0.000   119.563    29.545     0.000   119.587    29.616     0.000   119.609    29.687     0.000
   119.627    29.759     0.000   119.639    29.832     0.000   119.642    29.886     0.000   119.642    29.941     0.000
   119.638    29.997     0.000   119.630    30.052     0.000   119.619    30.106     0.000   119.606    30.161     0.000
   119.590    30.214     0.000   119.568    30.278     0.000   119.545    30.340     0.000   119.521    30.403     0.000
   119.498    30.465     0.000   119.477    30.528     0.000   119.459    30.593     0.000   119.446    30.659     0.000
   119.439    30.716     0.000   119.437    30.773     0.000   119.440    30.830     0.000   119.449    30.886     0.000
   119.464    30.940     0.000   119.486    30.991     0.000   119.515    31.038     0.000   119.551    31.081     0.000
   119.593    31.120     0.000   119.639    31.157     0.000   119.688    31.192     0.000   119.737    31.228     0.000
   119.785    31.264     0.000   119.829    31.303     0.000   119.857    31.330     0.000   119.882    31.358     0.000
   119.907    31.388     0.000   119.930    31.417     0.000   119.953    31.448     0.000   119.975    31.478     0.000
   119.998    31.508     0.000   120.007    31.520     0.000   120.017    31.532     0.000   120.026    31.545     0.000
   120.036    31.557     0.000   120.045    31.569     0.000   120.055    31.580     0.000   120.064    31.592     0.000
   120.080    31.671     0.000   120.085    31.754     0.000   120.086    31.840     0.000   120.088    31.929     0.000
   120.095    32.018     0.000   120.113    32.107     0.000   120.129    32.157     0.000   120.150    32.205     0.000
   120.176    32.250     0.000   120.207    32.292     0.000   120.243    32.328     0.000   120.284    32.359     0.000
   120.330    32.383     0.000   120.359    32.393     0.000   120.390    32.401     0.000   120.422    32.406     0.000
   120.454    32.411     0.000   120.488    32.414     0.000   120.522    32.416     0.000   120.556    32.417     0.000

010 1
   122.621    27.518     0.000
6 112
   121.544    30.717     0.000   121.598    30.729     0.000   121.653    30.741     0.000   121.707    30.751     0.000
   121.761    30.760     0.000   121.816    30.767     0.000   121.870    30.771     0.000   121.924    30.773     0.000
   122.011    30.770     0.000   122.097    30.758     0.000   122.183    30.740     0.000   122.267    30.715     0.000
   122.349    30.684     0.000   122.430    30.647     0.000   122.507    30.606     0.000   122.554    30.578     0.000
   122.599    30.549     0.000   122.642    30.517     0.000   122.681    30.484     0.000   122.716    30.448     0.000
   122.747    30.409     0.000   122.773    30.368     0.000   122.782    30.352     0.000   122.789    30.336     0.000
   122.796    30.319     0.000   122.803    30.302     0.000   122.809    30.284     0.000   122.815    30.267     0.000
   122.821    30.250     0.000   122.850    30.161     0.000   122.865    30.067     0.000   122.869    29.968     0.000
   122.865    29.866     0.000   122.857    29.762     0.000   122.847    29.658     0.000   122.823    29.402     0.000
   122.800    29.153     0.000   122.770    28.910     0.000   122.727    28.675     0.000   122.666    28.446     0.000
   122.580    28.224     0.000   122.464    28.010     0.000   122.405    27.922     0.000   122.339    27.836     0.000
   122.267    27.755     0.000   122.188    27.680     0.000   122.103    27.612     0.000   122.012    27.552     0.000
   122.012    27.552     0.000   121.961    27.537     0.000   121.910    27.523     0.000   121.859    27.509     0.000
   121.808    27.496     0.000   121.757    27.486     0.000   121.705    27.477     0.000   121.653    27.472     0.000
   121.556    27.470     0.000   121.458    27.478     0.000   121.361    27.495     0.000   121.264    27.521     0.000
   121.170    27.553     0.000   121.077    27.593     0.000   120.988    27.637     0.000   120.895    27.690     0.000
   120.807    27.748     0.000   120.724    27.811     0.000   120.646    27.879     0.000   120.574    27.950     0.000
   120.508    28.026     0.000   120.447    28.106     0.000   120.392    28.190     0.000   120.343    28.277     0.000
   120.300    28.367     0.000   120.261    28.459     0.000   120.226    28.553     0.000   120.194    28.647     0.000
   120.166    28.741     0.000   120.135    28.854     0.000   120.108    28.966     0.000   120.085    29.080     0.000
   120.065    29.194     0.000   120.050    29.311     0.000   120.038    29.430     0.000   120.038    29.430     0.000
   120.032    29.520     0.000   120.028    29.609     0.000   120.027    29.696     0.000   120.031    29.783     0.000
   120.042    29.867     0.000   120.062    29.949     0.000   120.091    30.027     0.000   120.131    30.099     0.000
   120.180    30.168     0.000   120.239    30.233     0.000   120.304    30.295     0.000   120.376    30.354     0.000
   120.452    30.408     0.000   120.532    30.460     0.000   120.614    30.508     0.000   120.699    30.552     0.000
   120.786    30.591     0.000   120.875    30.624     0.000   120.965    30.651     0.000   121.057    30.671     0.000
   121.151    30.684     0.000   121.195    30.687     0.000   121.239    30.689     0.000   121.283    30.689     0.000
   121.327    30.689     0.000   121.372    30.687     0.000   121.416    30.685     0.000   121.461    30.683     0.000

011 1
   122.815    30.267     0.000
6 92
   121.813    29.828     0.000   121.867    29.819     0.000   121.921    29.810     0.000   121.975    29.800     0.000
   122.029    29.788     0.000   122.083    29.775     0.000   122.136    29.759     0.000   122.190    29.741     0.000
   122.229    29.726     0.000   122.267    29.709     0.000   122.304    29.691     0.000   122.338    29.670     0.000
   122.369    29.646     0.000   122.396    29.620     0.000   122.418    29.592     0.000   122.430    29.572     0.000
   122.439    29.552     0.000   122.447    29.530     0.000   122.454    29.508     0.000   122.460    29.486     0.000
   122.465    29.463     0.000   122.470    29.440     0.000   122.508    29.380     0.000   122.539    29.317     0.000
   122.561    29.253     0.000   122.577    29.166     0.000   122.579    29.078     0.000   122.569    28.990     0.000
   122.549    28.902     0.000   122.520    28.814     0.000   122.484    28.727     0.000   122.443    28.640     0.000
   122.391    28.542     0.000   122.335    28.446     0.000   122.274    28.355     0.000   122.206    28.270     0.000
   122.132    28.193     0.000   122.132    28.193     0.000   122.083    28.166     0.000   122.034    28.139     0.000
   121.985    28.113     0.000   121.936    28.089     0.000   121.887    28.066     0.000   121.837    28.046     0.000
   121.787    28.028     0.000   121.736    28.013     0.000   121.684    28.001     0.000   121.631    27.991     0.000
   121.576    27.982     0.000   121.576    27.982     0.000   121.538    27.979     0.000   121.501    27.976     0.000
   121.463    27.974     0.000   121.425    27.974     0.000   121.388    27.975     0.000   121.352    27.979     0.000
   121.316    27.985     0.000   121.274    27.997     0.000   121.234    28.013     0.000   121.196    28.033     0.000
   121.159    28.056     0.000   121.125    28.082     0.000   121.094    28.111     0.000   121.067    28.142     0.000
   121.018    28.216     0.000   120.987    28.298     0.000   120.971    28.385     0.000   120.968    28.475     0.000
   120.976    28.566     0.000   120.994    28.656     0.000   121.020    28.744     0.000   121.047    28.817     0.000
   121.077    28.888     0.000   121.110    28.956     0.000   121.143    29.025     0.000   121.177    29.093     0.000
   121.210    29.162     0.000   121.240    29.234     0.000   121.265    29.300     0.000   121.289    29.368     0.000
   121.315    29.434     0.000   121.343    29.499     0.000   121.376    29.560     0.000   121.415    29.616     0.000
   121.463    29.665     0.000   121.494    29.690     0.000   121.528    29.712     0.000   121.564    29.732     0.000
   121.603    29.751     0.000   121.642    29.769     0.000   121.683    29.786     0.000   121.724    29.803     0.000

012 1
   122.508    29.380     0.000
6 78
   121.566    25.533     0.000   121.636    25.513     0.000   121.705    25.492     0.000   121.770    25.469     0.000
   121.828    25.443     0.000   121.879    25.413     0.000   121.921    25.377     0.000   121.950    25.336     0.000
   121.965    25.294     0.000   121.971    25.247     0.000   121.968    25.197     0.000   121.968    25.197     0.000
   121.959    25.138     0.000   121.949    25.079     0.000   121.937    25.021     0.000   121.924    24.963     0.000
   121.909    24.906     0.000   121.891    24.850     0.000   121.869    24.795     0.000   121.822    24.702     0.000
   121.765    24.611     0.000   121.703    24.522     0.000   121.639    24.435     0.000   121.576    24.348     0.000
   121.518    24.260     0.000   121.469    24.170     0.000   121.413    24.026     0.000   121.378    23.876     0.000
   121.357    23.721     0.000   121.343    23.561     0.000   121.329    23.399     0.000   121.308    23.234     0.000
   121.274    23.067     0.000   121.242    22.960     0.000   121.201    22.856     0.000   121.151    22.758     0.000
   121.089    22.669     0.000   121.016    22.592     0.000   120.931    22.531     0.000   120.833    22.487     0.000
   120.774    22.473     0.000   120.712    22.464     0.000   120.650    22.462     0.000   120.588    22.465     0.000
   120.528    22.474     0.000   120.472    22.489     0.000   120.421    22.510     0.000   120.328    22.579     0.000
   120.267    22.673     0.000   120.231    22.789     0.000   120.216    22.922     0.000   120.217    23.068     0.000
   120.229    23.223     0.000   120.246    23.383     0.000   120.272    23.563     0.000   120.316    23.745     0.000
   120.373    23.919     0.000   120.452    24.113     0.000   120.538    24.285     0.000   120.627    24.443     0.000
   120.716    24.595     0.000   120.804    24.750     0.000   120.887    24.913     0.000   120.963    25.095     0.000
   120.989    25.167     0.000   121.015    25.240     0.000   121.044    25.311     0.000   121.076    25.376     0.000
   121.115    25.434     0.000   121.162    25.480     0.000   121.218    25.512     0.000   121.250    25.523     0.000
   121.284    25.529     0.000   121.321    25.533     0.000   121.358    25.534     0.000   121.397    25.534     0.000
   121.437    25.532     0.000   121.477    25.530     0.000
009 1
   121.869    24.795     0.000
6 102
   121.430    25.333     0.000   121.472    25.329     0.000   121.513    25.325     0.000   121.553    25.319     0.000
   121.589    25.311     0.000   121.589    25.311     0.000   121.627    25.287     0.000   121.664    25.263     0.000
   121.699    25.238     0.000   121.730    25.212     0.000   121.758    25.185     0.000   121.780    25.156     0.000
   121.780    25.156     0.000   121.786    25.128     0.000   121.793    25.100     0.000   121.799    25.073     0.000
   121.803    25.045     0.000   121.807    25.018     0.000   121.809    24.990     0.000   121.809    24.963     0.000
   121.803    24.911     0.000   121.791    24.860     0.000   121.772    24.809     0.000   121.749    24.759     0.000
   121.723    24.710     0.000   121.695    24.661     0.000   121.665    24.613     0.000   121.628    24.554     0.000
   121.592    24.496     0.000   121.556    24.438     0.000   121.521    24.380     0.000   121.486    24.322     0.000
   121.452    24.264     0.000   121.419    24.205     0.000   121.399    24.168     0.000   121.379    24.129     0.000
   121.360    24.091     0.000   121.342    24.052     0.000   121.325    24.013     0.000   121.311    23.973     0.000
   121.298    23.933     0.000   121.282    23.863     0.000   121.271    23.793     0.000   121.264    23.721     0.000
   121.260    23.650     0.000   121.258    23.578     0.000   121.256    23.506     0.000   121.253    23.435     0.000
   121.249    23.373     0.000   121.243    23.312     0.000   121.234    23.250     0.000   121.222    23.189     0.000
   121.207    23.127     0.000   121.187    23.065     0.000   121.164    23.002     0.000   121.144    22.957     0.000
   121.121    22.913     0.000   121.096    22.871     0.000   121.068    22.832     0.000   121.036    22.798     0.000
   121.002    22.770     0.000   120.964    22.749     0.000   120.923    22.737     0.000   120.880    22.731     0.000
   120.834    22.731     0.000   120.786    22.736     0.000   120.736    22.744     0.000   120.686    22.754     0.000
   120.635    22.765     0.000   120.578    22.777     0.000   120.525    22.796     0.000   120.481    22.824     0.000
   120.443    22.864     0.000   120.416    22.912     0.000   120.398    22.967     0.000   120.389    23.027     0.000
   120.385    23.090     0.000   120.386    23.156     0.000   120.391    23.221     0.000   120.407    23.375     0.000
   120.431    23.521     0.000   120.461    23.662     0.000   120.495    23.798     0.000   120.533    23.930     0.000
   120.574    24.059     0.000   120.616    24.188     0.000   120.684    24.321     0.000   120.749    24.457     0.000
   120.789    24.550     0.000   120.828    24.645     0.000   120.868    24.741     0.000   120.911    24.835     0.000
   120.958    24.926     0.000   121.012    25.014     0.000   121.074    25.096     0.000   121.110    25.135     0.000
   121.148    25.173     0.000   121.188    25.210     0.000   121.230    25.246     0.000   121.273    25.281     0.000
   121.317    25.315     0.000   121.361    25.349     0.000
010 1
   121.723    24.710     0.000
6 57
    98.310    24.516     0.000    98.368    24.519     0.000    98.425    24.521     0.000    98.480    24.520     0.000
    98.533    24.516     0.000    98.584    24.507     0.000    98.630    24.492     0.000    98.673    24.470     0.000
    98.722    24.427     0.000    98.762    24.371     0.000    98.791    24.306     0.000    98.810    24.236     0.000
    98.817    24.163     0.000    98.813    24.091     0.000    98.797    24.024     0.000    98.765    23.958     0.000
    98.719    23.900     0.000    98.663    23.850     0.000    98.597    23.807     0.000    98.523    23.770     0.000
    98.444    23.737     0.000    98.361    23.708     0.000    98.278    23.682     0.000    98.195    23.661     0.000
    98.113    23.647     0.000    98.034    23.642     0.000    97.958    23.647     0.000    97.887    23.665     0.000
    97.823    23.698     0.000    97.775    23.738     0.000    97.735    23.787     0.000    97.702    23.843     0.000
    97.679    23.903     0.000    97.666    23.966     0.000    97.666    24.029     0.000    97.679    24.089     0.000
    97.692    24.119     0.000    97.709    24.148     0.000    97.730    24.175     0.000    97.753    24.200     0.000
    97.780    24.221     0.000    97.809    24.240     0.000    97.840    24.256     0.000    97.878    24.270     0.000
    97.917    24.281     0.000    97.957    24.289     0.000    97.997    24.297     0.000    98.037    24.305     0.000
    98.075    24.316     0.000    98.111    24.330     0.000    98.140    24.345     0.000    98.166    24.362     0.000
    98.191    24.382     0.000    98.216    24.404     0.000    98.239    24.427     0.000    98.262    24.452     0.000
    98.285    24.476     0.000
009 1
    98.813    24.091     0.000
6 100
   121.089    24.205     0.000   121.098    24.219     0.000   121.108    24.233     0.000   121.118    24.247     0.000
   121.128    24.261     0.000   121.138    24.275     0.000   121.148    24.290     0.000   121.159    24.304     0.000
   121.172    24.321     0.000   121.186    24.338     0.000   121.201    24.354     0.000   121.217    24.369     0.000
   121.235    24.381     0.000   121.254    24.391     0.000   121.276    24.397     0.000   121.290    24.399     0.000
   121.304    24.400     0.000   121.319    24.400     0.000   121.333    24.398     0.000   121.346    24.395     0.000
   121.358    24.391     0.000   121.368    24.385     0.000   121.387    24.366     0.000   121.393    24.340     0.000
   121.391    24.309     0.000   121.382    24.275     0.000   121.368    24.239     0.000   121.351    24.202     0.000
   121.334    24.166     0.000   121.316    24.126     0.000   121.300    24.088     0.000   121.285    24.053     0.000
   121.271    24.019     0.000   121.259    23.985     0.000   121.246    23.953     0.000   121.234    23.920     0.000
   121.218    23.880     0.000   121.202    23.838     0.000   121.186    23.796     0.000   121.171    23.754     0.000
   121.157    23.711     0.000   121.144    23.667     0.000   121.134    23.623     0.000   121.129    23.601     0.000
   121.125    23.579     0.000   121.122    23.557     0.000   121.119    23.535     0.000   121.116    23.513     0.000
   121.113    23.490     0.000   121.110    23.468     0.000   121.107    23.447     0.000   121.104    23.426     0.000
   121.101    23.406     0.000   121.098    23.385     0.000   121.095    23.364     0.000   121.092    23.343     0.000
   121.089    23.322     0.000   121.084    23.255     0.000   121.075    23.186     0.000   121.066    23.141     0.000
   121.055    23.096     0.000   121.039    23.052     0.000   121.019    23.012     0.000   121.019    23.012     0.000
   120.997    22.993     0.000   120.975    22.974     0.000   120.952    22.957     0.000   120.929    22.942     0.000
   120.906    22.929     0.000   120.882    22.919     0.000   120.857    22.913     0.000   120.822    22.912     0.000
   120.786    22.917     0.000   120.750    22.929     0.000   120.716    22.946     0.000   120.682    22.967     0.000
   120.652    22.993     0.000   120.625    23.021     0.000   120.591    23.070     0.000   120.567    23.123     0.000
   120.554    23.180     0.000   120.550    23.237     0.000   120.555    23.295     0.000   120.568    23.351     0.000
   120.588    23.405     0.000   120.616    23.459     0.000   120.651    23.509     0.000   120.689    23.558     0.000
   120.730    23.604     0.000   120.771    23.650     0.000   120.811    23.697     0.000   120.848    23.746     0.000
   120.879    23.796     0.000   120.906    23.848     0.000   120.930    23.902     0.000   120.951    23.958     0.000
   120.970    24.015     0.000   120.987    24.073     0.000   121.004    24.131     0.000   121.043    24.160     0.000

011 1
   121.391    24.309     0.000
STATION_SITUATION
50755 9
50756 9
50758 9
56837 9
56838 9
56844 9
58239 9
58244 9
58246 9
58247 9
58248 9
58249 9
58250 9
58252 9
58254 9
58255 10
58257 10
58259 10
58264 10
58265 10
58266 10
58268 10
58269 10
58338 9
58339 9
58340 9
58341 9
58342 9
58343 9
58344 9
58345 9
58346 9
58349 10
58351 10
58352 10
58353 10
58354 10
58356 10
58357 10
58358 10
58359 10
58360 10
58361 10
58362 10
58364 10
58365 10
58366 10
58367 10
58369 10
58374 10
58376 10
58377 10
58426 9
58431 9
58432 9
58433 9
58435 9
58436 9
58437 9
58438 9
58441 9
58442 9
58443 10
58445 9
58446 10
58447 9
58448 10
58449 10
58450 10
58451 10
58452 10
58453 11
58454 10
58455 11
58456 10
58457 10
58458 11
58459 11
58460 10
58461 10
58462 10
58463 10
58464 11
58467 11
58468 11
58472 10
58473 10
58477 11
58484 11
58530 9
58542 10
58543 9
58544 9
58546 10
58547 9
58548 10
58549 10
58550 11
58553 11
58555 11
58556 11
58557 11
58558 11
58559 11
58562 11
58563 11
58565 11
58566 12
58567 12
58568 12
58569 12
58570 11
58632 9
58633 9
58642 10
58643 10
58644 9
58646 10
58647 9
58652 11
58653 11
58654 10
58656 11
58657 10
58658 11
58659 11
58660 12
58664 12
58665 12
58666 12
58667 12
58731 9
58735 9
58736 9
58742 10
58744 9
58745 9
58746 9
58747 9
58748 9
58749 9
58750 10
58751 10
58752 10
58754 10
58760 11
58843 9
58965 10
58968 10
58969 10
59152 10
59153 10
59155 9
59158 10
59162 10
59353 11
59354 10
59358 9
59359 11
WEATHER_REGION: 0
FILLAREA: 0
NOTES_SYMBOL: 4
48 126.083 47.467 0 2 40 0 4 宋体 12 1 255 0 255 255
48 98.112 24.084 0 2 30 0 4 宋体 12 1 255 0 255 255
48 121.573 28.904 0 3 400 0 4 宋体 12 1 255 0 255 255
48 120.994 23.576 0 3 200 0 4 宋体 12 1 255 0 255 255
WithProp_LINESYMBOLS: 0
