diamond 14 /disk2/diamond/weatherchannel/zaihaiyj/baoyu/15071014.024
2015 7 10 10 0
LINES: 0
LINES_SYMBOL: 0
SYMBOLS: 5
  48   121.330    28.698 1 300
  48   121.356    24.611 1 120
  48   120.960    23.401 1 120
  48   126.166    46.797 1 40
  48    99.208    23.889 1 60
CLOSED_CONTOURS: 11
6 57
   126.591    47.263     0.000   126.661    47.246     0.000   126.729    47.228     0.000   126.793    47.208     0.000
   126.853    47.186     0.000   126.905    47.161     0.000   126.949    47.132     0.000   126.983    47.098     0.000
   127.009    47.049     0.000   127.018    46.993     0.000   127.011    46.934     0.000   126.990    46.874     0.000
   126.958    46.815     0.000   126.914    46.761     0.000   126.862    46.713     0.000   126.791    46.666     0.000
   126.713    46.629     0.000   126.628    46.598     0.000   126.541    46.569     0.000   126.453    46.541     0.000
   126.366    46.509     0.000   126.283    46.471     0.000   126.237    46.445     0.000   126.192    46.417     0.000
   126.147    46.389     0.000   126.103    46.363     0.000   126.056    46.341     0.000   126.008    46.325     0.000
   125.957    46.316     0.000   125.890    46.316     0.000   125.821    46.328     0.000   125.752    46.349     0.000
   125.688    46.379     0.000   125.630    46.414     0.000   125.583    46.454     0.000   125.551    46.495     0.000
   125.532    46.553     0.000   125.539    46.611     0.000   125.567    46.670     0.000   125.610    46.729     0.000
   125.664    46.790     0.000   125.724    46.851     0.000   125.783    46.912     0.000   125.834    46.968     0.000
   125.882    47.023     0.000   125.930    47.075     0.000   125.980    47.123     0.000   126.033    47.165     0.000
   126.092    47.199     0.000   126.158    47.224     0.000   126.206    47.235     0.000   126.256    47.241     0.000
   126.309    47.245     0.000   126.365    47.246     0.000   126.422    47.245     0.000   126.480    47.243     0.000
   126.538    47.240     0.000
009 1
   126.914    46.761     0.000
6 64
    98.987    24.424     0.000    99.069    24.417     0.000    99.150    24.409     0.000    99.228    24.398     0.000
    99.302    24.381     0.000    99.371    24.358     0.000    99.434    24.326     0.000    99.488    24.284     0.000
    99.526    24.240     0.000    99.558    24.190     0.000    99.582    24.136     0.000    99.600    24.078     0.000
    99.610    24.019     0.000    99.612    23.959     0.000    99.605    23.902     0.000    99.586    23.832     0.000
    99.555    23.766     0.000    99.519    23.702     0.000    99.480    23.639     0.000    99.442    23.573     0.000
    99.409    23.504     0.000    99.385    23.430     0.000    99.375    23.381     0.000    99.369    23.330     0.000
    99.363    23.280     0.000    99.356    23.232     0.000    99.346    23.188     0.000    99.329    23.150     0.000
    99.306    23.119     0.000    99.261    23.092     0.000    99.203    23.079     0.000    99.136    23.078     0.000
    99.064    23.088     0.000    98.991    23.108     0.000    98.921    23.135     0.000    98.857    23.170     0.000
    98.789    23.222     0.000    98.735    23.281     0.000    98.694    23.346     0.000    98.661    23.416     0.000
    98.634    23.490     0.000    98.611    23.567     0.000    98.589    23.645     0.000    98.567    23.721     0.000
    98.545    23.797     0.000    98.527    23.872     0.000    98.515    23.947     0.000    98.511    24.021     0.000
    98.518    24.093     0.000    98.539    24.164     0.000    98.553    24.194     0.000    98.570    24.223     0.000
    98.590    24.251     0.000    98.612    24.277     0.000    98.637    24.302     0.000    98.664    24.324     0.000
    98.692    24.342     0.000    98.724    24.358     0.000    98.756    24.372     0.000    98.790    24.382     0.000
    98.825    24.391     0.000    98.861    24.398     0.000    98.898    24.404     0.000    98.934    24.410     0.000

009 1
    99.586    23.832     0.000
6 50
    99.246    24.110     0.000    99.284    24.106     0.000    99.321    24.101     0.000    99.356    24.096     0.000
    99.388    24.088     0.000    99.417    24.078     0.000    99.441    24.066     0.000    99.459    24.050     0.000
    99.474    24.024     0.000    99.480    23.992     0.000    99.478    23.955     0.000    99.470    23.916     0.000
    99.458    23.874     0.000    99.443    23.830     0.000    99.427    23.787     0.000    99.410    23.743     0.000
    99.393    23.701     0.000    99.375    23.661     0.000    99.354    23.626     0.000    99.331    23.595     0.000
    99.305    23.571     0.000    99.274    23.553     0.000    99.232    23.541     0.000    99.185    23.539     0.000
    99.136    23.546     0.000    99.086    23.560     0.000    99.036    23.581     0.000    98.990    23.608     0.000
    98.949    23.641     0.000    98.910    23.683     0.000    98.881    23.729     0.000    98.861    23.779     0.000
    98.849    23.830     0.000    98.848    23.883     0.000    98.856    23.934     0.000    98.873    23.984     0.000
    98.886    24.008     0.000    98.902    24.032     0.000    98.920    24.054     0.000    98.940    24.073     0.000
    98.962    24.091     0.000    98.985    24.105     0.000    99.010    24.116     0.000    99.036    24.124     0.000
    99.062    24.129     0.000    99.090    24.132     0.000    99.118    24.132     0.000    99.147    24.131     0.000
    99.176    24.129     0.000    99.205    24.127     0.000
010 1
    99.470    23.916     0.000
6 142
   120.695    31.960     0.000   120.817    31.977     0.000   120.939    31.992     0.000   120.939    31.992     0.000
   120.961    32.007     0.000   120.984    32.023     0.000   121.007    32.038     0.000   121.031    32.053     0.000
   121.054    32.067     0.000   121.078    32.080     0.000   121.102    32.092     0.000   121.196    32.129     0.000
   121.296    32.153     0.000   121.400    32.168     0.000   121.507    32.175     0.000   121.617    32.176     0.000
   121.727    32.176     0.000   121.838    32.174     0.000   121.962    32.174     0.000   122.085    32.175     0.000
   122.207    32.174     0.000   122.327    32.170     0.000   122.446    32.160     0.000   122.564    32.143     0.000
   122.682    32.116     0.000   122.829    32.065     0.000   122.972    31.997     0.000   123.104    31.914     0.000
   123.223    31.818     0.000   123.323    31.712     0.000   123.401    31.597     0.000   123.454    31.475     0.000
   123.472    31.392     0.000   123.480    31.307     0.000   123.478    31.222     0.000   123.469    31.135     0.000
   123.454    31.047     0.000   123.436    30.959     0.000   123.416    30.870     0.000   123.498    30.714     0.000
   123.567    30.553     0.000   123.639    30.317     0.000   123.683    30.075     0.000   123.683    30.075     0.000
   123.734    29.983     0.000   123.784    29.891     0.000   123.829    29.799     0.000   123.869    29.707     0.000
   123.901    29.615     0.000   123.923    29.523     0.000   123.934    29.431     0.000   123.930    29.317     0.000
   123.907    29.202     0.000   123.870    29.088     0.000   123.820    28.974     0.000   123.760    28.860     0.000
   123.694    28.746     0.000   123.624    28.632     0.000   123.427    28.329     0.000   123.220    28.034     0.000
   122.998    27.756     0.000   122.761    27.502     0.000   122.505    27.279     0.000   122.229    27.096     0.000
   121.929    26.958     0.000   121.701    26.892     0.000   121.461    26.848     0.000   121.212    26.824     0.000
   120.955    26.814     0.000   120.692    26.815     0.000   120.426    26.824     0.000   120.156    26.835     0.000
   120.000    26.812     0.000   119.842    26.794     0.000   119.686    26.784     0.000   119.535    26.785     0.000
   119.393    26.802     0.000   119.263    26.837     0.000   119.148    26.894     0.000   119.075    26.950     0.000
   119.011    27.016     0.000   118.952    27.091     0.000   118.896    27.173     0.000   118.843    27.258     0.000
   118.789    27.345     0.000   118.734    27.432     0.000   118.671    27.521     0.000   118.607    27.608     0.000
   118.543    27.694     0.000   118.483    27.779     0.000   118.430    27.864     0.000   118.386    27.950     0.000
   118.355    28.038     0.000   118.333    28.172     0.000   118.338    28.310     0.000   118.363    28.452     0.000
   118.402    28.597     0.000   118.451    28.744     0.000   118.502    28.893     0.000   118.550    29.041     0.000
   118.582    29.157     0.000   118.607    29.273     0.000   118.625    29.389     0.000   118.633    29.504     0.000
   118.630    29.619     0.000   118.617    29.733     0.000   118.590    29.848     0.000   118.565    29.924     0.000
   118.536    30.001     0.000   118.507    30.077     0.000   118.481    30.153     0.000   118.461    30.229     0.000
   118.450    30.304     0.000   118.451    30.378     0.000   118.470    30.464     0.000   118.508    30.548     0.000
   118.561    30.628     0.000   118.628    30.704     0.000   118.705    30.775     0.000   118.792    30.838     0.000
   118.884    30.893     0.000   118.971    30.936     0.000   119.061    30.973     0.000   119.150    31.007     0.000
   119.239    31.039     0.000   119.325    31.073     0.000   119.409    31.110     0.000   119.488    31.153     0.000
   119.572    31.210     0.000   119.651    31.276     0.000   119.727    31.347     0.000   119.800    31.421     0.000
   119.875    31.494     0.000   119.952    31.565     0.000   120.033    31.631     0.000   120.114    31.686     0.000
   120.200    31.735     0.000   120.289    31.779     0.000   120.382    31.819     0.000   120.478    31.856     0.000
   120.574    31.891     0.000   120.672    31.926     0.000
009 1
   123.478    31.222     0.000
6 120
   120.708    31.213     0.000   120.868    31.235     0.000   121.028    31.255     0.000   121.186    31.270     0.000
   121.343    31.278     0.000   121.498    31.278     0.000   121.650    31.268     0.000   121.798    31.244     0.000
   121.968    31.199     0.000   122.131    31.135     0.000   122.287    31.054     0.000   122.287    31.054     0.000
   122.437    30.990     0.000   122.586    30.924     0.000   122.732    30.855     0.000   122.873    30.780     0.000
   123.008    30.699     0.000   123.136    30.609     0.000   123.256    30.509     0.000   123.367    30.396     0.000
   123.466    30.272     0.000   123.550    30.141     0.000   123.619    30.004     0.000   123.669    29.863     0.000
   123.699    29.720     0.000   123.708    29.577     0.000   123.696    29.448     0.000   123.667    29.321     0.000
   123.625    29.196     0.000   123.571    29.072     0.000   123.508    28.949     0.000   123.440    28.827     0.000
   123.370    28.707     0.000   123.276    28.553     0.000   123.181    28.402     0.000   123.082    28.255     0.000
   122.976    28.113     0.000   122.863    27.978     0.000   122.740    27.851     0.000   122.606    27.732     0.000
   122.488    27.643     0.000   122.362    27.562     0.000   122.230    27.488     0.000   122.093    27.423     0.000
   121.950    27.368     0.000   121.804    27.323     0.000   121.656    27.288     0.000   121.510    27.265     0.000
   121.364    27.252     0.000   121.216    27.246     0.000   121.067    27.247     0.000   120.918    27.252     0.000
   120.769    27.261     0.000   120.620    27.271     0.000   120.537    27.277     0.000   120.455    27.284     0.000
   120.373    27.291     0.000   120.291    27.300     0.000   120.209    27.310     0.000   120.128    27.323     0.000
   120.048    27.337     0.000   120.017    27.344     0.000   119.986    27.351     0.000   119.956    27.358     0.000
   119.925    27.365     0.000   119.894    27.372     0.000   119.864    27.380     0.000   119.833    27.388     0.000
   119.703    27.404     0.000   119.572    27.424     0.000   119.440    27.448     0.000   119.363    27.463     0.000
   119.286    27.481     0.000   119.211    27.501     0.000   119.139    27.525     0.000   119.070    27.553     0.000
   119.005    27.585     0.000   118.946    27.623     0.000   118.843    27.719     0.000   118.766    27.837     0.000
   118.712    27.971     0.000   118.680    28.117     0.000   118.667    28.270     0.000   118.672    28.426     0.000
   118.693    28.578     0.000   118.736    28.751     0.000   118.791    28.915     0.000   118.853    29.074     0.000
   118.916    29.229     0.000   118.971    29.384     0.000   119.014    29.541     0.000   119.037    29.701     0.000
   119.039    29.815     0.000   119.032    29.932     0.000   119.024    30.049     0.000   119.016    30.166     0.000
   119.016    30.282     0.000   119.028    30.395     0.000   119.057    30.506     0.000   119.093    30.589     0.000
   119.142    30.668     0.000   119.201    30.744     0.000   119.270    30.815     0.000   119.346    30.881     0.000
   119.429    30.940     0.000   119.518    30.993     0.000   119.614    31.042     0.000   119.714    31.082     0.000
   119.817    31.116     0.000   119.922    31.145     0.000   120.029    31.167     0.000   120.138    31.185     0.000
   120.247    31.198     0.000   120.308    31.204     0.000   120.369    31.209     0.000   120.431    31.213     0.000
   120.492    31.216     0.000   120.553    31.219     0.000   120.614    31.222     0.000   120.676    31.224     0.000

010 1
   123.571    29.072     0.000
6 146
   121.701    30.273     0.000   121.764    30.278     0.000   121.827    30.282     0.000   121.890    30.285     0.000
   121.953    30.287     0.000   122.015    30.288     0.000   122.078    30.287     0.000   122.140    30.283     0.000
   122.201    30.277     0.000   122.262    30.269     0.000   122.323    30.258     0.000   122.383    30.246     0.000
   122.443    30.231     0.000   122.502    30.215     0.000   122.561    30.197     0.000   122.628    30.174     0.000
   122.694    30.150     0.000   122.759    30.123     0.000   122.821    30.093     0.000   122.882    30.061     0.000
   122.939    30.026     0.000   122.994    29.987     0.000   123.032    29.956     0.000   123.069    29.923     0.000
   123.105    29.889     0.000   123.139    29.853     0.000   123.173    29.817     0.000   123.206    29.780     0.000
   123.239    29.743     0.000   123.278    29.635     0.000   123.304    29.523     0.000   123.318    29.409     0.000
   123.320    29.295     0.000   123.309    29.183     0.000   123.270    29.020     0.000   123.207    28.866     0.000
   123.124    28.717     0.000   123.024    28.574     0.000   122.911    28.436     0.000   122.788    28.300     0.000
   122.659    28.167     0.000   122.532    28.040     0.000   122.401    27.918     0.000   122.266    27.804     0.000
   122.124    27.701     0.000   121.975    27.614     0.000   121.975    27.614     0.000   121.868    27.591     0.000
   121.761    27.568     0.000   121.654    27.548     0.000   121.547    27.532     0.000   121.440    27.521     0.000
   121.333    27.516     0.000   121.225    27.519     0.000   121.225    27.519     0.000   121.178    27.515     0.000
   121.131    27.510     0.000   121.084    27.506     0.000   121.084    27.506     0.000   121.049    27.503     0.000
   121.014    27.499     0.000   120.979    27.496     0.000   120.945    27.495     0.000   120.910    27.495     0.000
   120.877    27.496     0.000   120.843    27.501     0.000   120.798    27.511     0.000   120.753    27.525     0.000
   120.710    27.543     0.000   120.667    27.565     0.000   120.625    27.588     0.000   120.584    27.613     0.000
   120.543    27.639     0.000   120.510    27.661     0.000   120.477    27.682     0.000   120.444    27.702     0.000
   120.411    27.721     0.000   120.377    27.739     0.000   120.343    27.755     0.000   120.307    27.769     0.000
   120.246    27.787     0.000   120.183    27.800     0.000   120.118    27.810     0.000   120.053    27.819     0.000
   119.987    27.828     0.000   119.922    27.840     0.000   119.858    27.857     0.000   119.801    27.877     0.000
   119.746    27.902     0.000   119.694    27.932     0.000   119.645    27.967     0.000   119.601    28.005     0.000
   119.561    28.046     0.000   119.526    28.090     0.000   119.500    28.132     0.000   119.479    28.176     0.000
   119.461    28.220     0.000   119.446    28.267     0.000   119.435    28.314     0.000   119.426    28.362     0.000
   119.420    28.410     0.000   119.414    28.502     0.000   119.414    28.595     0.000   119.422    28.687     0.000
   119.438    28.777     0.000   119.461    28.867     0.000   119.492    28.954     0.000   119.530    29.039     0.000
   119.568    29.109     0.000   119.611    29.179     0.000   119.656    29.247     0.000   119.702    29.315     0.000
   119.746    29.383     0.000   119.788    29.453     0.000   119.824    29.524     0.000   119.844    29.568     0.000
   119.861    29.613     0.000   119.876    29.659     0.000   119.891    29.705     0.000   119.904    29.752     0.000
   119.916    29.799     0.000   119.929    29.846     0.000   119.958    29.892     0.000   119.993    29.934     0.000
   120.036    29.973     0.000   120.086    30.008     0.000   120.141    30.038     0.000   120.199    30.065     0.000
   120.261    30.090     0.000   120.324    30.113     0.000   120.388    30.135     0.000   120.486    30.168     0.000
   120.582    30.200     0.000   120.678    30.230     0.000   120.774    30.257     0.000   120.870    30.279     0.000
   120.967    30.297     0.000   121.065    30.308     0.000   121.139    30.312     0.000   121.213    30.313     0.000
   121.288    30.310     0.000   121.364    30.306     0.000   121.439    30.299     0.000   121.515    30.292     0.000
   121.591    30.284     0.000   121.640    30.266     0.000
011 1
   123.207    28.866     0.000
6 96
   121.627    29.733     0.000   121.675    29.720     0.000   121.723    29.707     0.000   121.770    29.692     0.000
   121.815    29.676     0.000   121.858    29.657     0.000   121.899    29.636     0.000   121.938    29.612     0.000
   121.977    29.580     0.000   122.013    29.543     0.000   122.045    29.504     0.000   122.074    29.461     0.000
   122.100    29.417     0.000   122.122    29.371     0.000   122.142    29.325     0.000   122.153    29.298     0.000
   122.163    29.270     0.000   122.172    29.243     0.000   122.181    29.215     0.000   122.189    29.188     0.000
   122.198    29.160     0.000   122.206    29.133     0.000   122.205    29.004     0.000   122.195    28.879     0.000
   122.173    28.761     0.000   122.138    28.651     0.000   122.087    28.550     0.000   122.018    28.461     0.000
   122.018    28.461     0.000   121.982    28.434     0.000   121.946    28.406     0.000   121.909    28.378     0.000
   121.874    28.349     0.000   121.838    28.320     0.000   121.802    28.290     0.000   121.767    28.259     0.000
   121.721    28.215     0.000   121.674    28.172     0.000   121.627    28.129     0.000   121.578    28.089     0.000
   121.528    28.054     0.000   121.474    28.024     0.000   121.418    28.002     0.000   121.366    27.990     0.000
   121.366    27.990     0.000   121.329    27.986     0.000   121.291    27.983     0.000   121.254    27.981     0.000
   121.217    27.980     0.000   121.180    27.981     0.000   121.144    27.984     0.000   121.109    27.989     0.000
   121.050    28.006     0.000   120.993    28.031     0.000   120.940    28.064     0.000   120.890    28.102     0.000
   120.844    28.146     0.000   120.803    28.194     0.000   120.767    28.244     0.000   120.725    28.318     0.000
   120.693    28.395     0.000   120.672    28.474     0.000   120.659    28.554     0.000   120.656    28.634     0.000
   120.661    28.714     0.000   120.676    28.793     0.000   120.697    28.867     0.000   120.724    28.939     0.000
   120.757    29.009     0.000   120.794    29.079     0.000   120.834    29.147     0.000   120.876    29.214     0.000
   120.919    29.281     0.000   120.947    29.323     0.000   120.975    29.366     0.000   121.003    29.408     0.000
   121.032    29.450     0.000   121.062    29.492     0.000   121.093    29.533     0.000   121.126    29.574     0.000
   121.146    29.597     0.000   121.166    29.620     0.000   121.187    29.642     0.000   121.210    29.663     0.000
   121.233    29.683     0.000   121.258    29.701     0.000   121.285    29.717     0.000   121.308    29.729     0.000
   121.333    29.740     0.000   121.358    29.749     0.000   121.385    29.757     0.000   121.411    29.765     0.000
   121.438    29.772     0.000   121.465    29.779     0.000   121.520    29.779     0.000   121.575    29.777     0.000

012 1
   122.195    28.879     0.000
6 71
   121.150    25.536     0.000   121.280    25.550     0.000   121.409    25.560     0.000   121.535    25.564     0.000
   121.657    25.559     0.000   121.774    25.541     0.000   121.884    25.507     0.000   121.986    25.454     0.000
   122.021    25.430     0.000   122.054    25.403     0.000   122.085    25.373     0.000   122.114    25.342     0.000
   122.140    25.308     0.000   122.162    25.274     0.000   122.181    25.238     0.000   122.213    25.138     0.000
   122.220    25.033     0.000   122.204    24.926     0.000   122.172    24.817     0.000   122.127    24.708     0.000
   122.074    24.599     0.000   122.017    24.493     0.000   121.940    24.355     0.000   121.866    24.221     0.000
   121.796    24.090     0.000   121.732    23.959     0.000   121.677    23.828     0.000   121.631    23.693     0.000
   121.599    23.555     0.000   121.575    23.374     0.000   121.564    23.188     0.000   121.554    23.001     0.000
   121.534    22.817     0.000   121.496    22.640     0.000   121.429    22.475     0.000   121.322    22.324     0.000
   121.251    22.255     0.000   121.169    22.193     0.000   121.080    22.141     0.000   120.986    22.099     0.000
   120.890    22.071     0.000   120.795    22.058     0.000   120.702    22.062     0.000   120.582    22.100     0.000
   120.473    22.168     0.000   120.377    22.262     0.000   120.295    22.376     0.000   120.228    22.503     0.000
   120.176    22.637     0.000   120.143    22.772     0.000   120.126    22.995     0.000   120.152    23.208     0.000
   120.208    23.414     0.000   120.278    23.620     0.000   120.350    23.829     0.000   120.408    24.047     0.000
   120.439    24.278     0.000   120.440    24.443     0.000   120.430    24.611     0.000   120.420    24.777     0.000
   120.417    24.936     0.000   120.432    25.081     0.000   120.473    25.209     0.000   120.549    25.313     0.000
   120.607    25.356     0.000   120.675    25.393     0.000   120.752    25.424     0.000   120.836    25.450     0.000
   120.926    25.472     0.000   121.019    25.492     0.000   121.114    25.511     0.000
009 1
   122.220    25.033     0.000
6 71
   121.459    25.365     0.000   121.541    25.366     0.000   121.621    25.364     0.000   121.698    25.360     0.000
   121.768    25.350     0.000   121.830    25.334     0.000   121.883    25.309     0.000   121.924    25.274     0.000
   121.949    25.234     0.000   121.964    25.187     0.000   121.972    25.134     0.000   121.972    25.077     0.000
   121.966    25.016     0.000   121.955    24.955     0.000   121.941    24.894     0.000   121.884    24.723     0.000
   121.812    24.566     0.000   121.729    24.420     0.000   121.643    24.281     0.000   121.559    24.145     0.000
   121.484    24.011     0.000   121.422    23.873     0.000   121.376    23.721     0.000   121.344    23.562     0.000
   121.320    23.398     0.000   121.294    23.230     0.000   121.260    23.058     0.000   121.209    22.883     0.000
   121.134    22.706     0.000   121.112    22.663     0.000   121.087    22.621     0.000   121.061    22.582     0.000
   121.033    22.547     0.000   121.003    22.518     0.000   120.972    22.495     0.000   120.939    22.481     0.000
   120.882    22.478     0.000   120.823    22.497     0.000   120.763    22.534     0.000   120.704    22.585     0.000
   120.648    22.647     0.000   120.597    22.715     0.000   120.553    22.786     0.000   120.486    22.937     0.000
   120.452    23.084     0.000   120.444    23.229     0.000   120.455    23.372     0.000   120.479    23.514     0.000
   120.508    23.656     0.000   120.535    23.799     0.000   120.559    23.984     0.000   120.576    24.170     0.000
   120.593    24.357     0.000   120.617    24.542     0.000   120.656    24.724     0.000   120.717    24.901     0.000
   120.808    25.071     0.000   120.841    25.118     0.000   120.877    25.164     0.000   120.916    25.207     0.000
   120.958    25.246     0.000   121.003    25.280     0.000   121.051    25.309     0.000   121.102    25.331     0.000
   121.143    25.343     0.000   121.185    25.351     0.000   121.229    25.356     0.000   121.273    25.358     0.000
   121.318    25.359     0.000   121.364    25.358     0.000   121.410    25.357     0.000
010 1
   121.812    24.566     0.000
6 43
   121.126    23.675     0.000   121.146    23.645     0.000   121.166    23.615     0.000   121.185    23.585     0.000
   121.202    23.555     0.000   121.216    23.526     0.000   121.227    23.496     0.000   121.234    23.467     0.000
   121.237    23.420     0.000   121.230    23.374     0.000   121.214    23.327     0.000   121.192    23.279     0.000
   121.164    23.230     0.000   121.132    23.179     0.000   121.097    23.126     0.000   121.074    23.090     0.000
   121.050    23.055     0.000   121.026    23.023     0.000   121.002    22.994     0.000   120.978    22.970     0.000
   120.954    22.954     0.000   120.931    22.946     0.000   120.898    22.953     0.000   120.867    22.977     0.000
   120.839    23.016     0.000   120.813    23.066     0.000   120.790    23.123     0.000   120.772    23.185     0.000
   120.759    23.247     0.000   120.750    23.313     0.000   120.748    23.375     0.000   120.753    23.432     0.000
   120.766    23.485     0.000   120.786    23.532     0.000   120.814    23.574     0.000   120.851    23.609     0.000
   120.875    23.626     0.000   120.902    23.641     0.000   120.931    23.654     0.000   120.962    23.666     0.000
   120.993    23.677     0.000   121.026    23.687     0.000   121.059    23.697     0.000
011 1
   121.230    23.374     0.000
6 50
   121.454    24.880     0.000   121.489    24.871     0.000   121.523    24.861     0.000   121.555    24.850     0.000
   121.584    24.838     0.000   121.610    24.824     0.000   121.631    24.808     0.000   121.646    24.789     0.000
   121.657    24.757     0.000   121.657    24.720     0.000   121.647    24.680     0.000   121.629    24.639     0.000
   121.605    24.597     0.000   121.577    24.557     0.000   121.548    24.520     0.000   121.522    24.493     0.000
   121.496    24.468     0.000   121.469    24.446     0.000   121.440    24.426     0.000   121.410    24.408     0.000
   121.378    24.391     0.000   121.343    24.374     0.000   121.302    24.356     0.000   121.259    24.340     0.000
   121.216    24.328     0.000   121.173    24.320     0.000   121.132    24.318     0.000   121.094    24.323     0.000
   121.062    24.338     0.000   121.033    24.365     0.000   121.012    24.401     0.000   120.999    24.443     0.000
   120.993    24.489     0.000   120.995    24.535     0.000   121.006    24.579     0.000   121.025    24.617     0.000
   121.047    24.642     0.000   121.073    24.662     0.000   121.102    24.679     0.000   121.134    24.694     0.000
   121.167    24.708     0.000   121.200    24.721     0.000   121.233    24.735     0.000   121.261    24.749     0.000
   121.287    24.764     0.000   121.313    24.780     0.000   121.338    24.796     0.000   121.362    24.814     0.000
   121.386    24.832     0.000   121.410    24.850     0.000
011 1
   121.629    24.639     0.000
STATION_SITUATION
50851 9
50852 9
56839 10
56849 9
56944 9
56946 9
58265 9
58266 9
58269 9
58346 9
58349 9
58352 9
58353 9
58354 9
58356 9
58357 9
58358 10
58359 10
58360 9
58361 10
58362 9
58364 10
58365 9
58366 9
58367 10
58369 10
58374 9
58376 10
58377 9
58435 9
58436 9
58438 9
58441 9
58443 10
58445 10
58446 10
58447 10
58448 10
58449 10
58450 10
58451 10
58452 10
58453 11
58454 10
58455 10
58456 10
58457 10
58458 10
58459 10
58460 10
58461 10
58462 10
58463 10
58464 10
58467 11
58468 11
58472 10
58473 10
58477 11
58484 11
58542 10
58543 9
58544 10
58546 11
58547 10
58548 10
58549 11
58550 11
58553 11
58555 11
58556 11
58557 11
58558 11
58559 12
58562 11
58563 11
58565 12
58566 12
58567 12
58568 12
58569 12
58570 11
58632 9
58633 10
58642 11
58643 11
58644 10
58646 11
58647 10
58652 12
58653 12
58654 11
58656 12
58657 11
58658 11
58659 11
58660 12
58664 12
58665 12
58666 12
58667 12
58731 9
58735 9
58736 9
58742 11
58744 10
58745 10
58746 10
58747 9
58748 9
58749 9
58750 10
58751 11
58752 11
58754 10
58760 11
58843 9
58965 10
58968 10
58969 10
59152 10
59153 10
59155 10
59158 10
59162 10
59353 11
59354 10
59358 9
59359 11
59362 9
59368 9
59553 9
59554 9
59556 9
59562 10
WEATHER_REGION: 0
FILLAREA: 0
NOTES_SYMBOL: 5
48 121.330 28.698 0 3 300 0 4 宋体 12 1 255 0 255 255
48 121.356 24.611 0 3 120 0 4 宋体 12 1 255 0 255 255
48 120.960 23.401 0 3 120 0 4 宋体 12 1 255 0 255 255
48 126.166 46.797 0 2 40 0 4 宋体 12 1 255 0 255 255
48 99.208 23.889 0 2 60 0 4 宋体 12 1 255 0 255 255
WithProp_LINESYMBOLS: 0
