diamond 14 /disk2/diamond/weatherchannel/zaihaiyj/baoyu/15071008.024
2015 7 10 5 0
LINES: 0
LINES_SYMBOL: 0
SYMBOLS: 5
  48    99.039    24.365 1 55
  48   121.203    24.464 1 130
  48   108.087    22.171 1 30
  48   111.331    23.984 1 30
  48   121.652    28.643 1 300
CLOSED_CONTOURS: 9
2 218
   121.956    32.219     0.000   122.011    32.199     0.000   122.066    32.179     0.000   122.121    32.158     0.000
   122.174    32.136     0.000   122.226    32.113     0.000   122.276    32.087     0.000   122.323    32.059     0.000
   122.390    32.012     0.000   122.452    31.959     0.000   122.509    31.902     0.000   122.563    31.842     0.000
   122.614    31.779     0.000   122.663    31.714     0.000   122.712    31.648     0.000   122.777    31.557     0.000
   122.838    31.463     0.000   122.896    31.367     0.000   123.008    31.168     0.000   123.110    30.968     0.000
   123.202    30.765     0.000   123.283    30.560     0.000   123.353    30.354     0.000   123.412    30.145     0.000
   123.458    29.935     0.000   123.480    29.810     0.000   123.498    29.684     0.000   123.513    29.558     0.000
   123.525    29.432     0.000   123.536    29.305     0.000   123.545    29.178     0.000   123.554    29.051     0.000
   123.581    28.801     0.000   123.588    28.511     0.000   123.588    28.511     0.000   123.587    28.436     0.000
   123.585    28.362     0.000   123.584    28.287     0.000   123.583    28.212     0.000   123.581    28.137     0.000
   123.580    28.062     0.000   123.578    27.988     0.000   123.572    27.696     0.000   123.561    27.404     0.000
   123.543    27.114     0.000   123.513    26.825     0.000   123.469    26.538     0.000   123.406    26.255     0.000
   123.321    25.976     0.000   123.257    25.809     0.000   123.184    25.645     0.000   123.102    25.485     0.000
   123.010    25.330     0.000   122.909    25.182     0.000   122.799    25.040     0.000   122.678    24.906     0.000
   122.590    24.819     0.000   122.498    24.735     0.000   122.403    24.654     0.000   122.306    24.575     0.000
   122.208    24.495     0.000   122.109    24.416     0.000   122.011    24.335     0.000   121.943    24.277     0.000
   121.877    24.217     0.000   121.814    24.156     0.000   121.754    24.092     0.000   121.699    24.026     0.000
   121.650    23.957     0.000   121.608    23.885     0.000   121.570    23.802     0.000   121.538    23.716     0.000
   121.510    23.629     0.000   121.484    23.542     0.000   121.455    23.455     0.000   121.422    23.370     0.000
   121.382    23.289     0.000   121.356    23.246     0.000   121.327    23.204     0.000   121.296    23.163     0.000
   121.263    23.122     0.000   121.229    23.083     0.000   121.194    23.044     0.000   121.159    23.005     0.000
   121.086    22.948     0.000   121.007    22.902     0.000   120.924    22.868     0.000   120.838    22.849     0.000
   120.751    22.848     0.000   120.699    22.856     0.000   120.647    22.870     0.000   120.598    22.890     0.000
   120.551    22.916     0.000   120.508    22.945     0.000   120.469    22.979     0.000   120.435    23.015     0.000
   120.385    23.098     0.000   120.357    23.189     0.000   120.349    23.287     0.000   120.356    23.389     0.000
   120.376    23.494     0.000   120.376    23.494     0.000   120.366    23.535     0.000   120.356    23.576     0.000
   120.346    23.618     0.000   120.336    23.659     0.000   120.327    23.700     0.000   120.318    23.741     0.000
   120.310    23.783     0.000   120.288    23.934     0.000   120.274    24.086     0.000   120.267    24.239     0.000
   120.263    24.392     0.000   120.262    24.547     0.000   120.261    24.701     0.000   120.257    24.855     0.000
   120.251    24.987     0.000   120.241    25.118     0.000   120.228    25.249     0.000   120.210    25.380     0.000
   120.188    25.510     0.000   120.162    25.639     0.000   120.131    25.768     0.000   120.091    25.908     0.000
   120.045    26.046     0.000   119.992    26.182     0.000   119.933    26.317     0.000   119.866    26.448     0.000
   119.793    26.577     0.000   119.711    26.703     0.000   119.642    26.800     0.000   119.569    26.896     0.000
   119.496    26.991     0.000   119.423    27.086     0.000   119.354    27.182     0.000   119.289    27.281     0.000
   119.231    27.382     0.000   119.187    27.472     0.000   119.149    27.565     0.000   119.116    27.660     0.000
   119.086    27.757     0.000   119.059    27.855     0.000   119.034    27.954     0.000   119.010    28.053     0.000
   118.960    28.194     0.000   118.918    28.338     0.000   118.918    28.338     0.000   118.906    28.420     0.000
   118.893    28.502     0.000   118.882    28.584     0.000   118.873    28.667     0.000   118.865    28.750     0.000
   118.859    28.832     0.000   118.856    28.916     0.000   118.858    29.035     0.000   118.866    29.155     0.000
   118.881    29.274     0.000   118.903    29.393     0.000   118.930    29.511     0.000   118.964    29.627     0.000
   119.004    29.741     0.000   119.035    29.820     0.000   119.068    29.897     0.000   119.104    29.973     0.000
   119.142    30.050     0.000   119.180    30.126     0.000   119.221    30.202     0.000   119.261    30.278     0.000
   119.287    30.325     0.000   119.314    30.373     0.000   119.342    30.419     0.000   119.371    30.465     0.000
   119.403    30.509     0.000   119.437    30.550     0.000   119.475    30.590     0.000   119.513    30.624     0.000
   119.554    30.656     0.000   119.598    30.686     0.000   119.644    30.714     0.000   119.691    30.742     0.000
   119.738    30.768     0.000   119.787    30.794     0.000   119.875    30.823     0.000   119.965    30.849     0.000
   120.053    30.873     0.000   120.140    30.898     0.000   120.224    30.926     0.000   120.303    30.958     0.000
   120.377    30.998     0.000   120.455    31.055     0.000   120.524    31.123     0.000   120.586    31.199     0.000
   120.642    31.282     0.000   120.692    31.369     0.000   120.739    31.458     0.000   120.783    31.547     0.000
   120.807    31.598     0.000   120.831    31.648     0.000   120.855    31.698     0.000   120.879    31.747     0.000
   120.902    31.796     0.000   120.926    31.845     0.000   120.949    31.894     0.000   121.052    32.024     0.000
   121.096    32.068     0.000   121.143    32.110     0.000   121.194    32.148     0.000   121.247    32.183     0.000
   121.304    32.213     0.000   121.363    32.237     0.000   121.424    32.256     0.000   121.469    32.265     0.000
   121.515    32.271     0.000   121.562    32.275     0.000   121.610    32.276     0.000   121.657    32.277     0.000
   121.706    32.276     0.000   121.754    32.275     0.000
009 1
   122.909    25.182     0.000
2 182
   122.135    30.962     0.000   122.204    30.934     0.000   122.273    30.905     0.000   122.342    30.875     0.000
   122.408    30.844     0.000   122.473    30.811     0.000   122.536    30.775     0.000   122.596    30.736     0.000
   122.657    30.690     0.000   122.715    30.640     0.000   122.769    30.587     0.000   122.820    30.531     0.000
   122.868    30.473     0.000   122.913    30.412     0.000   122.955    30.350     0.000   123.015    30.250     0.000
   123.069    30.147     0.000   123.117    30.043     0.000   123.158    29.936     0.000   123.192    29.828     0.000
   123.220    29.719     0.000   123.242    29.609     0.000   123.255    29.521     0.000   123.265    29.433     0.000
   123.272    29.344     0.000   123.276    29.255     0.000   123.279    29.167     0.000   123.281    29.078     0.000
   123.283    28.989     0.000   123.288    28.934     0.000   123.319    28.729     0.000   123.352    28.459     0.000
   123.375    28.193     0.000   123.388    27.930     0.000   123.389    27.669     0.000   123.380    27.407     0.000
   123.359    27.144     0.000   123.326    26.877     0.000   123.292    26.670     0.000   123.249    26.464     0.000
   123.193    26.261     0.000   123.121    26.067     0.000   123.031    25.882     0.000   122.920    25.712     0.000
   122.786    25.560     0.000   122.695    25.479     0.000   122.599    25.405     0.000   122.497    25.333     0.000
   122.394    25.262     0.000   122.291    25.191     0.000   122.191    25.118     0.000   122.096    25.040     0.000
   122.044    24.991     0.000   121.993    24.941     0.000   121.944    24.889     0.000   121.897    24.836     0.000
   121.851    24.782     0.000   121.806    24.728     0.000   121.761    24.673     0.000   121.705    24.584     0.000
   121.652    24.495     0.000   121.604    24.404     0.000   121.577    24.351     0.000   121.551    24.297     0.000
   121.525    24.243     0.000   121.498    24.188     0.000   121.471    24.133     0.000   121.441    24.076     0.000
   121.410    24.019     0.000   121.378    23.966     0.000   121.344    23.914     0.000   121.306    23.865     0.000
   121.265    23.821     0.000   121.220    23.784     0.000   121.170    23.757     0.000   121.116    23.740     0.000
   121.079    23.737     0.000   121.041    23.738     0.000   121.003    23.744     0.000   120.965    23.755     0.000
   120.928    23.769     0.000   120.893    23.787     0.000   120.861    23.809     0.000   120.839    23.827     0.000
   120.819    23.847     0.000   120.802    23.868     0.000   120.786    23.889     0.000   120.772    23.912     0.000
   120.760    23.936     0.000   120.750    23.959     0.000   120.728    24.053     0.000   120.731    24.149     0.000
   120.752    24.247     0.000   120.752    24.247     0.000   120.786    24.350     0.000   120.818    24.454     0.000
   120.848    24.558     0.000   120.875    24.662     0.000   120.897    24.766     0.000   120.915    24.871     0.000
   120.925    24.977     0.000   120.927    25.154     0.000   120.908    25.332     0.000   120.873    25.509     0.000
   120.822    25.685     0.000   120.757    25.859     0.000   120.680    26.028     0.000   120.594    26.193     0.000
   120.506    26.344     0.000   120.411    26.491     0.000   120.311    26.635     0.000   120.207    26.776     0.000
   120.099    26.916     0.000   119.989    27.055     0.000   119.877    27.196     0.000   119.792    27.302     0.000
   119.709    27.409     0.000   119.630    27.518     0.000   119.556    27.629     0.000   119.490    27.743     0.000
   119.435    27.860     0.000   119.392    27.980     0.000   119.367    28.077     0.000   119.351    28.177     0.000
   119.341    28.278     0.000   119.338    28.380     0.000   119.340    28.483     0.000   119.345    28.586     0.000
   119.353    28.689     0.000   119.368    28.835     0.000   119.386    28.981     0.000   119.386    28.981     0.000
   119.413    29.074     0.000   119.440    29.168     0.000   119.466    29.261     0.000   119.490    29.356     0.000
   119.512    29.450     0.000   119.532    29.546     0.000   119.549    29.642     0.000   119.560    29.717     0.000
   119.570    29.793     0.000   119.581    29.869     0.000   119.594    29.944     0.000   119.609    30.018     0.000
   119.629    30.092     0.000   119.655    30.163     0.000   119.676    30.209     0.000   119.699    30.254     0.000
   119.725    30.297     0.000   119.754    30.340     0.000   119.787    30.382     0.000   119.822    30.422     0.000
   119.859    30.460     0.000   119.913    30.509     0.000   119.972    30.553     0.000   120.034    30.594     0.000
   120.100    30.628     0.000   120.169    30.657     0.000   120.240    30.679     0.000   120.314    30.692     0.000
   120.392    30.698     0.000   120.471    30.697     0.000   120.550    30.691     0.000   120.630    30.684     0.000
   120.709    30.678     0.000   120.786    30.677     0.000   120.862    30.681     0.000   120.960    30.701     0.000
   121.055    30.733     0.000   121.149    30.774     0.000   121.241    30.819     0.000   121.334    30.865     0.000
   121.429    30.908     0.000   121.526    30.943     0.000   121.573    30.957     0.000   121.621    30.968     0.000
   121.669    30.977     0.000   121.718    30.985     0.000   121.767    30.992     0.000   121.817    30.998     0.000
   121.866    31.003     0.000   121.909    31.006     0.000
010 1
   122.786    25.560     0.000
2 119
   122.192    30.410     0.000   122.215    30.404     0.000   122.237    30.397     0.000   122.259    30.390     0.000
   122.281    30.383     0.000   122.303    30.376     0.000   122.325    30.368     0.000   122.346    30.360     0.000
   122.401    30.336     0.000   122.454    30.310     0.000   122.505    30.280     0.000   122.554    30.247     0.000
   122.600    30.212     0.000   122.643    30.175     0.000   122.683    30.135     0.000   122.775    30.020     0.000
   122.845    29.895     0.000   122.897    29.761     0.000   122.935    29.621     0.000   122.961    29.477     0.000
   122.979    29.331     0.000   122.992    29.185     0.000   123.001    29.069     0.000   123.008    28.955     0.000
   123.015    28.842     0.000   123.021    28.730     0.000   123.027    28.618     0.000   123.032    28.507     0.000
   123.037    28.396     0.000   123.036    28.318     0.000   123.034    28.240     0.000   123.032    28.162     0.000
   123.029    28.084     0.000   123.026    28.006     0.000   123.022    27.929     0.000   123.041    27.722     0.000
   123.055    27.519     0.000   123.064    27.317     0.000   123.066    27.117     0.000   123.059    26.916     0.000
   123.051    26.800     0.000   123.038    26.684     0.000   123.020    26.568     0.000   122.996    26.452     0.000
   122.966    26.336     0.000   122.927    26.222     0.000   122.880    26.108     0.000   122.823    25.996     0.000
   122.756    25.888     0.000   122.679    25.788     0.000   122.591    25.697     0.000   122.492    25.618     0.000
   122.382    25.556     0.000   122.260    25.511     0.000   122.138    25.488     0.000   122.010    25.482     0.000
   121.882    25.492     0.000   121.757    25.518     0.000   121.641    25.558     0.000   121.538    25.611     0.000
   121.453    25.678     0.000   121.372    25.788     0.000   121.324    25.915     0.000   121.300    26.057     0.000
   121.292    26.209     0.000   121.290    26.366     0.000   121.286    26.524     0.000   121.272    26.679     0.000
   121.272    26.679     0.000   121.244    26.773     0.000   121.214    26.866     0.000   121.183    26.958     0.000
   121.147    27.048     0.000   121.106    27.135     0.000   121.059    27.218     0.000   121.005    27.297     0.000
   121.005    27.297     0.000   120.933    27.355     0.000   120.862    27.413     0.000   120.793    27.472     0.000
   120.727    27.533     0.000   120.666    27.596     0.000   120.610    27.662     0.000   120.561    27.732     0.000
   120.525    27.798     0.000   120.494    27.866     0.000   120.468    27.937     0.000   120.447    28.010     0.000
   120.429    28.084     0.000   120.415    28.160     0.000   120.404    28.235     0.000   120.390    28.378     0.000
   120.384    28.520     0.000   120.387    28.662     0.000   120.399    28.802     0.000   120.422    28.941     0.000
   120.455    29.078     0.000   120.500    29.212     0.000   120.536    29.299     0.000   120.577    29.385     0.000
   120.623    29.469     0.000   120.674    29.551     0.000   120.731    29.631     0.000   120.792    29.708     0.000
   120.858    29.784     0.000   120.957    29.884     0.000   121.065    29.977     0.000   121.181    30.063     0.000
   121.304    30.140     0.000   121.434    30.206     0.000   121.569    30.261     0.000   121.710    30.302     0.000
   121.752    30.312     0.000   121.795    30.320     0.000   121.838    30.328     0.000   121.881    30.334     0.000
   121.924    30.341     0.000   121.967    30.347     0.000   122.010    30.352     0.000
011 1
   123.037    28.396     0.000
2 58
   121.309    24.863     0.000   121.319    24.848     0.000   121.329    24.834     0.000   121.339    24.819     0.000
   121.348    24.805     0.000   121.357    24.790     0.000   121.365    24.775     0.000   121.365    24.775     0.000
   121.372    24.733     0.000   121.378    24.691     0.000   121.384    24.648     0.000   121.388    24.606     0.000
   121.390    24.563     0.000   121.390    24.520     0.000   121.387    24.477     0.000   121.382    24.441     0.000
   121.374    24.406     0.000   121.363    24.371     0.000   121.349    24.338     0.000   121.331    24.307     0.000
   121.308    24.278     0.000   121.281    24.252     0.000   121.254    24.233     0.000   121.223    24.217     0.000
   121.191    24.204     0.000   121.158    24.196     0.000   121.124    24.192     0.000   121.092    24.194     0.000
   121.061    24.201     0.000   121.031    24.216     0.000   121.004    24.236     0.000   120.981    24.261     0.000
   120.962    24.289     0.000   120.947    24.320     0.000   120.937    24.352     0.000   120.931    24.383     0.000
   120.931    24.420     0.000   120.936    24.455     0.000   120.947    24.489     0.000   120.960    24.524     0.000
   120.976    24.559     0.000   120.992    24.595     0.000   121.008    24.634     0.000   121.023    24.676     0.000
   121.037    24.720     0.000   121.052    24.762     0.000   121.069    24.801     0.000   121.090    24.834     0.000
   121.115    24.860     0.000   121.148    24.876     0.000   121.161    24.879     0.000   121.175    24.881     0.000
   121.190    24.882     0.000   121.205    24.882     0.000   121.220    24.881     0.000   121.236    24.880     0.000
   121.252    24.878     0.000   121.274    24.871     0.000
011 1
   121.390    24.520     0.000
2 92
   122.394    29.291     0.000   122.413    29.260     0.000   122.431    29.228     0.000   122.447    29.197     0.000
   122.462    29.166     0.000   122.475    29.134     0.000   122.484    29.102     0.000   122.490    29.070     0.000
   122.491    29.030     0.000   122.488    28.989     0.000   122.479    28.948     0.000   122.468    28.907     0.000
   122.453    28.866     0.000   122.438    28.825     0.000   122.422    28.784     0.000   122.389    28.694     0.000
   122.357    28.605     0.000   122.326    28.517     0.000   122.295    28.430     0.000   122.261    28.345     0.000
   122.224    28.262     0.000   122.183    28.181     0.000   122.154    28.132     0.000   122.123    28.084     0.000
   122.091    28.037     0.000   122.055    27.990     0.000   122.018    27.944     0.000   121.978    27.899     0.000
   121.936    27.853     0.000   121.905    27.822     0.000   121.873    27.793     0.000   121.840    27.764     0.000
   121.805    27.739     0.000   121.769    27.717     0.000   121.732    27.699     0.000   121.693    27.687     0.000
   121.652    27.680     0.000   121.609    27.679     0.000   121.566    27.683     0.000   121.521    27.691     0.000
   121.476    27.702     0.000   121.431    27.717     0.000   121.387    27.734     0.000   121.328    27.759     0.000
   121.272    27.788     0.000   121.220    27.820     0.000   121.173    27.855     0.000   121.133    27.893     0.000
   121.101    27.934     0.000   121.078    27.978     0.000   121.066    28.026     0.000   121.064    28.077     0.000
   121.070    28.130     0.000   121.083    28.184     0.000   121.100    28.238     0.000   121.121    28.292     0.000
   121.144    28.345     0.000   121.177    28.416     0.000   121.210    28.485     0.000   121.242    28.552     0.000
   121.273    28.618     0.000   121.302    28.684     0.000   121.330    28.752     0.000   121.354    28.821     0.000
   121.377    28.898     0.000   121.399    28.976     0.000   121.421    29.055     0.000   121.447    29.132     0.000
   121.478    29.206     0.000   121.517    29.276     0.000   121.566    29.341     0.000   121.594    29.370     0.000
   121.624    29.396     0.000   121.657    29.421     0.000   121.693    29.443     0.000   121.730    29.463     0.000
   121.770    29.480     0.000   121.812    29.495     0.000   121.847    29.504     0.000   121.883    29.511     0.000
   121.919    29.516     0.000   121.955    29.517     0.000   121.991    29.515     0.000   122.025    29.509     0.000
   122.058    29.499     0.000   122.070    29.495     0.000   122.081    29.490     0.000   122.092    29.484     0.000
   122.103    29.478     0.000   122.114    29.472     0.000   122.125    29.466     0.000   122.136    29.459     0.000

012 1
   122.154    28.132     0.000
2 68
    99.175    25.468     0.000    99.258    25.342     0.000    99.258    25.342     0.000    99.329    25.248     0.000
    99.399    25.154     0.000    99.467    25.058     0.000    99.532    24.960     0.000    99.593    24.860     0.000
    99.649    24.756     0.000    99.700    24.648     0.000    99.754    24.509     0.000    99.796    24.365     0.000
    99.824    24.219     0.000    99.836    24.073     0.000    99.831    23.930     0.000    99.806    23.792     0.000
    99.760    23.662     0.000    99.720    23.585     0.000    99.670    23.513     0.000    99.612    23.444     0.000
    99.545    23.381     0.000    99.470    23.322     0.000    99.386    23.267     0.000    99.295    23.218     0.000
    99.216    23.183     0.000    99.135    23.152     0.000    99.052    23.129     0.000    98.972    23.114     0.000
    98.896    23.109     0.000    98.826    23.116     0.000    98.765    23.136     0.000    98.706    23.179     0.000
    98.658    23.239     0.000    98.619    23.313     0.000    98.585    23.395     0.000    98.553    23.483     0.000
    98.520    23.573     0.000    98.482    23.659     0.000    98.411    23.779     0.000    98.327    23.887     0.000
    98.238    23.987     0.000    98.148    24.084     0.000    98.065    24.181     0.000    97.993    24.283     0.000
    97.939    24.393     0.000    97.920    24.455     0.000    97.908    24.519     0.000    97.902    24.586     0.000
    97.902    24.653     0.000    97.909    24.722     0.000    97.922    24.789     0.000    97.941    24.856     0.000
    97.977    24.943     0.000    98.022    25.025     0.000    98.077    25.102     0.000    98.140    25.172     0.000
    98.211    25.236     0.000    98.289    25.290     0.000    98.373    25.336     0.000    98.428    25.359     0.000
    98.486    25.379     0.000    98.544    25.395     0.000    98.604    25.410     0.000    98.665    25.422     0.000
    98.726    25.433     0.000    98.788    25.444     0.000    98.903    25.447     0.000    99.019    25.448     0.000

009 1
    99.760    23.662     0.000
2 60
    99.017    25.143     0.000    99.017    25.143     0.000    99.078    25.099     0.000    99.137    25.055     0.000
    99.195    25.009     0.000    99.249    24.962     0.000    99.300    24.912     0.000    99.345    24.860     0.000
    99.385    24.805     0.000    99.428    24.725     0.000    99.461    24.639     0.000    99.484    24.549     0.000
    99.499    24.456     0.000    99.508    24.362     0.000    99.514    24.267     0.000    99.516    24.172     0.000
    99.517    24.125     0.000    99.516    24.079     0.000    99.513    24.034     0.000    99.507    23.988     0.000
    99.496    23.944     0.000    99.481    23.900     0.000    99.460    23.856     0.000    99.425    23.804     0.000
    99.381    23.754     0.000    99.331    23.711     0.000    99.277    23.675     0.000    99.221    23.650     0.000
    99.164    23.637     0.000    99.109    23.640     0.000    99.077    23.649     0.000    99.047    23.664     0.000
    99.018    23.684     0.000    98.990    23.707     0.000    98.964    23.732     0.000    98.939    23.759     0.000
    98.915    23.788     0.000    98.860    23.858     0.000    98.813    23.930     0.000    98.771    24.002     0.000
    98.734    24.075     0.000    98.701    24.151     0.000    98.669    24.231     0.000    98.638    24.314     0.000
    98.605    24.407     0.000    98.575    24.503     0.000    98.552    24.599     0.000    98.539    24.694     0.000
    98.541    24.783     0.000    98.561    24.865     0.000    98.603    24.938     0.000    98.625    24.962     0.000
    98.649    24.984     0.000    98.675    25.005     0.000    98.704    25.025     0.000    98.734    25.044     0.000
    98.765    25.063     0.000    98.796    25.082     0.000    98.842    25.112     0.000    98.890    25.142     0.000

010 1
    99.514    24.267     0.000
2 43
   108.435    22.942     0.000   108.523    22.920     0.000   108.610    22.896     0.000   108.693    22.870     0.000
   108.771    22.841     0.000   108.842    22.808     0.000   108.905    22.769     0.000   108.958    22.723     0.000
   109.027    22.618     0.000   109.058    22.491     0.000   109.057    22.349     0.000   109.028    22.197     0.000
   108.976    22.040     0.000   108.906    21.883     0.000   108.821    21.733     0.000   108.756    21.635     0.000
   108.685    21.544     0.000   108.610    21.463     0.000   108.530    21.393     0.000   108.445    21.337     0.000
   108.355    21.297     0.000   108.260    21.274     0.000   108.135    21.272     0.000   108.006    21.296     0.000
   107.878    21.345     0.000   107.755    21.414     0.000   107.643    21.501     0.000   107.545    21.604     0.000
   107.466    21.718     0.000   107.407    21.852     0.000   107.375    21.993     0.000   107.369    22.137     0.000
   107.387    22.279     0.000   107.427    22.415     0.000   107.489    22.541     0.000   107.571    22.653     0.000
   107.648    22.727     0.000   107.733    22.791     0.000   107.827    22.848     0.000   107.927    22.897     0.000
   108.031    22.942     0.000   108.139    22.984     0.000   108.249    23.024     0.000
009 1
   109.058    22.491     0.000
2 43
   111.199    24.457     0.000   111.337    24.483     0.000   111.473    24.504     0.000   111.604    24.518     0.000
   111.727    24.519     0.000   111.840    24.505     0.000   111.940    24.471     0.000   112.026    24.413     0.000
   112.086    24.342     0.000   112.132    24.254     0.000   112.163    24.156     0.000   112.179    24.051     0.000
   112.179    23.946     0.000   112.163    23.846     0.000   112.131    23.754     0.000   112.039    23.630     0.000
   111.906    23.544     0.000   111.741    23.491     0.000   111.552    23.470     0.000   111.347    23.474     0.000
   111.134    23.501     0.000   110.922    23.548     0.000   110.807    23.581     0.000   110.698    23.619     0.000
   110.598    23.664     0.000   110.512    23.716     0.000   110.443    23.776     0.000   110.394    23.844     0.000
   110.368    23.922     0.000   110.366    23.992     0.000   110.381    24.066     0.000   110.410    24.141     0.000
   110.452    24.212     0.000   110.505    24.277     0.000   110.567    24.334     0.000   110.635    24.377     0.000
   110.687    24.399     0.000   110.740    24.415     0.000   110.795    24.425     0.000   110.852    24.430     0.000
   110.909    24.432     0.000   110.968    24.432     0.000   111.026    24.431     0.000
009 1
   112.132    24.254     0.000
STATION_SITUATION
56739 9
56748 9
56836 9
56839 10
56840 9
56841 10
56842 10
56843 9
56844 10
56845 10
56849 10
56946 9
58265 9
58266 9
58269 9
58349 9
58356 9
58359 9
58360 9
58361 9
58362 9
58364 9
58365 9
58366 9
58367 9
58369 9
58374 9
58376 9
58377 9
58445 9
58446 9
58447 9
58448 10
58449 10
58450 9
58451 9
58452 9
58453 10
58454 10
58455 10
58456 10
58457 10
58458 10
58459 10
58460 9
58461 9
58462 9
58463 9
58464 10
58467 10
58468 10
58472 10
58473 9
58477 11
58484 11
58542 10
58543 9
58544 9
58546 10
58547 9
58548 10
58549 10
58550 10
58553 10
58555 11
58556 11
58557 10
58558 10
58559 11
58562 11
58563 11
58565 11
58566 12
58567 11
58568 11
58569 12
58570 11
58633 9
58642 10
58643 10
58644 9
58646 10
58647 9
58652 11
58653 11
58654 10
58656 11
58657 10
58658 11
58659 11
58660 11
58664 12
58665 12
58666 12
58667 12
58742 10
58744 9
58746 10
58748 9
58749 10
58750 10
58751 10
58752 11
58754 10
58760 11
58843 9
58965 10
58968 10
58969 10
58974 11
59058 9
59059 9
59065 9
59152 10
59153 10
59155 9
59158 9
59162 10
59252 9
59262 9
59265 9
59353 9
59354 9
59359 9
59362 9
59426 9
59428 9
59429 9
59435 9
59626 9
59631 9
59632 9
59635 9
WEATHER_REGION: 0
FILLAREA: 0
NOTES_SYMBOL: 5
48 99.039 24.365 0 2 55 0 4 宋体 12 1 255 0 255 255
48 121.203 24.464 0 3 130 0 4 宋体 12 1 255 0 255 255
48 108.087 22.171 0 2 30 0 4 宋体 12 1 255 0 255 255
48 111.331 23.984 0 2 30 0 4 宋体 12 1 255 0 255 255
48 121.652 28.643 0 3 300 0 4 宋体 12 1 255 0 255 255
WithProp_LINESYMBOLS: 0
