diamond 14 /disk2/diamond/update/zhyb/fg040708.024
2015 4 8 6 0 
LINES: 0 
LINES_SYMBOL:  0 
SYMBOLS: 1 
26  112.471  42.703   0   0 
CLOSED_CONTOURS:  8 
 2  43 
 101.199  36.782  0 
 101.273  36.765  0 
 101.345  36.747  0 
 101.415  36.727  0 
 101.482  36.706  0 
 101.545  36.68  0 
 101.602  36.651  0 
 101.652  36.617  0 
 101.729  36.536  0 
 101.779  36.437  0 
 101.802  36.326  0 
 101.8  36.207  0 
 101.775  36.083  0 
 101.728  35.96  0 
 101.66  35.841  0 
 101.611  35.775  0 
 101.557  35.714  0 
 101.499  35.66  0 
 101.437  35.614  0 
 101.374  35.577  0 
 101.31  35.552  0 
 101.246  35.541  0 
 101.144  35.553  0 
 101.048  35.601  0 
 100.959  35.678  0 
 100.88  35.778  0 
 100.814  35.895  0 
 100.761  36.023  0 
 100.726  36.157  0 
 100.71  36.267  0 
 100.708  36.374  0 
 100.722  36.474  0 
 100.751  36.565  0 
 100.799  36.643  0 
 100.864  36.706  0 
 100.949  36.752  0 
 100.972  36.759  0 
 100.996  36.766  0 
 101.02  36.772  0 
 101.045  36.777  0 
 101.071  36.781  0 
 101.097  36.786  0 
 101.123  36.79  0 
 018  1 
 101.199  36.782  0 
 2  125 
 82.866  44.984  0 
 82.767  45.015  0 
 82.666  45.046  0 
 82.563  45.077  0 
 82.563  45.077  0 
 82.5  45.107  0 
 82.436  45.136  0 
 82.371  45.166  0 
 82.306  45.194  0 
 82.239  45.222  0 
 82.17  45.249  0 
 82.099  45.276  0 
 81.903  45.338  0 
 81.696  45.389  0 
 81.482  45.421  0 
 81.267  45.432  0 
 81.057  45.417  0 
 80.856  45.37  0 
 80.671  45.288  0 
 80.568  45.219  0 
 80.477  45.141  0 
 80.4  45.055  0 
 80.341  44.968  0 
 80.304  44.882  0 
 80.292  44.802  0 
 80.308  44.733  0 
 80.374  44.661  0 
 80.486  44.61  0 
 80.634  44.576  0 
 80.808  44.554  0 
 80.999  44.541  0 
 81.198  44.533  0 
 81.396  44.525  0 
 81.651  44.511  0 
 81.888  44.493  0 
 82.111  44.47  0 
 82.111  44.47  0 
 82.183  44.459  0 
 82.255  44.449  0 
 82.326  44.437  0 
 82.397  44.425  0 
 82.468  44.412  0 
 82.538  44.398  0 
 82.608  44.382  0 
 82.777  44.336  0 
 82.943  44.282  0 
 83.107  44.225  0 
 83.27  44.167  0 
 83.433  44.111  0 
 83.598  44.061  0 
 83.765  44.021  0 
 84.044  43.979  0 
 84.331  43.961  0 
 84.624  43.959  0 
 84.92  43.963  0 
 85.215  43.966  0 
 85.508  43.958  0 
 85.794  43.932  0 
 86.053  43.885  0 
 86.304  43.819  0 
 86.549  43.739  0 
 86.79  43.648  0 
 87.028  43.552  0 
 87.265  43.455  0 
 87.502  43.362  0 
 87.546  43.345  0 
 87.589  43.329  0 
 87.633  43.313  0 
 87.676  43.297  0 
 87.72  43.281  0 
 87.763  43.266  0 
 87.807  43.25  0 
 87.985  43.216  0 
 88.07  43.205  0 
 88.155  43.197  0 
 88.238  43.195  0 
 88.314  43.2  0 
 88.381  43.213  0 
 88.434  43.235  0 
 88.471  43.268  0 
 88.484  43.291  0 
 88.491  43.316  0 
 88.493  43.344  0 
 88.491  43.374  0 
 88.484  43.404  0 
 88.475  43.434  0 
 88.462  43.463  0 
 88.42  43.53  0 
 88.365  43.588  0 
 88.299  43.639  0 
 88.224  43.685  0 
 88.143  43.727  0 
 88.059  43.766  0 
 87.973  43.805  0 
 87.846  43.863  0 
 87.721  43.922  0 
 87.596  43.98  0 
 87.471  44.035  0 
 87.344  44.087  0 
 87.215  44.133  0 
 87.083  44.172  0 
 86.906  44.211  0 
 86.723  44.238  0 
 86.536  44.256  0 
 86.344  44.267  0 
 86.15  44.273  0 
 85.955  44.277  0 
 85.759  44.279  0 
 85.544  44.285  0 
 85.331  44.293  0 
 85.12  44.307  0 
 84.911  44.327  0 
 84.706  44.355  0 
 84.505  44.392  0 
 84.31  44.439  0 
 84.17  44.48  0 
 84.033  44.526  0 
 83.898  44.578  0 
 83.764  44.632  0 
 83.631  44.689  0 
 83.499  44.748  0 
 83.367  44.808  0 
 83.246  44.851  0 
 83.124  44.894  0 
 83.003  44.938  0 
 018  1 
 82.866  44.984  0 
 2  187 
 119.7152  39.37462  0 
 119.7152  39.37462  0 
 119.758  39.39122  0 
 119.801  39.40767  0 
 119.8441  39.42402  0 
 119.8872  39.44034  0 
 119.93  39.45703  0 
 119.9724  39.47411  0 
 120.0144  39.49176  0 
 120.212  39.58156  0 
 120.212  39.58156  0 
 120.2529  39.6035  0 
 120.2938  39.62551  0 
 120.3347  39.64741  0 
 120.3757  39.6693  0 
 120.4167  39.69125  0 
 120.4578  39.7131  0 
 120.4989  39.73501  0 
 120.4989  39.73501  0 
 120.5239  39.74767  0 
 120.549  39.7603  0 
 120.574  39.77285  0 
 120.599  39.78548  0 
 120.624  39.79811  0 
 120.6491  39.81082  0 
 120.6741  39.82353  0 
 120.749  39.86192  0 
 120.8238  39.90044  0 
 120.8985  39.9393  0 
 120.973  39.9785  0 
 121.0471  40.01805  0 
 121.121  40.05796  0 
 121.1944  40.09844  0 
 121.2568  40.13054  0 
 121.3225  40.16121  0 
 121.3887  40.19176  0 
 121.4531  40.22344  0 
 121.5129  40.2575  0 
 121.5655  40.29534  0 
 121.6082  40.33818  0 
 121.6349  40.37546  0 
 121.6576  40.41576  0 
 121.6765  40.45831  0 
 121.6916  40.50243  0 
 121.703  40.54725  0 
 121.7107  40.59204  0 
 121.7149  40.63599  0 
 121.7171  40.6691  0 
 121.7192  40.70385  0 
 121.7197  40.73912  0 
 121.7173  40.7737  0 
 121.7105  40.80658  0 
 121.6977  40.83638  0 
 121.6777  40.86213  0 
 121.6607  40.87571  0 
 121.6403  40.88765  0 
 121.6175  40.89854  0 
 121.5932  40.90858  0 
 121.5685  40.91842  0 
 121.5438  40.92841  0 
 121.5205  40.9389  0 
 121.5205  40.9389  0 
 121.4912  40.93985  0 
 121.4566  40.94767  0 
 121.4189  40.95935  0 
 121.3802  40.97143  0 
 121.3424  40.98085  0 
 121.3077  40.98425  0 
 121.2459  40.9775  0 
 121.1856  40.96147  0 
 121.1267  40.93842  0 
 121.0686  40.91092  0 
 121.0113  40.88132  0 
 120.9543  40.852  0 
 120.8975  40.82531  0 
 120.7319  40.74491  0 
 120.5752  40.65385  0 
 120.4238  40.55683  0 
 120.2744  40.45823  0 
 120.1233  40.36249  0 
 119.9672  40.274  0 
 119.8024  40.19719  0 
 119.7204  40.16498  0 
 119.6371  40.13448  0 
 119.5529  40.10526  0 
 119.4678  40.07723  0 
 119.3823  40.04986  0 
 119.2967  40.02306  0 
 119.2113  39.99632  0 
 119.048  39.94697  0 
 118.8835  39.90047  0 
 118.7179  39.85616  0 
 118.5516  39.81346  0 
 118.3852  39.77178  0 
 118.2187  39.73047  0 
 118.0525  39.68889  0 
 117.9625  39.66672  0 
 117.8723  39.64535  0 
 117.7818  39.62425  0 
 117.6915  39.60305  0 
 117.6015  39.58136  0 
 117.512  39.55856  0 
 117.4233  39.53437  0 
 117.3406  39.51342  0 
 117.2545  39.49464  0 
 117.1678  39.47591  0 
 117.0834  39.45496  0 
 117.004  39.42978  0 
 116.9324  39.3983  0 
 116.8715  39.35828  0 
 116.8307  39.32177  0 
 116.7914  39.28058  0 
 116.7556  39.23585  0 
 116.7248  39.18875  0 
 116.7008  39.14035  0 
 116.6851  39.0919  0 
 116.6794  39.04447  0 
 116.6805  39.01258  0 
 116.6842  38.97839  0 
 116.6909  38.9434  0 
 116.7014  38.90938  0 
 116.7158  38.87769  0 
 116.7348  38.85009  0 
 116.7589  38.82801  0 
 116.7837  38.81408  0 
 116.8131  38.80301  0 
 116.846  38.79447  0 
 116.881  38.78796  0 
 116.9169  38.78326  0 
 116.9527  38.77985  0 
 116.9871  38.77734  0 
 117.0138  38.77616  0 
 117.0408  38.77581  0 
 117.0681  38.77647  0 
 117.0952  38.77807  0 
 117.1223  38.78054  0 
 117.149  38.78392  0 
 117.1752  38.78819  0 
 117.2034  38.79435  0 
 117.2311  38.8021  0 
 117.2585  38.81109  0 
 117.2855  38.82089  0 
 117.3125  38.83121  0 
 117.3392  38.84172  0 
 117.366  38.85188  0 
 117.4143  38.87095  0 
 117.4615  38.89159  0 
 117.5082  38.91322  0 
 117.5546  38.93519  0 
 117.6012  38.95713  0 
 117.6484  38.97821  0 
 117.6963  38.99805  0 
 117.7448  39.01695  0 
 117.7935  39.03553  0 
 117.8426  39.05379  0 
 117.892  39.07128  0 
 117.9419  39.08774  0 
 117.9922  39.10308  0 
 118.043  39.11694  0 
 118.1435  39.13772  0 
 118.2466  39.15119  0 
 118.3515  39.15952  0 
 118.4573  39.16516  0 
 118.5634  39.17044  0 
 118.6688  39.17774  0 
 118.773  39.18941  0 
 118.8617  39.20196  0 
 118.9505  39.21474  0 
 119.0392  39.22839  0 
 119.1277  39.24312  0 
 119.2154  39.25959  0 
 119.3025  39.27814  0 
 119.3885  39.29929  0 
 119.4019  39.30283  0 
 119.4152  39.30655  0 
 119.4285  39.31026  0 
 119.4418  39.31398  0 
 119.455  39.31771  0 
 119.4684  39.3215  0 
 119.4817  39.32521  0 
 119.4817  39.32521  0 
 119.5205  39.33349  0 
 119.5594  39.34174  0 
 119.5984  39.34996  0 
 119.6374  39.35825  0 
 119.6762  39.36646  0 
 119.7152  39.37462  0 
 018  1 
 119.7152  39.37462  0 
 2  64 
 118.0431  26.29144  0 
 117.9957  26.2616  0 
 117.9468  26.23291  0 
 117.8976  26.20448  0 
 117.8492  26.17547  0 
 117.8027  26.14495  0 
 117.7593  26.1122  0 
 117.72  26.07623  0 
 117.678  26.02973  0 
 117.6388  25.97942  0 
 117.6031  25.92617  0 
 117.5714  25.87067  0 
 117.5444  25.81373  0 
 117.5225  25.75613  0 
 117.5063  25.69857  0 
 117.4946  25.64296  0 
 117.485  25.58377  0 
 117.479  25.52319  0 
 117.4783  25.46309  0 
 117.4846  25.40572  0 
 117.4995  25.35293  0 
 117.5243  25.30692  0 
 117.5491  25.27757  0 
 117.5794  25.24932  0 
 117.6143  25.22286  0 
 117.6521  25.19871  0 
 117.6918  25.17765  0 
 117.7322  25.16023  0 
 117.7719  25.14722  0 
 117.8175  25.13848  0 
 117.8657  25.13565  0 
 117.9156  25.13767  0 
 117.9663  25.14338  0 
 118.0168  25.15166  0 
 118.0664  25.1614  0 
 118.1142  25.17157  0 
 118.2093  25.19677  0 
 118.3039  25.23092  0 
 118.3964  25.27315  0 
 118.4851  25.3226  0 
 118.5685  25.37838  0 
 118.645  25.43958  0 
 118.7129  25.50542  0 
 118.7493  25.54452  0 
 118.7871  25.58628  0 
 118.8237  25.6299  0 
 118.8567  25.67505  0 
 118.8837  25.72106  0 
 118.9021  25.76729  0 
 118.9095  25.81327  0 
 118.9064  25.85242  0 
 118.8965  25.89348  0 
 118.8808  25.9353  0 
 118.8605  25.97662  0 
 118.8368  26.01641  0 
 118.8109  26.05335  0 
 118.7842  26.08639  0 
 118.7234  26.13729  0 
 118.6476  26.17411  0 
 118.561  26.20048  0 
 118.4675  26.22038  0 
 118.3712  26.23756  0 
 118.2762  26.25581  0 
 118.1866  26.27919  0 
 018  1 
 118.0431  26.29144  0 
 2  173 
 117.7156  32.88007  0 
 117.6498  32.89325  0 
 117.5862  32.90917  0 
 117.526  32.92935  0 
 117.4705  32.95548  0 
 117.4229  32.98895  0 
 117.3813  33.02975  0 
 117.3432  33.0751  0 
 117.3063  33.12221  0 
 117.2682  33.16836  0 
 117.2267  33.21057  0 
 117.1794  33.24628  0 
 117.1359  33.27154  0 
 117.0902  33.29519  0 
 117.0424  33.31704  0 
 116.993  33.33661  0 
 116.9426  33.35361  0 
 116.8914  33.36776  0 
 116.8399  33.37876  0 
 116.8068  33.38448  0 
 116.7729  33.38961  0 
 116.7385  33.39376  0 
 116.704  33.3966  0 
 116.67  33.39763  0 
 116.6365  33.39644  0 
 116.6042  33.39272  0 
 116.5606  33.38329  0 
 116.5166  33.36933  0 
 116.4733  33.35148  0 
 116.432  33.3302  0 
 116.3937  33.30622  0 
 116.3599  33.27992  0 
 116.3315  33.25202  0 
 116.3084  33.22008  0 
 116.2908  33.18418  0 
 116.2775  33.1454  0 
 116.268  33.10474  0 
 116.2612  33.06326  0 
 116.2562  33.02204  0 
 116.2522  32.98214  0 
 116.2488  32.93405  0 
 116.2483  32.88506  0 
 116.2509  32.83573  0 
 116.2567  32.78669  0 
 116.266  32.73835  0 
 116.2789  32.6914  0 
 116.2958  32.64632  0 
 116.3183  32.59858  0 
 116.3456  32.55066  0 
 116.3768  32.50367  0 
 116.4121  32.45876  0 
 116.451  32.41703  0 
 116.493  32.37956  0 
 116.5381  32.34751  0 
 116.5856  32.32224  0 
 116.6377  32.30171  0 
 116.6936  32.28503  0 
 116.7517  32.27127  0 
 116.811  32.25972  0 
 116.8702  32.24942  0 
 116.9283  32.23951  0 
 116.9696  32.23261  0 
 117.0112  32.22648  0 
 117.053  32.22103  0 
 117.095  32.21644  0 
 117.137  32.2128  0 
 117.1789  32.21021  0 
 117.2208  32.20866  0 
 117.2923  32.21066  0 
 117.3638  32.21841  0 
 117.4352  32.22978  0 
 117.5066  32.24264  0 
 117.5783  32.25467  0 
 117.6499  32.26375  0 
 117.7218  32.26773  0 
 117.7693  32.26781  0 
 117.817  32.26703  0 
 117.8648  32.26537  0 
 117.9126  32.26262  0 
 117.9601  32.25871  0 
 118.0073  32.25359  0 
 118.054  32.247  0 
 118.1175  32.23794  0 
 118.1834  32.22893  0 
 118.2495  32.21827  0 
 118.3137  32.20434  0 
 118.3735  32.18547  0 
 118.4269  32.16004  0 
 118.4716  32.12639  0 
 118.4862  32.11206  0 
 118.5006  32.09686  0 
 118.5144  32.08081  0 
 118.5273  32.06408  0 
 118.5384  32.04666  0 
 118.5475  32.02869  0 
 118.5538  32.01015  0 
 118.5546  32.00669  0 
 118.5554  32.00315  0 
 118.5561  31.99953  0 
 118.5566  31.99602  0 
 118.5572  31.99241  0 
 118.5578  31.98881  0 
 118.5585  31.98529  0 
 118.5585  31.98529  0 
 118.5687  31.94946  0 
 118.5825  31.91663  0 
 118.6025  31.88898  0 
 118.6383  31.85796  0 
 118.6815  31.82974  0 
 118.7301  31.80496  0 
 118.7821  31.78452  0 
 118.8355  31.76926  0 
 118.8885  31.75992  0 
 118.939  31.75741  0 
 118.978  31.76017  0 
 119.0197  31.7665  0 
 119.062  31.77624  0 
 119.1031  31.78914  0 
 119.1415  31.8051  0 
 119.1754  31.82396  0 
 119.2029  31.84544  0 
 119.2249  31.87291  0 
 119.2411  31.90569  0 
 119.2524  31.94231  0 
 119.2597  31.98138  0 
 119.2639  32.02145  0 
 119.2662  32.06108  0 
 119.2675  32.0989  0 
 119.2671  32.13654  0 
 119.264  32.1749  0 
 119.2583  32.21355  0 
 119.2503  32.25188  0 
 119.2402  32.28944  0 
 119.2281  32.32563  0 
 119.2143  32.36008  0 
 119.1448  32.46148  0 
 119.0405  32.54394  0 
 119.0405  32.54394  0 
 119.0292  32.54902  0 
 119.0179  32.55417  0 
 119.0065  32.55924  0 
 118.9952  32.56439  0 
 118.9839  32.56946  0 
 118.9725  32.57444  0 
 118.9611  32.57944  0 
 118.8908  32.60843  0 
 118.8192  32.63545  0 
 118.7468  32.66085  0 
 118.6734  32.68457  0 
 118.5994  32.70687  0 
 118.5249  32.72774  0 
 118.45  32.74742  0 
 118.3912  32.76196  0 
 118.3319  32.77568  0 
 118.2724  32.78847  0 
 118.2125  32.8005  0 
 118.1524  32.8116  0 
 118.0921  32.82176  0 
 118.0316  32.83105  0 
 117.9995  32.83512  0 
 117.9671  32.83838  0 
 117.9346  32.84121  0 
 117.9021  32.84404  0 
 117.8697  32.84741  0 
 117.8376  32.85181  0 
 117.8059  32.85755  0 
 117.7929  32.86038  0 
 117.78  32.86352  0 
 117.7671  32.86673  0 
 117.7542  32.87003  0 
 117.7413  32.87341  0 
 117.7284  32.87678  0 
 117.7156  32.88007  0 
 057  1 
 117.7156  32.88007  0 
 2  50 
 119.9485  32.64415  0 
 119.9318  32.64788  0 
 119.9148  32.65238  0 
 119.8978  32.65713  0 
 119.8808  32.66145  0 
 119.8641  32.66475  0 
 119.8479  32.66646  0 
 119.8322  32.66594  0 
 119.8101  32.66131  0 
 119.7877  32.653  0 
 119.7657  32.64172  0 
 119.745  32.62793  0 
 119.7265  32.6124  0 
 119.711  32.59578  0 
 119.6993  32.57853  0 
 119.6943  32.56794  0 
 119.6901  32.55647  0 
 119.6868  32.5443  0 
 119.6844  32.53199  0 
 119.683  32.51987  0 
 119.6825  32.5082  0 
 119.683  32.49747  0 
 119.6961  32.46624  0 
 119.7259  32.44093  0 
 119.768  32.42042  0 
 119.8181  32.40384  0 
 119.8718  32.39006  0 
 119.9249  32.37806  0 
 119.9731  32.36685  0 
 120.0091  32.35742  0 
 120.0478  32.34722  0 
 120.0876  32.33775  0 
 120.1267  32.3306  0 
 120.1635  32.32731  0 
 120.1964  32.32933  0 
 120.2236  32.33823  0 
 120.2452  32.35476  0 
 120.265  32.37883  0 
 120.2823  32.40794  0 
 120.296  32.43959  0 
 120.3053  32.47127  0 
 120.3092  32.50055  0 
 120.3071  32.52489  0 
 120.2905  32.55123  0 
 120.2586  32.57262  0 
 120.2157  32.59052  0 
 120.1659  32.60606  0 
 120.1132  32.62075  0 
 120.0619  32.63584  0 
 120.0161  32.65265  0 
 057  1 
 119.9485  32.64415  0 
 2  85 
 112.684  27.14727  0 
 112.6435  27.15468  0 
 112.6041  27.16009  0 
 112.5978  27.16073  0 
 112.5915  27.16129  0 
 112.5852  27.16193  0 
 112.579  27.16257  0 
 112.5728  27.16321  0 
 112.5665  27.16385  0 
 112.5602  27.16449  0 
 112.5602  27.16445  0 
 112.5151  27.18252  0 
 112.4703  27.20401  0 
 112.4274  27.22876  0 
 112.388  27.25648  0 
 112.3535  27.28702  0 
 112.3256  27.32014  0 
 112.3082  27.34613  0 
 112.2912  27.37474  0 
 112.2759  27.40508  0 
 112.2639  27.43631  0 
 112.2639  27.43631  0 
 112.2655  27.43908  0 
 112.267  27.44184  0 
 112.2686  27.44461  0 
 112.2702  27.44737  0 
 112.2717  27.45014  0 
 112.2732  27.45293  0 
 112.2732  27.45293  0 
 112.2718  27.4564  0 
 112.2703  27.45986  0 
 112.2688  27.46341  0 
 112.2673  27.46687  0 
 112.2661  27.47033  0 
 112.265  27.47371  0 
 112.2643  27.47699  0 
 112.2663  27.49104  0 
 112.2755  27.50352  0 
 112.2902  27.51472  0 
 112.3084  27.52485  0 
 112.3283  27.53423  0 
 112.3479  27.54307  0 
 112.3652  27.55167  0 
 112.3971  27.56734  0 
 112.4311  27.58075  0 
 112.4666  27.59198  0 
 112.5031  27.60075  0 
 112.54  27.60707  0 
 112.5766  27.61074  0 
 112.6125  27.61178  0 
 112.6481  27.6104  0 
 112.685  27.60693  0 
 112.7221  27.60102  0 
 112.7585  27.59254  0 
 112.7932  27.58118  0 
 112.8252  27.56688  0 
 112.8535  27.54923  0 
 112.8709  27.53533  0 
 112.8878  27.5195  0 
 112.9039  27.50224  0 
 112.9185  27.48395  0 
 112.9314  27.46505  0 
 112.9417  27.4461  0 
 112.9491  27.42745  0 
 112.9549  27.3925  0 
 112.9531  27.35327  0 
 112.9443  27.31236  0 
 112.9292  27.27237  0 
 112.9084  27.23591  0 
 112.8826  27.20572  0 
 112.8526  27.18423  0 
 112.8371  27.17803  0 
 112.8198  27.17377  0 
 112.8014  27.17079  0 
 112.7822  27.16845  0 
 112.7628  27.1662  0 
 112.7436  27.16339  0 
 112.7252  27.15938  0 
 112.7193  27.15777  0 
 112.7134  27.15609  0 
 112.7075  27.15433  0 
 112.7017  27.15256  0 
 112.6958  27.1508  0 
 112.6899  27.14903  0 
 112.684  27.14727  0 
 057  1 
 112.684  27.14727  0 
 2  594 
 114.3568  37.62886  0 
 114.3659  37.65927  0 
 114.3742  37.6899  0 
 114.3811  37.72063  0 
 114.3857  37.75116  0 
 114.3874  37.78128  0 
 114.3855  37.81076  0 
 114.3763  37.85278  0 
 114.3605  37.8953  0 
 114.3388  37.9374  0 
 114.3123  37.97818  0 
 114.2815  38.0168  0 
 114.2473  38.05245  0 
 114.2106  38.08412  0 
 114.1755  38.1082  0 
 114.1366  38.12958  0 
 114.0945  38.14871  0 
 114.0504  38.16605  0 
 114.0051  38.18204  0 
 113.9596  38.19708  0 
 113.9149  38.21162  0 
 113.8139  38.24113  0 
 113.7092  38.26494  0 
 113.6016  38.28325  0 
 113.4923  38.29614  0 
 113.3826  38.30374  0 
 113.2736  38.30616  0 
 113.1661  38.30354  0 
 113.0741  38.29436  0 
 112.9827  38.27757  0 
 112.8917  38.25584  0 
 112.8007  38.23203  0 
 112.7097  38.20907  0 
 112.6182  38.18953  0 
 112.5258  38.17634  0 
 112.4544  38.16782  0 
 112.3798  38.15762  0 
 112.3042  38.14789  0 
 112.2298  38.1413  0 
 112.1587  38.1402  0 
 112.0928  38.14693  0 
 112.0345  38.1641  0 
 111.988  38.19007  0 
 111.9458  38.22465  0 
 111.9077  38.26588  0 
 111.8728  38.31156  0 
 111.8407  38.35966  0 
 111.811  38.40805  0 
 111.7832  38.45459  0 
 111.7638  38.49278  0 
 111.7487  38.53301  0 
 111.736  38.57441  0 
 111.7237  38.61572  0 
 111.7099  38.65578  0 
 111.6925  38.69361  0 
 111.6699  38.72795  0 
 111.6004  38.79314  0 
 111.5106  38.84707  0 
 111.4052  38.89096  0 
 111.2894  38.92601  0 
 111.1682  38.95356  0 
 111.0469  38.97497  0 
 110.9303  38.99146  0 
 110.8555  39.00116  0 
 110.7774  39.01048  0 
 110.698  39.01749  0 
 110.619  39.0207  0 
 110.5425  39.01812  0 
 110.4702  39.00826  0 
 110.4041  38.98925  0 
 110.358  38.96785  0 
 110.3138  38.94099  0 
 110.2716  38.90987  0 
 110.2318  38.8758  0 
 110.1942  38.83991  0 
 110.1593  38.80348  0 
 110.1271  38.76773  0 
 110.0614  38.66518  0 
 110.027  38.55122  0 
 110.0141  38.42937  0 
 110.0129  38.30301  0 
 110.0141  38.1754  0 
 110.0081  38.05007  0 
 109.9854  37.93017  0 
 109.9054  37.68555  0 
 109.8089  37.44181  0 
 109.6957  37.20142  0 
 109.566  36.96726  0 
 109.4198  36.74183  0 
 109.2569  36.52765  0 
 109.0774  36.32736  0 
 108.9691  36.21897  0 
 108.8556  36.11144  0 
 108.7371  36.00642  0 
 108.6134  35.90556  0 
 108.4847  35.81066  0 
 108.3509  35.72336  0 
 108.2119  35.64538  0 
 108.071  35.58596  0 
 107.9185  35.54112  0 
 107.7596  35.50429  0 
 107.5993  35.46932  0 
 107.4427  35.42993  0 
 107.2953  35.37992  0 
 107.162  35.31319  0 
 107.0681  35.25292  0 
 106.9742  35.18753  0 
 106.8835  35.1175  0 
 106.799  35.04299  0 
 106.7239  34.96444  0 
 106.6613  34.88211  0 
 106.6141  34.79654  0 
 106.5904  34.7263  0 
 106.5774  34.65238  0 
 106.5722  34.57598  0 
 106.5718  34.49796  0 
 106.5735  34.41935  0 
 106.5742  34.34108  0 
 106.5713  34.26418  0 
 106.5593  34.15878  0 
 106.542  34.05221  0 
 106.5238  33.94553  0 
 106.5083  33.83949  0 
 106.4999  33.73498  0 
 106.5026  33.63295  0 
 106.5201  33.53417  0 
 106.5594  33.42225  0 
 106.6146  33.31155  0 
 106.6831  33.20323  0 
 106.7625  33.09835  0 
 106.8502  32.99815  0 
 106.9439  32.90378  0 
 107.0411  32.8164  0 
 107.1036  32.76675  0 
 107.1701  32.72001  0 
 107.2394  32.67548  0 
 107.3107  32.63244  0 
 107.3828  32.59037  0 
 107.455  32.54848  0 
 107.5261  32.50618  0 
 107.6122  32.45457  0 
 107.6989  32.4038  0 
 107.7862  32.3537  0 
 107.8738  32.30418  0 
 107.9616  32.25515  0 
 108.0496  32.20644  0 
 108.1375  32.15789  0 
 108.2973  32.0654  0 
 108.4555  31.96836  0 
 108.6137  31.87123  0 
 108.7735  31.77806  0 
 108.9365  31.69322  0 
 109.1045  31.62082  0 
 109.2793  31.56509  0 
 109.3689  31.54823  0 
 109.4634  31.53929  0 
 109.5598  31.53434  0 
 109.6556  31.52909  0 
 109.748  31.51957  0 
 109.8342  31.5016  0 
 109.9113  31.47124  0 
 109.9915  31.42056  0 
 110.0677  31.35684  0 
 110.1376  31.28318  0 
 110.1989  31.20268  0 
 110.2496  31.11836  0 
 110.2876  31.03341  0 
 110.3107  30.95083  0 
 110.317  30.87023  0 
 110.3088  30.78503  0 
 110.2887  30.69755  0 
 110.2596  30.6101  0 
 110.2239  30.52481  0 
 110.1844  30.44397  0 
 110.1436  30.36989  0 
 109.9819  30.17354  0 
 109.7528  30.00511  0 
 109.4756  29.86716  0 
 109.1691  29.76237  0 
 108.8518  29.69372  0 
 108.5421  29.66465  0 
 108.258  29.67897  0 
 108.1286  29.70159  0 
 107.9934  29.73362  0 
 107.8567  29.77448  0 
 107.7225  29.82366  0 
 107.5947  29.88047  0 
 107.4775  29.94456  0 
 107.375  30.01529  0 
 107.2623  30.1508  0 
 107.2623  30.1508  0 
 107.255  30.16437  0 
 107.2477  30.17794  0 
 107.2405  30.19152  0 
 107.2332  30.2051  0 
 107.2258  30.21859  0 
 107.2182  30.232  0 
 107.2104  30.24532  0 
 107.1522  30.33427  0 
 107.0858  30.42034  0 
 107.0126  30.50299  0 
 106.9335  30.58185  0 
 106.8499  30.65622  0 
 106.763  30.72582  0 
 106.6739  30.79003  0 
 106.4847  30.89909  0 
 106.2742  30.98582  0 
 106.0478  31.05285  0 
 105.8109  31.10256  0 
 105.5688  31.13758  0 
 105.327  31.16073  0 
 105.0908  31.1747  0 
 104.9137  31.17835  0 
 104.735  31.17404  0 
 104.5555  31.16215  0 
 104.376  31.14324  0 
 104.1976  31.11762  0 
 104.0213  31.08596  0 
 103.8479  31.0486  0 
 103.7719  31.03165  0 
 103.6949  31.01507  0 
 103.618  30.99768  0 
 103.5421  30.97836  0 
 103.4682  30.95593  0 
 103.3977  30.92921  0 
 103.3313  30.89718  0 
 103.2688  30.86023  0 
 103.2072  30.81888  0 
 103.148  30.77353  0 
 103.0924  30.72505  0 
 103.0419  30.67383  0 
 102.9974  30.62066  0 
 102.9606  30.56612  0 
 102.9229  30.487  0 
 102.8979  30.4009  0 
 102.8839  30.31011  0 
 102.8795  30.21681  0 
 102.883  30.12317  0 
 102.8927  30.0315  0 
 102.9073  29.94397  0 
 102.9326  29.85118  0 
 102.9698  29.76009  0 
 103.0162  29.67045  0 
 103.0689  29.58203  0 
 103.1249  29.49465  0 
 103.1816  29.40803  0 
 103.2361  29.32194  0 
 103.2967  29.22127  0 
 103.3576  29.11959  0 
 103.42  29.01862  0 
 103.4855  28.91976  0 
 103.5553  28.82463  0 
 103.6306  28.73467  0 
 103.7129  28.65142  0 
 103.81  28.57106  0 
 103.9157  28.49809  0 
 104.0281  28.43077  0 
 104.145  28.36751  0 
 104.264  28.30658  0 
 104.3831  28.24636  0 
 104.4999  28.18531  0 
 104.5187  28.17523  0 
 104.5375  28.16521  0 
 104.5563  28.15527  0 
 104.5751  28.14533  0 
 104.594  28.13539  0 
 104.6127  28.12543  0 
 104.6316  28.11548  0 
 104.6316  28.11548  0 
 104.7298  28.07203  0 
 104.8295  28.03195  0 
 104.9302  27.99581  0 
 105.0314  27.96404  0 
 105.1327  27.93721  0 
 105.3488  27.90287  0 
 105.5711  27.89651  0 
 105.7978  27.91109  0 
 105.7978  27.91109  0 
 105.8244  27.91603  0 
 105.8511  27.92087  0 
 105.8777  27.9257  0 
 105.9044  27.93061  0 
 105.931  27.9355  0 
 105.9576  27.94053  0 
 105.9842  27.94571  0 
 106.0773  27.96652  0 
 106.1697  27.99075  0 
 106.2618  28.01662  0 
 106.3539  28.04252  0 
 106.4463  28.06667  0 
 106.5394  28.08729  0 
 106.6337  28.10275  0 
 106.7052  28.11144  0 
 106.7777  28.11909  0 
 106.8506  28.12511  0 
 106.9235  28.12933  0 
 106.9959  28.13125  0 
 107.0673  28.13063  0 
 107.1373  28.12705  0 
 107.403  28.07774  0 
 107.6572  27.97719  0 
 107.8978  27.83593  0 
 108.1232  27.66459  0 
 108.3318  27.47352  0 
 108.5223  27.27319  0 
 108.6935  27.0739  0 
 108.7683  26.9725  0 
 108.8342  26.86488  0 
 108.8946  26.75345  0 
 108.9531  26.64061  0 
 109.0131  26.52887  0 
 109.0781  26.42059  0 
 109.1516  26.31799  0 
 109.2058  26.25154  0 
 109.2619  26.18595  0 
 109.3197  26.12138  0 
 109.3793  26.05818  0 
 109.4403  25.99644  0 
 109.5029  25.9363  0 
 109.5669  25.87813  0 
 109.6661  25.78935  0 
 109.7691  25.69793  0 
 109.8757  25.6085  0 
 109.9854  25.52573  0 
 110.0982  25.45422  0 
 110.2138  25.39848  0 
 110.3321  25.36324  0 
 110.4613  25.35174  0 
 110.5968  25.36288  0 
 110.7368  25.39128  0 
 110.8793  25.4317  0 
 111.0221  25.47865  0 
 111.1633  25.52701  0 
 111.3004  25.57129  0 
 111.4453  25.62068  0 
 111.5874  25.6782  0 
 111.7279  25.74052  0 
 111.868  25.80449  0 
 112.0091  25.86687  0 
 112.1525  25.92419  0 
 112.299  25.97332  0 
 112.3719  25.995  0 
 112.4452  26.01674  0 
 112.5186  26.03771  0 
 112.5927  26.05735  0 
 112.5927  26.05735  0 
 112.6028  26.05464  0 
 112.613  26.05186  0 
 112.6233  26.04898  0 
 112.6335  26.04627  0 
 112.6437  26.04363  0 
 112.6538  26.04129  0 
 112.6639  26.03926  0 
 112.7407  26.03668  0 
 112.8167  26.05322  0 
 112.8915  26.08458  0 
 112.9648  26.12634  0 
 113.0358  26.17397  0 
 113.1044  26.22312  0 
 113.1699  26.2694  0 
 113.2265  26.31141  0 
 113.2799  26.35739  0 
 113.3311  26.40624  0 
 113.3808  26.457  0 
 113.4299  26.50864  0 
 113.4792  26.55995  0 
 113.5295  26.61004  0 
 113.5699  26.65183  0 
 113.6088  26.69602  0 
 113.647  26.74093  0 
 113.6861  26.78471  0 
 113.7272  26.82568  0 
 113.7714  26.86206  0 
 113.82  26.89206  0 
 113.8646  26.91224  0 
 113.9122  26.92896  0 
 113.9618  26.94267  0 
 114.013  26.95385  0 
 114.0648  26.96286  0 
 114.1166  26.97021  0 
 114.1676  26.97634  0 
 114.2398  26.98055  0 
 114.3127  26.97838  0 
 114.386  26.97183  0 
 114.4595  26.96287  0 
 114.5331  26.95343  0 
 114.6066  26.94538  0 
 114.68  26.94081  0 
 114.8038  26.93888  0 
 114.9277  26.94026  0 
 115.0516  26.94418  0 
 115.0516  26.94418  0 
 115.0609  26.95049  0 
 115.0701  26.95687  0 
 115.0794  26.96326  0 
 115.0887  26.96964  0 
 115.098  26.97594  0 
 115.1074  26.98216  0 
 115.1167  26.98838  0 
 115.2631  27.06946  0 
 115.4202  27.13317  0 
 115.5852  27.18425  0 
 115.755  27.22721  0 
 115.9268  27.26708  0 
 116.0978  27.30842  0 
 116.2651  27.35624  0 
 116.3313  27.37527  0 
 116.4002  27.39241  0 
 116.4698  27.4091  0 
 116.538  27.42673  0 
 116.6029  27.44674  0 
 116.6621  27.47048  0 
 116.7137  27.49951  0 
 116.8048  27.59521  0 
 116.8574  27.72243  0 
 116.8792  27.87233  0 
 116.8781  28.03624  0 
 116.8616  28.20513  0 
 116.8378  28.36995  0 
 116.8146  28.52177  0 
 116.7646  28.69274  0 
 116.6752  28.86295  0 
 116.5644  29.03169  0 
 116.4507  29.19813  0 
 116.3528  29.36152  0 
 116.2896  29.5214  0 
 116.2802  29.67716  0 
 116.3279  29.83822  0 
 116.4171  30.00795  0 
 116.5394  30.17727  0 
 116.6862  30.33693  0 
 116.8483  30.47779  0 
 117.0168  30.59053  0 
 117.182  30.66612  0 
 117.4198  30.71003  0 
 117.7015  30.70446  0 
 118.004  30.65409  0 
 118.3039  30.56374  0 
 118.5782  30.43888  0 
 118.5782  30.43888  0 
 118.6199  30.41072  0 
 118.661  30.38043  0 
 118.7019  30.34965  0 
 118.7431  30.31987  0 
 118.7849  30.29273  0 
 118.8278  30.26961  0 
 118.8721  30.25207  0 
 118.9529  30.24026  0 
 119.0388  30.24855  0 
 119.1284  30.26963  0 
 119.2199  30.2964  0 
 119.3115  30.3215  0 
 119.4016  30.33765  0 
 119.4883  30.33777  0 
 119.5746  30.31824  0 
 119.6587  30.28483  0 
 119.7412  30.24266  0 
 119.8227  30.19704  0 
 119.9044  30.15324  0 
 119.9869  30.11642  0 
 120.071  30.09184  0 
 120.2477  30.06964  0 
 120.4477  30.06571  0 
 120.6554  30.07998  0 
 120.8557  30.11229  0 
 121.033  30.16296  0 
 121.1718  30.23229  0 
 121.2564  30.32075  0 
 121.2722  30.40371  0 
 121.2515  30.50399  0 
 121.2076  30.61647  0 
 121.1538  30.73624  0 
 121.1041  30.85824  0 
 121.0721  30.9775  0 
 121.0717  31.08897  0 
 121.095  31.16125  0 
 121.1331  31.23281  0 
 121.1797  31.30371  0 
 121.2286  31.37426  0 
 121.2735  31.44446  0 
 121.3079  31.51443  0 
 121.3255  31.58453  0 
 121.3139  31.69869  0 
 121.2634  31.81109  0 
 121.1858  31.92266  0 
 121.0926  32.03423  0 
 120.9959  32.14672  0 
 120.9076  32.26122  0 
 120.8398  32.37878  0 
 120.8049  32.46103  0 
 120.7728  32.54442  0 
 120.7431  32.62863  0 
 120.7151  32.7136  0 
 120.6885  32.79897  0 
 120.6624  32.88454  0 
 120.6366  32.97004  0 
 120.6028  33.10376  0 
 120.5779  33.24078  0 
 120.5569  33.37918  0 
 120.5346  33.51684  0 
 120.5059  33.6518  0 
 120.4654  33.78199  0 
 120.4079  33.90524  0 
 120.3078  34.05826  0 
 120.1856  34.20724  0 
 120.0447  34.34966  0 
 119.8889  34.48307  0 
 119.7217  34.60512  0 
 119.5472  34.7133  0 
 119.3691  34.80525  0 
 119.1169  34.90242  0 
 118.8405  34.97356  0 
 118.5475  35.02012  0 
 118.2452  35.04359  0 
 117.9412  35.04554  0 
 117.6431  35.02784  0 
 117.358  34.9923  0 
 117.148  34.95692  0 
 116.931  34.91386  0 
 116.714  34.86062  0 
 116.5043  34.79486  0 
 116.3093  34.71426  0 
 116.136  34.61668  0 
 115.9919  34.50002  0 
 115.9247  34.41877  0 
 115.8707  34.32748  0 
 115.825  34.22963  0 
 115.7829  34.12864  0 
 115.7397  34.02792  0 
 115.6905  33.93084  0 
 115.6307  33.84066  0 
 115.5663  33.75703  0 
 115.4995  33.67147  0 
 115.4294  33.5871  0 
 115.3546  33.50698  0 
 115.2741  33.43409  0 
 115.1866  33.37159  0 
 115.091  33.32241  0 
 115.0324  33.30032  0 
 114.9703  33.28098  0 
 114.9057  33.26459  0 
 114.8397  33.2512  0 
 114.7731  33.24084  0 
 114.7069  33.23376  0 
 114.642  33.22991  0 
 114.5447  33.23097  0 
 114.4439  33.23993  0 
 114.3422  33.25604  0 
 114.2422  33.27864  0 
 114.1466  33.30699  0 
 114.0582  33.3403  0 
 113.9794  33.37796  0 
 113.8454  33.48284  0 
 113.7457  33.62492  0 
 113.675  33.79438  0 
 113.628  33.98127  0 
 113.5995  34.17561  0 
 113.5841  34.36716  0 
 113.5765  34.54591  0 
 113.5817  34.71354  0 
 113.6062  34.88326  0 
 113.6468  35.05397  0 
 113.7007  35.22449  0 
 113.7645  35.3937  0 
 113.8354  35.56039  0 
 113.91  35.72346  0 
 113.9985  35.86707  0 
 114.1162  36.00721  0 
 114.2467  36.145  0 
 114.3728  36.28159  0 
 114.4776  36.41833  0 
 114.5439  36.55667  0 
 114.554  36.69808  0 
 114.5327  36.76531  0 
 114.4954  36.83249  0 
 114.4483  36.89985  0 
 114.398  36.96759  0 
 114.3507  37.03616  0 
 114.313  37.10568  0 
 114.2915  37.17663  0 
 114.2863  37.23539  0 
 114.2878  37.29523  0 
 114.2948  37.35579  0 
 114.3059  37.41681  0 
 114.3196  37.47789  0 
 114.3346  37.53874  0 
 114.3495  37.59887  0 
 114.3505  37.60316  0 
 114.3516  37.60746  0 
 114.3526  37.61176  0 
 114.3537  37.61597  0 
 114.3547  37.62026  0 
 114.3558  37.62456  0 
 114.3568  37.62886  0 
 018  1 
 114.3568  37.62886  0 
STATION_SITUATION 
WEATHER_REGION:  0 
FILLAREA:  0 
NOTES_SYMBOL:  0 
WithProp_LINESYMBOLS:  0 
