diamond 14 /disk2/diamond/update/zhyb/haze020308.024
2015 2 3 6 0
LINES: 0
LINES_SYMBOL: 0
SYMBOLS: 0
CLOSED_CONTOURS: 10
5 130
   126.499    46.889     0.000   126.376    46.803     0.000   126.252    46.718     0.000   126.127    46.634     0.000
   126.000    46.552     0.000   125.869    46.473     0.000   125.733    46.398     0.000   125.592    46.327     0.000
   125.415    46.249     0.000   125.234    46.175     0.000   125.050    46.102     0.000   124.870    46.028     0.000
   124.697    45.950     0.000   124.534    45.864     0.000   124.387    45.768     0.000   124.239    45.644     0.000
   124.110    45.508     0.000   124.110    45.508     0.000   124.029    45.394     0.000   123.948    45.283     0.000
   123.864    45.173     0.000   123.775    45.067     0.000   123.680    44.967     0.000   123.577    44.872     0.000
   123.465    44.785     0.000   123.283    44.671     0.000   123.081    44.572     0.000   122.866    44.483     0.000
   122.642    44.399     0.000   122.415    44.315     0.000   122.188    44.229     0.000   121.968    44.134     0.000
   121.879    44.091     0.000   121.792    44.045     0.000   121.711    43.996     0.000   121.637    43.942     0.000
   121.570    43.884     0.000   121.512    43.821     0.000   121.465    43.751     0.000   121.438    43.695     0.000
   121.419    43.637     0.000   121.408    43.579     0.000   121.406    43.520     0.000   121.414    43.463     0.000
   121.432    43.410     0.000   121.462    43.360     0.000   121.516    43.306     0.000   121.586    43.260     0.000
   121.669    43.223     0.000   121.762    43.193     0.000   121.862    43.171     0.000   121.965    43.157     0.000
   122.069    43.149     0.000   122.218    43.149     0.000   122.363    43.160     0.000   122.504    43.177     0.000
   122.642    43.197     0.000   122.779    43.216     0.000   122.916    43.230     0.000   123.053    43.235     0.000
   123.259    43.221     0.000   123.468    43.188     0.000   123.677    43.145     0.000   123.885    43.098     0.000
   124.092    43.057     0.000   124.296    43.031     0.000   124.496    43.028     0.000   124.633    43.043     0.000
   124.768    43.070     0.000   124.902    43.109     0.000   125.034    43.156     0.000   125.167    43.209     0.000
   125.298    43.266     0.000   125.430    43.326     0.000   125.571    43.385     0.000   125.705    43.450     0.000
   125.865    43.543     0.000   126.016    43.645     0.000   126.159    43.755     0.000   126.296    43.871     0.000
   126.429    43.992     0.000   126.559    44.116     0.000   126.687    44.242     0.000   126.815    44.353     0.000
   126.941    44.466     0.000   127.065    44.579     0.000   127.187    44.695     0.000   127.306    44.813     0.000
   127.447    44.963     0.000   127.582    45.115     0.000   127.710    45.271     0.000   127.830    45.430     0.000
   127.941    45.591     0.000   128.042    45.754     0.000   128.133    45.919     0.000   128.171    45.995     0.000
   128.207    46.072     0.000   128.240    46.149     0.000   128.271    46.228     0.000   128.300    46.309     0.000
   128.327    46.391     0.000   128.352    46.475     0.000   128.371    46.544     0.000   128.386    46.614     0.000
   128.395    46.684     0.000   128.396    46.752     0.000   128.387    46.818     0.000   128.365    46.880     0.000
   128.328    46.938     0.000   128.288    46.980     0.000   128.238    47.019     0.000   128.181    47.054     0.000
   128.117    47.085     0.000   128.048    47.112     0.000   127.975    47.135     0.000   127.900    47.154     0.000
   127.790    47.173     0.000   127.678    47.183     0.000   127.567    47.185     0.000   127.456    47.181     0.000
   127.345    47.169     0.000   127.236    47.152     0.000   127.130    47.131     0.000   127.049    47.111     0.000
   126.970    47.089     0.000   126.892    47.066     0.000   126.816    47.041     0.000   126.740    47.015     0.000
   126.664    46.989     0.000   126.589    46.962     0.000
054 2
   126.589    46.962     0.000   126.499    46.889     0.000
7 137
   115.569    39.048     0.000   115.476    39.048     0.000   115.383    39.046     0.000   115.292    39.041     0.000
   115.203    39.033     0.000   115.116    39.020     0.000   115.032    39.001     0.000   114.952    38.974     0.000
   114.844    38.922     0.000   114.747    38.854     0.000   114.662    38.775     0.000   114.589    38.685     0.000
   114.532    38.589     0.000   114.490    38.488     0.000   114.464    38.385     0.000   114.456    38.275     0.000
   114.463    38.166     0.000   114.479    38.058     0.000   114.498    37.951     0.000   114.514    37.845     0.000
   114.522    37.740     0.000   114.516    37.635     0.000   114.507    37.586     0.000   114.494    37.536     0.000
   114.477    37.486     0.000   114.458    37.437     0.000   114.437    37.387     0.000   114.415    37.338     0.000
   114.392    37.289     0.000   114.357    37.193     0.000   114.346    37.132     0.000   114.335    37.071     0.000
   114.310    36.927     0.000   114.285    36.783     0.000   114.262    36.639     0.000   114.240    36.495     0.000
   114.219    36.349     0.000   114.201    36.203     0.000   114.184    36.055     0.000   114.175    35.962     0.000
   114.165    35.868     0.000   114.152    35.776     0.000   114.135    35.685     0.000   114.110    35.597     0.000
   114.078    35.512     0.000   114.035    35.431     0.000   113.995    35.374     0.000   113.950    35.319     0.000
   113.900    35.267     0.000   113.846    35.216     0.000   113.788    35.167     0.000   113.728    35.118     0.000
   113.667    35.071     0.000   113.614    35.031     0.000   113.562    34.991     0.000   113.513    34.949     0.000
   113.469    34.905     0.000   113.430    34.858     0.000   113.399    34.808     0.000   113.377    34.752     0.000
   113.370    34.723     0.000   113.366    34.693     0.000   113.365    34.663     0.000   113.368    34.634     0.000
   113.376    34.606     0.000   113.387    34.580     0.000   113.403    34.557     0.000   113.436    34.529     0.000
   113.477    34.508     0.000   113.526    34.493     0.000   113.578    34.485     0.000   113.634    34.482     0.000
   113.689    34.484     0.000   113.743    34.492     0.000   113.837    34.519     0.000   113.919    34.561     0.000
   113.990    34.615     0.000   114.052    34.679     0.000   114.109    34.749     0.000   114.161    34.823     0.000
   114.211    34.899     0.000   114.291    35.019     0.000   114.374    35.134     0.000   114.461    35.244     0.000
   114.554    35.347     0.000   114.656    35.442     0.000   114.767    35.528     0.000   114.890    35.602     0.000
   114.992    35.650     0.000   115.099    35.694     0.000   115.209    35.734     0.000   115.320    35.774     0.000
   115.429    35.814     0.000   115.535    35.858     0.000   115.633    35.907     0.000   115.791    36.013     0.000
   115.925    36.140     0.000   116.043    36.282     0.000   116.151    36.436     0.000   116.253    36.597     0.000
   116.355    36.762     0.000   116.355    36.762     0.000   116.408    36.858     0.000   116.457    36.954     0.000
   116.502    37.049     0.000   116.538    37.144     0.000   116.564    37.239     0.000   116.576    37.332     0.000
   116.572    37.424     0.000   116.552    37.509     0.000   116.517    37.593     0.000   116.470    37.676     0.000
   116.414    37.757     0.000   116.350    37.838     0.000   116.282    37.919     0.000   116.211    37.998     0.000
   116.165    38.049     0.000   116.121    38.101     0.000   116.080    38.153     0.000   116.044    38.206     0.000
   116.014    38.260     0.000   115.992    38.316     0.000   115.980    38.375     0.000   115.978    38.434     0.000
   115.983    38.494     0.000   115.992    38.555     0.000   116.001    38.615     0.000   116.006    38.673     0.000
   116.003    38.730     0.000   115.990    38.782     0.000   115.964    38.828     0.000   115.927    38.871     0.000
   115.881    38.911     0.000   115.826    38.948     0.000   115.767    38.984     0.000   115.703    39.018     0.000
   115.637    39.052     0.000
055 1
   115.637    39.052     0.000
7 85
    87.573    44.292     0.000    87.458    44.328     0.000    87.342    44.362     0.000    87.226    44.394     0.000
    87.110    44.424     0.000    86.993    44.449     0.000    86.877    44.470     0.000    86.761    44.485     0.000
    86.684    44.492     0.000    86.606    44.495     0.000    86.527    44.495     0.000    86.447    44.492     0.000
    86.364    44.485     0.000    86.279    44.475     0.000    86.191    44.461     0.000    86.146    44.452     0.000
    86.101    44.442     0.000    86.060    44.430     0.000    86.022    44.416     0.000    85.989    44.399     0.000
    85.964    44.379     0.000    85.948    44.355     0.000    85.942    44.337     0.000    85.941    44.318     0.000
    85.944    44.298     0.000    85.951    44.278     0.000    85.961    44.258     0.000    85.974    44.239     0.000
    85.989    44.222     0.000    86.024    44.194     0.000    86.066    44.173     0.000    86.114    44.157     0.000
    86.165    44.145     0.000    86.219    44.136     0.000    86.274    44.129     0.000    86.329    44.122     0.000
    86.403    44.112     0.000    86.474    44.099     0.000    86.544    44.085     0.000    86.612    44.070     0.000
    86.678    44.052     0.000    86.744    44.033     0.000    86.809    44.013     0.000    86.877    43.989     0.000
    86.945    43.963     0.000    87.012    43.935     0.000    87.076    43.906     0.000    87.139    43.874     0.000
    87.199    43.840     0.000    87.255    43.803     0.000    87.305    43.767     0.000    87.354    43.730     0.000
    87.402    43.692     0.000    87.452    43.656     0.000    87.504    43.621     0.000    87.561    43.589     0.000
    87.624    43.561     0.000    87.666    43.546     0.000    87.709    43.533     0.000    87.754    43.524     0.000
    87.799    43.518     0.000    87.842    43.516     0.000    87.884    43.520     0.000    87.924    43.528     0.000
    87.967    43.547     0.000    88.005    43.574     0.000    88.037    43.606     0.000    88.063    43.643     0.000
    88.082    43.683     0.000    88.094    43.724     0.000    88.098    43.765     0.000    88.092    43.818     0.000
    88.073    43.868     0.000    88.044    43.915     0.000    88.006    43.960     0.000    87.963    44.003     0.000
    87.915    44.044     0.000    87.865    44.084     0.000    87.826    44.113     0.000    87.788    44.141     0.000
    87.750    44.169     0.000    87.711    44.197     0.000    87.673    44.224     0.000    87.634    44.250     0.000
    87.596    44.277     0.000
054 1
    87.573    44.292     0.000
7 493
   123.218    42.093     0.000   123.167    42.090     0.000   123.117    42.088     0.000   123.066    42.084     0.000
   123.016    42.080     0.000   122.967    42.074     0.000   122.918    42.067     0.000   122.871    42.058     0.000
   122.752    42.025     0.000   122.639    41.979     0.000   122.532    41.923     0.000   122.532    41.923     0.000
   122.485    41.879     0.000   122.437    41.835     0.000   122.389    41.791     0.000   122.341    41.746     0.000
   122.293    41.701     0.000   122.245    41.655     0.000   122.197    41.609     0.000   122.082    41.498     0.000
   121.964    41.387     0.000   121.841    41.279     0.000   121.712    41.180     0.000   121.575    41.093     0.000
   121.428    41.021     0.000   121.270    40.970     0.000   121.036    40.934     0.000   120.785    40.928     0.000
   120.526    40.936     0.000   120.269    40.943     0.000   120.021    40.935     0.000   119.793    40.897     0.000
   119.594    40.816     0.000   119.455    40.708     0.000   119.335    40.574     0.000   119.227    40.427     0.000
   119.123    40.279     0.000   119.015    40.145     0.000   118.897    40.037     0.000   118.759    39.968     0.000
   118.630    39.948     0.000   118.486    39.957     0.000   118.332    39.989     0.000   118.171    40.038     0.000
   118.007    40.098     0.000   117.844    40.163     0.000   117.686    40.228     0.000   117.686    40.228     0.000
   117.650    40.248     0.000   117.614    40.268     0.000   117.577    40.288     0.000   117.541    40.307     0.000
   117.504    40.327     0.000   117.467    40.346     0.000   117.430    40.364     0.000   117.370    40.393     0.000
   117.370    40.393     0.000   117.304    40.420     0.000   117.238    40.448     0.000   117.171    40.473     0.000
   117.104    40.496     0.000   117.035    40.517     0.000   116.966    40.533     0.000   116.894    40.545     0.000
   116.894    40.545     0.000   116.846    40.550     0.000   116.846    40.550     0.000   116.797    40.554     0.000
   116.748    40.557     0.000   116.699    40.561     0.000   116.649    40.564     0.000   116.598    40.566     0.000
   116.546    40.567     0.000   116.494    40.567     0.000   116.435    40.565     0.000   116.376    40.562     0.000
   116.318    40.555     0.000   116.262    40.544     0.000   116.210    40.529     0.000   116.163    40.509     0.000
   116.122    40.483     0.000   116.099    40.462     0.000   116.078    40.438     0.000   116.061    40.413     0.000
   116.048    40.385     0.000   116.037    40.357     0.000   116.029    40.328     0.000   116.025    40.299     0.000
   116.023    40.273     0.000   116.023    40.247     0.000   116.025    40.222     0.000   116.027    40.196     0.000
   116.030    40.171     0.000   116.034    40.146     0.000   116.037    40.120     0.000   116.039    40.092     0.000
   116.040    40.063     0.000   116.040    40.034     0.000   116.039    40.005     0.000   116.036    39.977     0.000
   116.032    39.948     0.000   116.027    39.920     0.000   116.020    39.892     0.000   116.011    39.865     0.000
   116.002    39.838     0.000   115.991    39.811     0.000   115.980    39.784     0.000   115.968    39.757     0.000
   115.956    39.730     0.000   115.939    39.702     0.000   115.920    39.675     0.000   115.902    39.648     0.000
   115.883    39.621     0.000   115.848    39.589     0.000   115.813    39.564     0.000   115.776    39.540     0.000
   115.737    39.519     0.000   115.695    39.499     0.000   115.653    39.480     0.000   115.609    39.462     0.000
   115.565    39.444     0.000   115.455    39.414     0.000   115.266    39.376     0.000   115.074    39.349     0.000
   114.884    39.327     0.000   114.701    39.304     0.000   114.529    39.271     0.000   114.373    39.223     0.000
   114.238    39.153     0.000   114.146    39.077     0.000   114.071    38.986     0.000   114.010    38.882     0.000
   113.963    38.768     0.000   113.930    38.649     0.000   113.930    38.649     0.000   113.938    38.588     0.000
   113.946    38.528     0.000   113.953    38.468     0.000   113.961    38.408     0.000   113.969    38.348     0.000
   113.977    38.287     0.000   113.985    38.227     0.000   113.993    38.161     0.000   114.002    38.095     0.000
   114.011    38.029     0.000   114.021    37.963     0.000   114.030    37.897     0.000   114.040    37.831     0.000
   114.050    37.765     0.000   114.066    37.665     0.000   114.082    37.566     0.000   114.097    37.467     0.000
   114.110    37.368     0.000   114.121    37.268     0.000   114.127    37.169     0.000   114.129    37.068     0.000
   114.117    36.875     0.000   114.085    36.681     0.000   114.035    36.489     0.000   113.968    36.301     0.000
   113.886    36.119     0.000   113.789    35.944     0.000   113.679    35.779     0.000   113.579    35.651     0.000
   113.470    35.529     0.000   113.350    35.413     0.000   113.220    35.302     0.000   113.077    35.194     0.000
   112.922    35.089     0.000   112.753    34.985     0.000   112.610    34.905     0.000   112.462    34.831     0.000
   112.312    34.768     0.000   112.163    34.721     0.000   112.018    34.695     0.000   111.881    34.697     0.000
   111.755    34.732     0.000   111.670    34.780     0.000   111.591    34.842     0.000   111.514    34.913     0.000
   111.437    34.986     0.000   111.358    35.056     0.000   111.274    35.116     0.000   111.184    35.159     0.000
   111.107    35.178     0.000   111.026    35.187     0.000   110.941    35.186     0.000   110.853    35.178     0.000
   110.763    35.165     0.000   110.673    35.150     0.000   110.582    35.134     0.000   110.412    35.109     0.000
   110.246    35.089     0.000   110.082    35.072     0.000   109.920    35.056     0.000   109.761    35.038     0.000
   109.603    35.018     0.000   109.445    34.993     0.000   109.323    34.968     0.000   109.200    34.940     0.000
   109.078    34.908     0.000   108.956    34.874     0.000   108.835    34.838     0.000   108.713    34.801     0.000
   108.592    34.763     0.000   108.398    34.741     0.000   108.199    34.727     0.000   108.080    34.723     0.000
   107.961    34.719     0.000   107.844    34.710     0.000   107.732    34.692     0.000   107.626    34.661     0.000
   107.530    34.614     0.000   107.445    34.546     0.000   107.416    34.512     0.000   107.390    34.477     0.000
   107.368    34.439     0.000   107.352    34.402     0.000   107.342    34.366     0.000   107.340    34.333     0.000
   107.347    34.304     0.000   107.372    34.271     0.000   107.413    34.247     0.000   107.468    34.229     0.000
   107.533    34.217     0.000   107.604    34.208     0.000   107.679    34.201     0.000   107.755    34.195     0.000
   107.949    34.172     0.000   108.128    34.145     0.000   108.294    34.116     0.000   108.452    34.090     0.000
   108.603    34.072     0.000   108.750    34.065     0.000   108.897    34.073     0.000   109.096    34.111     0.000
   109.298    34.173     0.000   109.504    34.249     0.000   109.713    34.327     0.000   109.925    34.397     0.000
   110.138    34.450     0.000   110.351    34.474     0.000   110.498    34.470     0.000   110.644    34.448     0.000
   110.789    34.412     0.000   110.931    34.362     0.000   111.070    34.301     0.000   111.205    34.231     0.000
   111.336    34.152     0.000   111.465    34.065     0.000   111.587    33.971     0.000   111.697    33.872     0.000
   111.794    33.767     0.000   111.875    33.658     0.000   111.938    33.544     0.000   111.979    33.426     0.000
   111.998    33.287     0.000   111.991    33.144     0.000   111.963    33.000     0.000   111.919    32.853     0.000
   111.864    32.707     0.000   111.802    32.562     0.000   111.739    32.420     0.000   111.689    32.305     0.000
   111.641    32.192     0.000   111.592    32.081     0.000   111.542    31.971     0.000   111.489    31.861     0.000
   111.434    31.751     0.000   111.374    31.641     0.000   111.297    31.508     0.000   111.218    31.373     0.000
   111.145    31.238     0.000   111.083    31.101     0.000   111.039    30.963     0.000   111.020    30.825     0.000
   111.031    30.685     0.000   111.048    30.622     0.000   111.071    30.559     0.000   111.102    30.497     0.000
   111.138    30.438     0.000   111.180    30.383     0.000   111.228    30.331     0.000   111.279    30.285     0.000
   111.389    30.212     0.000   111.512    30.157     0.000   111.645    30.118     0.000   111.786    30.091     0.000
   111.934    30.075     0.000   112.085    30.065     0.000   112.239    30.060     0.000   112.420    30.058     0.000
   112.599    30.061     0.000   112.773    30.071     0.000   112.942    30.092     0.000   113.103    30.126     0.000
   113.256    30.177     0.000   113.397    30.246     0.000   113.491    30.308     0.000   113.578    30.379     0.000
   113.658    30.459     0.000   113.732    30.545     0.000   113.797    30.636     0.000   113.855    30.732     0.000
   113.905    30.830     0.000   113.974    31.011     0.000   114.019    31.195     0.000   114.043    31.383     0.000
   114.051    31.573     0.000   114.047    31.766     0.000   114.034    31.961     0.000   114.016    32.157     0.000
   113.997    32.373     0.000   113.983    32.589     0.000   113.980    32.803     0.000   113.996    33.014     0.000
   114.035    33.219     0.000   114.104    33.418     0.000   114.210    33.607     0.000   114.281    33.700     0.000
   114.363    33.789     0.000   114.454    33.873     0.000   114.553    33.948     0.000   114.659    34.014     0.000
   114.772    34.069     0.000   114.889    34.112     0.000   115.049    34.148     0.000   115.214    34.163     0.000
   115.384    34.160     0.000   115.557    34.143     0.000   115.732    34.116     0.000   115.909    34.082     0.000
   116.087    34.043     0.000   116.271    34.034     0.000   116.451    34.031     0.000   116.627    34.033     0.000
   116.798    34.044     0.000   116.798    34.044     0.000   116.870    34.065     0.000   116.942    34.086     0.000
   117.013    34.108     0.000   117.084    34.130     0.000   117.154    34.154     0.000   117.223    34.179     0.000
   117.291    34.207     0.000   117.382    34.247     0.000   117.471    34.291     0.000   117.558    34.338     0.000
   117.643    34.388     0.000   117.727    34.440     0.000   117.810    34.494     0.000   117.891    34.549     0.000
   117.965    34.602     0.000   118.038    34.656     0.000   118.108    34.712     0.000   118.175    34.771     0.000
   118.237    34.833     0.000   118.293    34.899     0.000   118.343    34.969     0.000   118.406    35.088     0.000
   118.449    35.216     0.000   118.471    35.348     0.000   118.472    35.481     0.000   118.448    35.612     0.000
   118.401    35.737     0.000   118.327    35.851     0.000   118.286    35.897     0.000   118.241    35.940     0.000
   118.192    35.981     0.000   118.140    36.018     0.000   118.085    36.051     0.000   118.028    36.081     0.000
   117.970    36.107     0.000   117.886    36.137     0.000   117.800    36.160     0.000   117.711    36.176     0.000
   117.617    36.187     0.000   117.519    36.192     0.000   117.414    36.192     0.000   117.301    36.189     0.000
   117.243    36.186     0.000   117.185    36.185     0.000   117.129    36.185     0.000   117.077    36.190     0.000
   117.033    36.200     0.000   116.997    36.217     0.000   116.973    36.243     0.000   116.965    36.258     0.000
   116.961    36.276     0.000   116.959    36.294     0.000   116.960    36.313     0.000   116.964    36.333     0.000
   116.969    36.352     0.000   116.977    36.371     0.000   116.993    36.396     0.000   117.012    36.419     0.000
   117.035    36.439     0.000   117.061    36.458     0.000   117.089    36.474     0.000   117.119    36.488     0.000
   117.150    36.501     0.000   117.245    36.533     0.000   117.343    36.555     0.000   117.444    36.569     0.000
   117.547    36.575     0.000   117.650    36.576     0.000   117.754    36.573     0.000   117.858    36.568     0.000
   118.023    36.558     0.000   118.187    36.546     0.000   118.349    36.532     0.000   118.510    36.518     0.000
   118.670    36.502     0.000   118.830    36.485     0.000   118.989    36.468     0.000   119.060    36.474     0.000
   119.127    36.485     0.000   119.190    36.502     0.000   119.248    36.525     0.000   119.298    36.557     0.000
   119.348    36.605     0.000   119.385    36.663     0.000   119.411    36.728     0.000   119.425    36.797     0.000
   119.426    36.866     0.000   119.415    36.933     0.000   119.390    36.994     0.000   119.344    37.057     0.000
   119.281    37.109     0.000   119.205    37.152     0.000   119.118    37.187     0.000   119.022    37.217     0.000
   118.921    37.243     0.000   118.817    37.267     0.000   118.723    37.289     0.000   118.618    37.314     0.000
   118.514    37.339     0.000   118.413    37.367     0.000   118.321    37.400     0.000   118.239    37.438     0.000
   118.171    37.483     0.000   118.121    37.537     0.000   118.095    37.585     0.000   118.080    37.639     0.000
   118.074    37.697     0.000   118.074    37.758     0.000   118.080    37.822     0.000   118.090    37.888     0.000
   118.101    37.954     0.000   118.108    38.115     0.000   118.131    38.281     0.000   118.164    38.449     0.000
   118.203    38.619     0.000   118.236    38.717     0.000   118.381    38.942     0.000   118.604    39.130     0.000
   118.888    39.288     0.000   119.219    39.422     0.000   119.579    39.539     0.000   119.953    39.647     0.000
   120.325    39.751     0.000   120.670    39.855     0.000   121.001    39.963     0.000   121.320    40.073     0.000
   121.630    40.186     0.000   121.933    40.300     0.000   122.232    40.415     0.000   122.530    40.531     0.000
   122.745    40.637     0.000   122.960    40.744     0.000   123.175    40.852     0.000   123.391    40.960     0.000
   123.490    41.035     0.000   123.585    41.119     0.000   123.675    41.213     0.000   123.744    41.297     0.000
   123.806    41.386     0.000   123.855    41.477     0.000   123.889    41.568     0.000   123.903    41.656     0.000
   123.893    41.738     0.000   123.854    41.812     0.000   123.825    41.843     0.000   123.789    41.873     0.000
   123.748    41.900     0.000   123.702    41.926     0.000   123.653    41.951     0.000   123.602    41.975     0.000
   123.550    41.999     0.000   123.486    42.018     0.000   123.420    42.034     0.000   123.352    42.048     0.000
   123.284    42.061     0.000
054 1
   123.218    42.093     0.000
7 107
   113.055    33.461     0.000   113.016    33.471     0.000   112.978    33.482     0.000   112.939    33.491     0.000
   112.901    33.498     0.000   112.864    33.504     0.000   112.827    33.506     0.000   112.790    33.506     0.000
   112.718    33.494     0.000   112.649    33.469     0.000   112.583    33.432     0.000   112.522    33.387     0.000
   112.465    33.335     0.000   112.413    33.279     0.000   112.366    33.220     0.000   112.319    33.148     0.000
   112.278    33.076     0.000   112.245    33.003     0.000   112.217    32.929     0.000   112.193    32.855     0.000
   112.173    32.780     0.000   112.155    32.704     0.000   112.138    32.621     0.000   112.121    32.538     0.000
   112.105    32.454     0.000   112.087    32.370     0.000   112.068    32.287     0.000   112.045    32.205     0.000
   112.019    32.125     0.000   111.967    31.998     0.000   111.904    31.874     0.000   111.833    31.754     0.000
   111.753    31.635     0.000   111.668    31.516     0.000   111.579    31.397     0.000   111.487    31.277     0.000
   111.431    31.202     0.000   111.378    31.127     0.000   111.330    31.050     0.000   111.290    30.972     0.000
   111.262    30.893     0.000   111.247    30.812     0.000   111.249    30.731     0.000   111.256    30.694     0.000
   111.267    30.658     0.000   111.281    30.623     0.000   111.299    30.588     0.000   111.320    30.556     0.000
   111.345    30.525     0.000   111.373    30.497     0.000   111.422    30.459     0.000   111.477    30.428     0.000
   111.537    30.404     0.000   111.601    30.386     0.000   111.667    30.373     0.000   111.735    30.366     0.000
   111.803    30.364     0.000   111.930    30.374     0.000   112.052    30.399     0.000   112.170    30.438     0.000
   112.283    30.489     0.000   112.392    30.550     0.000   112.496    30.618     0.000   112.596    30.692     0.000
   112.705    30.782     0.000   112.808    30.876     0.000   112.902    30.975     0.000   112.987    31.079     0.000
   113.062    31.187     0.000   113.127    31.299     0.000   113.179    31.415     0.000   113.201    31.476     0.000
   113.220    31.537     0.000   113.237    31.599     0.000   113.251    31.661     0.000   113.265    31.724     0.000
   113.277    31.788     0.000   113.289    31.851     0.000   113.289    31.851     0.000   113.298    31.895     0.000
   113.307    31.940     0.000   113.317    31.984     0.000   113.326    32.029     0.000   113.335    32.073     0.000
   113.344    32.117     0.000   113.354    32.161     0.000   113.370    32.240     0.000   113.386    32.319     0.000
   113.401    32.399     0.000   113.415    32.479     0.000   113.427    32.559     0.000   113.436    32.642     0.000
   113.443    32.726     0.000   113.447    32.811     0.000   113.445    32.896     0.000   113.437    32.981     0.000
   113.421    33.064     0.000   113.395    33.142     0.000   113.358    33.215     0.000   113.308    33.281     0.000
   113.280    33.308     0.000   113.250    33.334     0.000   113.218    33.358     0.000   113.184    33.382     0.000
   113.149    33.405     0.000   113.113    33.427     0.000   113.076    33.449     0.000
055 1
   113.055    33.461     0.000
4 57
   107.319    33.312     0.000   107.371    33.317     0.000   107.423    33.323     0.000   107.476    33.328     0.000
   107.531    33.333     0.000   107.588    33.339     0.000   107.649    33.343     0.000   107.712    33.348     0.000
   107.790    33.353     0.000   107.869    33.355     0.000   107.945    33.353     0.000   108.016    33.344     0.000
   108.077    33.328     0.000   108.124    33.300     0.000   108.154    33.261     0.000   108.159    33.244     0.000
   108.162    33.225     0.000   108.163    33.206     0.000   108.162    33.186     0.000   108.158    33.166     0.000
   108.152    33.146     0.000   108.144    33.127     0.000   108.114    33.080     0.000   108.072    33.041     0.000
   108.022    33.009     0.000   107.965    32.983     0.000   107.903    32.962     0.000   107.839    32.946     0.000
   107.775    32.933     0.000   107.680    32.919     0.000   107.588    32.911     0.000   107.497    32.908     0.000
   107.405    32.908     0.000   107.310    32.912     0.000   107.209    32.919     0.000   107.101    32.926     0.000
   107.049    32.930     0.000   106.996    32.935     0.000   106.946    32.942     0.000   106.901    32.952     0.000
   106.861    32.967     0.000   106.830    32.987     0.000   106.810    33.013     0.000   106.804    33.032     0.000
   106.802    33.053     0.000   106.804    33.075     0.000   106.809    33.098     0.000   106.816    33.120     0.000
   106.826    33.142     0.000   106.839    33.163     0.000   106.880    33.209     0.000   106.932    33.243     0.000
   106.992    33.267     0.000   107.060    33.283     0.000   107.133    33.293     0.000   107.210    33.299     0.000
   107.289    33.303     0.000
054 1
   107.319    33.312     0.000
4 85
    87.742    44.560     0.000    87.464    44.640     0.000    87.184    44.719     0.000    86.900    44.796     0.000
    86.611    44.872     0.000    86.315    44.945     0.000    86.011    45.016     0.000    85.697    45.083     0.000
    85.395    45.140     0.000    85.088    45.187     0.000    84.782    45.215     0.000    84.481    45.217     0.000
    84.192    45.184     0.000    83.919    45.110     0.000    83.669    44.987     0.000    83.598    44.938     0.000
    83.532    44.885     0.000    83.474    44.829     0.000    83.426    44.770     0.000    83.392    44.711     0.000
    83.374    44.652     0.000    83.374    44.594     0.000    83.399    44.531     0.000    83.448    44.472     0.000
    83.515    44.417     0.000    83.598    44.366     0.000    83.692    44.321     0.000    83.793    44.282     0.000
    83.897    44.249     0.000    84.087    44.206     0.000    84.274    44.181     0.000    84.460    44.169     0.000
    84.644    44.167     0.000    84.826    44.168     0.000    85.009    44.169     0.000    85.191    44.164     0.000
    85.338    44.153     0.000    85.486    44.136     0.000    85.632    44.113     0.000    85.779    44.084     0.000
    85.924    44.051     0.000    86.068    44.014     0.000    86.211    43.973     0.000    86.302    43.945     0.000
    86.391    43.915     0.000    86.479    43.884     0.000    86.564    43.849     0.000    86.645    43.812     0.000
    86.722    43.772     0.000    86.795    43.728     0.000    86.919    43.634     0.000    87.031    43.531     0.000
    87.138    43.422     0.000    87.246    43.314     0.000    87.364    43.210     0.000    87.499    43.116     0.000
    87.658    43.035     0.000    87.765    42.997     0.000    87.879    42.966     0.000    87.995    42.945     0.000
    88.111    42.934     0.000    88.220    42.937     0.000    88.320    42.953     0.000    88.407    42.985     0.000
    88.472    43.030     0.000    88.523    43.088     0.000    88.562    43.155     0.000    88.589    43.230     0.000
    88.607    43.311     0.000    88.617    43.393     0.000    88.620    43.477     0.000    88.616    43.584     0.000
    88.602    43.686     0.000    88.579    43.785     0.000    88.546    43.880     0.000    88.501    43.970     0.000
    88.446    44.055     0.000    88.380    44.137     0.000    88.324    44.193     0.000    88.263    44.247     0.000
    88.198    44.300     0.000    88.129    44.351     0.000    88.057    44.401     0.000    87.984    44.450     0.000
    87.909    44.499     0.000
053 1
    87.742    44.560     0.000
4 50
   102.406    36.978     0.000   102.277    37.030     0.000   102.148    37.079     0.000   102.017    37.123     0.000
   101.886    37.160     0.000   101.753    37.186     0.000   101.619    37.199     0.000   101.482    37.198     0.000
   101.382    37.185     0.000   101.283    37.164     0.000   101.186    37.134     0.000   101.095    37.096     0.000
   101.010    37.049     0.000   100.933    36.994     0.000   100.868    36.931     0.000   100.813    36.859     0.000
   100.771    36.782     0.000   100.743    36.699     0.000   100.727    36.614     0.000   100.726    36.529     0.000
   100.737    36.444     0.000   100.761    36.362     0.000   100.808    36.269     0.000   100.871    36.183     0.000
   100.949    36.105     0.000   101.039    36.035     0.000   101.141    35.974     0.000   101.251    35.923     0.000
   101.367    35.881     0.000   101.487    35.851     0.000   101.609    35.833     0.000   101.732    35.825     0.000
   101.854    35.830     0.000   101.973    35.847     0.000   102.088    35.877     0.000   102.196    35.921     0.000
   102.288    35.972     0.000   102.371    36.034     0.000   102.445    36.104     0.000   102.508    36.181     0.000
   102.559    36.263     0.000   102.596    36.348     0.000   102.619    36.435     0.000   102.625    36.509     0.000
   102.622    36.582     0.000   102.610    36.655     0.000   102.591    36.728     0.000   102.568    36.802     0.000
   102.541    36.875     0.000   102.513    36.948     0.000
053 1
   102.406    36.978     0.000
4 400
   127.545    48.664     0.000   127.273    48.709     0.000   127.000    48.750     0.000   126.727    48.785     0.000
   126.452    48.811     0.000   126.177    48.825     0.000   125.901    48.825     0.000   125.625    48.807     0.000
   125.294    48.760     0.000   124.970    48.686     0.000   124.659    48.587     0.000   124.368    48.465     0.000
   124.104    48.322     0.000   123.874    48.161     0.000   123.684    47.983     0.000   123.527    47.775     0.000
   123.412    47.553     0.000   123.326    47.323     0.000   123.258    47.087     0.000   123.195    46.849     0.000
   123.126    46.612     0.000   123.040    46.381     0.000   122.906    46.120     0.000   122.742    45.869     0.000
   122.558    45.623     0.000   122.363    45.380     0.000   122.165    45.138     0.000   121.975    44.893     0.000
   121.801    44.643     0.000   121.666    44.416     0.000   121.543    44.185     0.000   121.427    43.952     0.000
   121.310    43.721     0.000   121.187    43.492     0.000   121.051    43.268     0.000   120.895    43.051     0.000
   120.709    42.838     0.000   120.499    42.636     0.000   120.267    42.445     0.000   120.017    42.267     0.000
   119.750    42.103     0.000   119.470    41.954     0.000   119.179    41.821     0.000   119.025    41.758     0.000
   118.869    41.699     0.000   118.710    41.643     0.000   118.551    41.590     0.000   118.391    41.539     0.000
   118.230    41.488     0.000   118.068    41.439     0.000   117.765    41.344     0.000   117.461    41.249     0.000
   117.159    41.153     0.000   116.858    41.058     0.000   116.557    40.962     0.000   116.259    40.867     0.000
   115.962    40.773     0.000   115.733    40.700     0.000   115.506    40.626     0.000   115.281    40.549     0.000
   115.057    40.467     0.000   114.836    40.377     0.000   114.617    40.278     0.000   114.402    40.168     0.000
   114.289    40.104     0.000   114.180    40.037     0.000   114.078    39.965     0.000   113.986    39.889     0.000
   113.906    39.808     0.000   113.842    39.722     0.000   113.796    39.632     0.000   113.770    39.532     0.000
   113.760    39.428     0.000   113.760    39.322     0.000   113.764    39.214     0.000   113.765    39.105     0.000
   113.756    38.998     0.000   113.732    38.894     0.000   113.693    38.802     0.000   113.638    38.715     0.000
   113.569    38.633     0.000   113.489    38.556     0.000   113.400    38.486     0.000   113.304    38.423     0.000
   113.203    38.368     0.000   113.070    38.311     0.000   112.934    38.263     0.000   112.795    38.220     0.000
   112.654    38.177     0.000   112.513    38.130     0.000   112.372    38.073     0.000   112.232    38.002     0.000
   112.138    37.943     0.000   112.050    37.878     0.000   111.971    37.807     0.000   111.907    37.733     0.000
   111.860    37.658     0.000   111.835    37.584     0.000   111.837    37.513     0.000   111.866    37.448     0.000
   111.919    37.388     0.000   111.993    37.334     0.000   112.083    37.286     0.000   112.186    37.245     0.000
   112.296    37.211     0.000   112.410    37.185     0.000   112.529    37.166     0.000   112.646    37.153     0.000
   112.759    37.141     0.000   112.865    37.128     0.000   112.961    37.110     0.000   113.047    37.084     0.000
   113.118    37.045     0.000   113.205    36.943     0.000   113.247    36.807     0.000   113.248    36.648     0.000
   113.213    36.480     0.000   113.144    36.315     0.000   113.046    36.165     0.000   112.922    36.044     0.000
   112.804    35.972     0.000   112.673    35.922     0.000   112.532    35.892     0.000   112.384    35.874     0.000
   112.231    35.866     0.000   112.075    35.862     0.000   111.919    35.859     0.000   111.721    35.848     0.000
   111.527    35.833     0.000   111.336    35.816     0.000   111.148    35.800     0.000   110.962    35.787     0.000
   110.777    35.782     0.000   110.593    35.786     0.000   110.393    35.803     0.000   110.193    35.835     0.000
   109.995    35.879     0.000   109.798    35.934     0.000   109.604    36.000     0.000   109.414    36.075     0.000
   109.227    36.159     0.000   109.036    36.257     0.000   108.852    36.363     0.000   108.679    36.478     0.000
   108.517    36.602     0.000   108.371    36.735     0.000   108.240    36.878     0.000   108.129    37.031     0.000
   108.032    37.207     0.000   107.959    37.392     0.000   107.910    37.585     0.000   107.883    37.781     0.000
   107.879    37.978     0.000   107.897    38.175     0.000   107.936    38.367     0.000   108.005    38.581     0.000
   108.092    38.789     0.000   108.188    38.995     0.000   108.284    39.202     0.000   108.370    39.412     0.000
   108.437    39.629     0.000   108.475    39.857     0.000   108.478    40.038     0.000   108.458    40.221     0.000
   108.413    40.400     0.000   108.340    40.570     0.000   108.239    40.725     0.000   108.109    40.860     0.000
   107.947    40.967     0.000   107.804    41.028     0.000   107.645    41.071     0.000   107.475    41.098     0.000
   107.298    41.108     0.000   107.118    41.105     0.000   106.939    41.088     0.000   106.764    41.059     0.000
   106.475    40.982     0.000   106.209    40.876     0.000   105.965    40.745     0.000   105.741    40.594     0.000
   105.533    40.426     0.000   105.341    40.246     0.000   105.162    40.058     0.000   104.982    39.851     0.000
   104.816    39.640     0.000   104.668    39.425     0.000   104.537    39.205     0.000   104.428    38.979     0.000
   104.342    38.749     0.000   104.280    38.514     0.000   104.257    38.380     0.000   104.242    38.244     0.000
   104.236    38.107     0.000   104.238    37.970     0.000   104.247    37.834     0.000   104.265    37.698     0.000
   104.290    37.563     0.000   104.348    37.341     0.000   104.421    37.123     0.000   104.507    36.907     0.000
   104.599    36.692     0.000   104.692    36.478     0.000   104.783    36.262     0.000   104.867    36.044     0.000
   104.947    35.803     0.000   105.018    35.560     0.000   105.083    35.317     0.000   105.150    35.075     0.000
   105.220    34.837     0.000   105.300    34.603     0.000   105.393    34.376     0.000   105.525    34.116     0.000
   105.680    33.865     0.000   105.853    33.619     0.000   106.042    33.377     0.000   106.243    33.135     0.000
   106.453    32.891     0.000   106.670    32.641     0.000   106.792    32.499     0.000   106.918    32.359     0.000
   107.047    32.227     0.000   107.183    32.107     0.000   107.326    32.004     0.000   107.480    31.923     0.000
   107.645    31.869     0.000   107.774    31.848     0.000   107.909    31.843     0.000   108.049    31.850     0.000
   108.191    31.868     0.000   108.333    31.894     0.000   108.475    31.926     0.000   108.614    31.962     0.000
   108.765    32.006     0.000   108.912    32.050     0.000   109.058    32.094     0.000   109.203    32.136     0.000
   109.350    32.175     0.000   109.500    32.210     0.000   109.655    32.239     0.000   109.808    32.259     0.000
   109.964    32.271     0.000   110.120    32.271     0.000   110.273    32.258     0.000   110.420    32.230     0.000
   110.557    32.184     0.000   110.683    32.118     0.000   110.746    32.072     0.000   110.804    32.020     0.000
   110.856    31.963     0.000   110.902    31.902     0.000   110.939    31.837     0.000   110.969    31.770     0.000
   110.990    31.701     0.000   111.002    31.632     0.000   111.006    31.562     0.000   111.003    31.492     0.000
   110.995    31.422     0.000   110.982    31.352     0.000   110.966    31.282     0.000   110.949    31.214     0.000
   110.935    31.163     0.000   110.921    31.113     0.000   110.908    31.063     0.000   110.894    31.013     0.000
   110.881    30.963     0.000   110.869    30.912     0.000   110.858    30.860     0.000   110.839    30.743     0.000
   110.827    30.623     0.000   110.825    30.503     0.000   110.835    30.385     0.000   110.858    30.271     0.000
   110.896    30.163     0.000   110.950    30.064     0.000   111.054    29.946     0.000   111.186    29.846     0.000
   111.342    29.764     0.000   111.515    29.699     0.000   111.701    29.649     0.000   111.893    29.613     0.000
   112.085    29.590     0.000   112.295    29.579     0.000   112.500    29.580     0.000   112.700    29.595     0.000
   112.897    29.622     0.000   113.090    29.661     0.000   113.281    29.710     0.000   113.471    29.769     0.000
   113.656    29.836     0.000   113.837    29.912     0.000   114.013    29.998     0.000   114.181    30.094     0.000
   114.338    30.202     0.000   114.482    30.322     0.000   114.611    30.455     0.000   114.700    30.568     0.000
   114.778    30.688     0.000   114.843    30.814     0.000   114.897    30.945     0.000   114.938    31.079     0.000
   114.967    31.215     0.000   114.982    31.351     0.000   114.985    31.453     0.000   114.985    31.555     0.000
   114.987    31.656     0.000   114.993    31.757     0.000   115.009    31.857     0.000   115.038    31.957     0.000
   115.086    32.057     0.000   115.146    32.145     0.000   115.219    32.228     0.000   115.304    32.303     0.000
   115.395    32.365     0.000   115.490    32.412     0.000   115.585    32.438     0.000   115.676    32.440     0.000
   115.749    32.420     0.000   115.818    32.382     0.000   115.885    32.331     0.000   115.950    32.270     0.000
   116.015    32.204     0.000   116.081    32.135     0.000   116.150    32.068     0.000   116.249    31.987     0.000
   116.353    31.917     0.000   116.463    31.858     0.000   116.576    31.812     0.000   116.691    31.780     0.000
   116.807    31.763     0.000   116.922    31.761     0.000   117.079    31.786     0.000   117.230    31.839     0.000
   117.375    31.915     0.000   117.512    32.011     0.000   117.640    32.122     0.000   117.757    32.243     0.000
   117.862    32.372     0.000   118.002    32.581     0.000   118.115    32.795     0.000   118.206    33.013     0.000
   118.284    33.232     0.000   118.356    33.451     0.000   118.428    33.669     0.000   118.508    33.885     0.000
   118.655    34.201     0.000   118.832    34.510     0.000   119.032    34.812     0.000   119.250    35.110     0.000
   119.481    35.404     0.000   119.718    35.697     0.000   119.956    35.990     0.000   120.165    36.253     0.000
   120.370    36.517     0.000   120.574    36.782     0.000   120.777    37.046     0.000   120.981    37.310     0.000
   121.187    37.574     0.000   121.397    37.836     0.000   121.747    38.257     0.000   122.109    38.673     0.000
   122.482    39.086     0.000   122.867    39.495     0.000   123.261    39.899     0.000   123.663    40.301     0.000
   124.073    40.699     0.000   124.350    40.962     0.000   124.631    41.223     0.000   124.917    41.481     0.000
   125.208    41.738     0.000   125.507    41.991     0.000   125.814    42.240     0.000   126.130    42.486     0.000
   126.450    42.724     0.000   126.776    42.961     0.000   127.100    43.198     0.000   127.418    43.439     0.000
   127.725    43.685     0.000   128.015    43.941     0.000   128.283    44.208     0.000   128.528    44.494     0.000
   128.744    44.794     0.000   128.929    45.107     0.000   129.084    45.431     0.000   129.208    45.766     0.000
   129.299    46.109     0.000   129.358    46.461     0.000   129.374    46.643     0.000   129.379    46.826     0.000
   129.370    47.006     0.000   129.343    47.182     0.000   129.296    47.353     0.000   129.225    47.516     0.000
   129.129    47.670     0.000   128.968    47.848     0.000   128.766    48.011     0.000   128.531    48.160     0.000
   128.269    48.298     0.000   127.986    48.428     0.000   127.689    48.552     0.000   127.384    48.672     0.000

053 1
   127.545    48.664     0.000
4 64
   106.098    39.431     0.000   105.985    39.392     0.000   105.874    39.352     0.000   105.766    39.310     0.000
   105.664    39.264     0.000   105.570    39.213     0.000   105.485    39.156     0.000   105.411    39.093     0.000
   105.358    39.033     0.000   105.313    38.968     0.000   105.276    38.898     0.000   105.246    38.824     0.000
   105.222    38.747     0.000   105.203    38.667     0.000   105.188    38.584     0.000   105.173    38.456     0.000
   105.168    38.327     0.000   105.176    38.201     0.000   105.199    38.080     0.000   105.239    37.968     0.000
   105.299    37.869     0.000   105.382    37.785     0.000   105.485    37.721     0.000   105.606    37.674     0.000
   105.743    37.642     0.000   105.891    37.624     0.000   106.046    37.620     0.000   106.203    37.627     0.000
   106.359    37.645     0.000   106.555    37.683     0.000   106.740    37.737     0.000   106.911    37.807     0.000
   107.068    37.892     0.000   107.207    37.992     0.000   107.326    38.107     0.000   107.424    38.235     0.000
   107.491    38.360     0.000   107.538    38.492     0.000   107.563    38.628     0.000   107.565    38.765     0.000
   107.542    38.899     0.000   107.493    39.028     0.000   107.416    39.148     0.000   107.372    39.197     0.000
   107.323    39.244     0.000   107.269    39.287     0.000   107.211    39.325     0.000   107.149    39.359     0.000
   107.084    39.387     0.000   107.015    39.409     0.000   106.928    39.428     0.000   106.838    39.438     0.000
   106.746    39.442     0.000   106.652    39.441     0.000   106.558    39.436     0.000   106.464    39.431     0.000
   106.371    39.426     0.000   106.359    39.426     0.000   106.346    39.425     0.000   106.334    39.425     0.000
   106.321    39.424     0.000   106.309    39.424     0.000   106.296    39.424     0.000   106.284    39.423     0.000

054 1
   106.098    39.431     0.000
STATION_SITUATION
50646 53
50655 53
50656 53
50658 53
50659 53
50742 53
50745 53
50749 53
50750 53
50755 53
50756 53
50758 53
50767 53
50774 53
50842 53
50844 53
50851 53
50852 54
50853 54
50854 53
50858 54
50859 54
50861 54
50862 54
50867 54
50936 53
50939 53
50940 53
50945 54
50946 54
50948 54
50949 54
50950 54
50953 54
50954 54
50955 54
50956 54
50958 54
50960 54
50962 54
50963 53
50964 53
50965 53
50968 53
51346 53
51352 53
51356 54
51357 53
51358 53
51359 54
51365 54
51367 54
51368 54
51377 53
51463 54
51465 53
51470 53
51477 53
52607 53
52853 53
52855 53
52862 53
52863 53
52866 53
52868 53
52869 53
52874 53
52875 53
52877 53
52895 53
52963 53
52993 53
53419 53
53420 53
53424 53
53502 53
53505 54
53512 53
53513 53
53517 54
53518 54
53519 54
53522 53
53529 53
53590 53
53593 53
53594 53
53596 55
53599 53
53602 54
53610 54
53610 54
53611 54
53612 54
53614 54
53615 54
53617 54
53618 54
53677 53
53678 53
53679 53
53680 54
53682 55
53685 53
53687 53
53688 55
53689 55
53690 54
53691 55
53692 55
53693 54
53694 54
53695 55
53696 55
53697 55
53698 54
53699 55
53704 53
53705 53
53723 53
53725 53
53727 53
53730 53
53763 53
53770 53
53771 53
53772 53
53773 55
53774 53
53775 53
53776 53
53777 53
53780 53
53781 55
53782 53
53783 53
53784 55
53785 55
53786 53
53788 53
53789 55
53790 55
53791 55
53792 54
53793 53
53794 55
53795 54
53796 55
53797 55
53798 55
53799 55
53806 53
53810 53
53817 53
53821 53
53829 53
53833 55
53878 53
53880 53
53881 53
53882 53
53885 53
53886 53
53888 53
53889 53
53890 54
53891 55
53892 55
53893 55
53894 54
53895 55
53896 55
53897 55
53898 55
53899 55
53903 53
53906 53
53908 53
53910 53
53914 53
53915 53
53916 53
53917 53
53923 53
53924 53
53925 53
53926 53
53927 53
53928 53
53929 53
53930 53
53931 53
53934 53
53935 53
53937 53
53938 53
53941 53
53942 53
53944 53
53945 53
53946 53
53947 53
53948 54
53949 53
53950 53
53954 53
53955 53
53956 53
53957 53
53958 53
53959 54
53961 53
53962 53
53963 53
53964 53
53965 53
53967 53
53968 53
53970 53
53972 53
53973 53
53974 55
53975 53
53976 53
53978 53
53979 54
53980 55
53981 53
53982 54
53983 54
53984 54
53985 54
53986 54
53987 54
53988 54
53989 55
53990 54
53991 55
53992 55
53993 55
53994 55
53995 55
53996 55
53997 55
53998 54
54031 53
54039 54
54041 53
54047 54
54049 54
54063 54
54064 54
54065 54
54069 54
54072 54
54705 55
54076 53
54080 54
54103 54
54132 53
54134 53
54135 54
54142 54
54154 54
54155 54
54156 54
54157 54
54161 54
54164 54
54165 54
54169 53
54171 53
54172 53
54181 53
54226 53
54231 53
54234 53
54236 53
54237 53
54243 53
54244 53
54245 53
54247 54
54248 53
54249 53
54252 53
54254 53
54259 53
54260 53
54261 53
54263 53
54266 53
54267 53
54273 53
54274 53
54316 53
54319 53
54320 53
54321 53
54323 53
54324 53
54325 53
54326 53
54327 53
54328 53
54330 53
54331 53
54332 54
54333 54
54334 53
54335 53
54336 54
54337 53
54338 54
54339 54
54340 54
54342 54
54345 54
54346 54
54347 54
54348 54
54349 53
54351 53
54398 54
54399 54
54405 53
54406 53
54408 53
54409 53
54410 53
54412 53
54416 54
54419 54
54420 53
54421 53
54422 53
54423 53
54424 54
54425 53
54428 54
54429 53
54430 53
54431 54
54432 53
54433 54
54434 53
54436 53
54437 54
54438 54
54439 53
54449 54
54452 54
54453 54
54454 54
54455 54
54470 54
54471 54
54472 54
54474 54
54475 54
54476 53
54483 53
54499 54
54501 53
54502 54
54503 54
54504 53
54505 54
54506 54
54507 54
54508 54
54510 54
54511 54
54512 54
54513 54
54514 54
54515 54
54517 54
54518 54
54519 54
54520 54
54521 54
54522 54
54523 54
54525 54
54526 54
54527 54
54528 54
54529 54
54530 54
54531 54
54532 54
54533 54
54534 54
54535 54
54539 54
54540 54
54541 54
54563 53
54568 53
54569 53
54575 53
54579 53
54584 53
54594 54
54596 54
54597 53
54601 55
54602 55
54603 55
54604 55
54605 54
54606 55
54607 55
54608 55
54609 55
54610 54
54611 55
54612 54
54613 54
54614 54
54615 54
54616 54
54617 54
54618 54
54619 54
54620 55
54621 55
54622 54
54623 54
54624 54
54626 55
54627 54
54628 54
54631 55
54632 55
54633 55
54636 54
54640 55
54644 54
54645 54
54646 53
54660 53
54662 53
54700 55
54701 55
54702 55
54703 55
54704 55
54706 55
54707 53
54707 55
54708 55
54709 55
54710 55
54711 55
54712 54
54713 54
54714 55
54715 55
54716 54
54717 55
54718 55
54719 54
54722 54
54723 54
54724 54
54725 54
54726 54
54727 54
54728 54
54729 54
54730 53
54731 53
54732 53
54734 54
54736 53
54737 54
54738 54
54744 53
54749 53
54751 53
54752 53
54753 53
54755 53
54800 55
54801 55
54802 55
54803 55
54804 55
54805 55
54806 55
54807 54
54808 55
54809 55
54810 55
54811 54
54812 54
54814 54
54815 54
54816 54
54817 54
54818 54
54819 54
54820 55
54821 54
54822 54
54823 54
54824 54
54825 53
54826 53
54827 54
54828 53
54829 54
54830 54
54831 54
54832 54
54833 54
54834 54
54835 53
54836 53
54837 54
54839 53
54841 54
54842 53
54843 54
54844 53
54846 53
54848 53
54849 53
54851 53
54900 55
54901 55
54902 55
54903 55
54904 54
54905 54
54906 54
54907 54
54908 54
54909 54
54910 54
54911 54
54912 54
54913 54
54914 54
54915 54
54916 54
54917 54
54918 54
54919 54
54920 54
54921 54
54922 54
54923 54
54925 54
54927 54
54929 54
54932 53
54935 53
54936 53
54938 54
54939 53
54940 53
57001 53
57002 53
57003 53
57006 53
57011 53
57012 53
57014 53
57016 53
57020 54
57021 53
57022 54
57023 53
57024 54
57025 53
57026 54
57027 54
57028 53
57029 54
57030 54
57031 53
57032 53
57033 54
57034 54
57035 54
57036 54
57037 53
57038 54
57039 54
57040 54
57041 54
57042 54
57043 54
57044 54
57045 54
57046 54
57047 53
57048 54
57049 54
57051 54
57052 54
57053 54
57054 54
57055 54
57056 54
57057 54
57060 53
57061 54
57063 53
57065 54
57066 54
57067 53
57070 54
57071 53
57072 54
57073 54
57074 54
57075 54
57076 54
57077 53
57078 54
57079 54
57080 54
57081 55
57082 54
57083 55
57085 54
57086 54
57087 54
57088 54
57089 54
57090 55
57091 54
57093 54
57094 54
57095 54
57096 54
57097 55
57098 54
57099 53
57110 53
57111 53
57113 53
57119 53
57124 53
57126 54
57127 54
57128 54
57129 54
57132 54
57134 53
57137 53
57140 53
57143 53
57144 53
57153 53
57154 53
57155 53
57156 53
57162 54
57169 53
57171 54
57173 54
57175 54
57176 54
57177 54
57178 55
57179 55
57180 54
57181 54
57182 54
57183 54
57184 54
57185 54
57186 54
57187 55
57188 54
57189 54
57190 53
57191 54
57192 53
57193 53
57194 53
57195 53
57196 53
57197 53
57198 53
57213 54
57231 53
57232 53
57233 53
57237 53
57238 53
57242 53
57245 53
57247 53
57248 53
57249 53
57251 53
57253 53
57254 53
57256 53
57259 53
57260 53
57261 53
57265 53
57268 53
57271 55
57273 55
57274 54
57277 55
57278 55
57279 55
57281 55
57285 54
57289 53
57290 53
57292 53
57293 53
57294 53
57295 53
57296 53
57297 53
57298 53
57299 53
57361 53
57363 54
57368 55
57370 55
57377 55
57378 55
57381 54
57387 54
57388 54
57389 54
57390 53
57395 53
57396 53
57398 53
57453 55
57460 55
57461 55
57462 54
57464 54
57465 54
57466 55
57469 54
57474 54
57475 54
57476 54
57477 54
57481 54
57482 53
57483 54
57485 54
57486 53
57489 53
57491 53
57492 53
57493 53
57494 53
57565 53
57571 53
57573 53
57581 53
57760 53
58001 54
58002 54
58003 54
58004 54
58005 54
58006 54
58007 53
58008 54
58009 54
58010 54
58011 54
58012 54
58013 54
58015 54
58016 54
58020 54
58021 54
58022 54
58024 54
58025 54
58026 53
58027 54
58028 54
58030 54
58032 53
58034 53
58035 53
58036 53
58040 53
58100 53
58101 53
58102 53
58104 53
58107 53
58108 53
58109 53
58111 53
58113 53
58114 53
58116 53
58117 53
58118 53
58122 53
58125 53
58126 53
58127 53
58128 53
58129 53
58130 53
58131 53
58135 53
58202 53
58203 53
58205 53
58207 53
58210 53
58212 53
58214 53
58215 53
58220 53
58221 53
58222 53
58223 53
58224 53
58225 53
58321 53
WEATHER_REGION: 0
FILLAREA: 0
NOTES_SYMBOL: 0
WithProp_LINESYMBOLS: 0
FORECASTER_INFORMATION
0 unregisted
