diamond 14 /disk2/diamond/update/zhyb/kw14121808.024
2014 12 18 6 0
LINES: 0
LINES_SYMBOL: 0
SYMBOLS: 0
CLOSED_CONTOURS: 11
5 156
   131.320    55.455     0.000   131.774    55.264     0.000   132.223    55.071     0.000   132.668    54.875     0.000
   133.107    54.677     0.000   133.540    54.476     0.000   133.966    54.271     0.000   134.385    54.062     0.000
   135.089    53.693     0.000   135.771    53.312     0.000   136.433    52.922     0.000   137.077    52.524     0.000
   137.706    52.119     0.000   138.320    51.708     0.000   138.923    51.292     0.000   139.335    50.723     0.000
   139.684    50.142     0.000   139.962    49.548     0.000   140.228    48.670     0.000   140.351    47.770     0.000
   140.352    46.856     0.000   140.252    45.934     0.000   140.071    45.011     0.000   139.825    44.093     0.000
   139.532    43.187     0.000   139.273    42.475     0.000   138.999    41.773     0.000   138.713    41.079     0.000
   138.419    40.392     0.000   138.120    39.708     0.000   137.821    39.029     0.000   137.525    38.350     0.000
   137.279    37.801     0.000   137.025    37.258     0.000   136.766    36.720     0.000   136.503    36.184     0.000
   136.239    35.651     0.000   135.977    35.119     0.000   135.058    33.535     0.000   134.138    31.980     0.000
   133.221    30.451     0.000   132.311    28.948     0.000   131.412    27.471     0.000   130.526    26.017     0.000
   129.484    24.310     0.000   128.443    22.637     0.000   127.381    20.997     0.000   126.278    19.389     0.000
   125.116    17.809     0.000   123.880    16.254     0.000   122.553    14.719     0.000   121.390    13.477     0.000
   120.174    12.296     0.000   118.920    11.228     0.000   117.635    10.323     0.000   116.326     9.628     0.000
   114.993     9.194     0.000   113.633     9.070     0.000   112.846     9.154     0.000   112.053     9.341     0.000
   111.260     9.618     0.000   110.471     9.972     0.000   109.695    10.390     0.000   108.938    10.860     0.000
   108.209    11.370     0.000   107.399    12.002     0.000   106.626    12.665     0.000   105.881    13.352     0.000
   105.151    14.056     0.000   104.424    14.770     0.000   103.689    15.483     0.000   102.934    16.188     0.000
   101.269    17.591     0.000    99.467    18.896     0.000    97.531    20.088     0.000    95.468    21.151     0.000
    93.287    22.068     0.000    90.998    22.824     0.000    88.616    23.406     0.000    87.402    23.629     0.000
    86.178    23.824     0.000    84.956    24.008     0.000    83.744    24.199     0.000    82.547    24.418     0.000
    81.373    24.683     0.000    80.227    25.015     0.000    78.571    25.666     0.000    76.976    26.496     0.000
    75.437    27.491     0.000    73.950    28.633     0.000    72.514    29.907     0.000    71.129    31.295     0.000
    69.798    32.781     0.000    68.621    34.232     0.000    67.534    35.738     0.000    66.580    37.286     0.000
    65.809    38.866     0.000    65.277    40.466     0.000    65.046    42.072     0.000    65.186    43.672     0.000
    65.463    44.586     0.000    65.884    45.485     0.000    66.444    46.363     0.000    67.134    47.212     0.000
    67.949    48.026     0.000    68.877    48.797     0.000    69.908    49.519     0.000    71.434    50.399     0.000
    73.110    51.168     0.000    74.917    51.819     0.000    76.836    52.342     0.000    78.840    52.730     0.000
    80.903    52.978     0.000    82.994    53.081     0.000    84.218    53.073     0.000    85.438    53.019     0.000
    86.652    52.924     0.000    87.861    52.792     0.000    89.063    52.630     0.000    90.257    52.442     0.000
    91.445    52.232     0.000    93.140    51.905     0.000    94.820    51.567     0.000    96.487    51.241     0.000
    98.142    50.951     0.000    99.793    50.720     0.000   101.448    50.570     0.000   103.119    50.525     0.000
   104.219    50.561     0.000   105.323    50.649     0.000   106.422    50.788     0.000   107.507    50.979     0.000
   108.569    51.220     0.000   109.598    51.513     0.000   110.583    51.859     0.000   112.035    52.500     0.000
   113.409    53.227     0.000   114.759    53.994     0.000   116.136    54.753     0.000   117.587    55.454     0.000
   119.156    56.047     0.000   120.881    56.479     0.000   121.694    56.605     0.000   122.535    56.691     0.000
   123.395    56.739     0.000   124.266    56.751     0.000   125.141    56.729     0.000   126.011    56.676     0.000
   126.869    56.594     0.000   127.384    56.531     0.000   127.893    56.459     0.000   128.396    56.380     0.000
   128.893    56.294     0.000   129.385    56.204     0.000   129.874    56.109     0.000   130.359    56.012     0.000

061 1
   131.320    55.455     0.000
5 329
   111.392    43.339     0.000   113.582    43.185     0.000   115.699    43.042     0.000   117.690    42.969     0.000
   119.508    43.027     0.000   121.113    43.284     0.000   122.464    43.805     0.000   123.522    44.659     0.000
   123.884    45.144     0.000   124.213    45.675     0.000   124.540    46.220     0.000   124.896    46.749     0.000
   125.314    47.229     0.000   125.825    47.629     0.000   126.461    47.917     0.000   127.044    48.043     0.000
   127.685    48.086     0.000   128.353    48.049     0.000   129.017    47.935     0.000   129.644    47.750     0.000
   130.205    47.497     0.000   130.669    47.182     0.000   130.669    47.182     0.000   130.831    46.973     0.000
   130.986    46.764     0.000   131.125    46.554     0.000   131.244    46.344     0.000   131.336    46.133     0.000
   131.395    45.921     0.000   131.414    45.708     0.000   131.390    45.495     0.000   131.326    45.282     0.000
   131.231    45.070     0.000   131.108    44.860     0.000   130.965    44.653     0.000   130.808    44.450     0.000
   130.641    44.252     0.000   130.502    44.096     0.000   130.361    43.943     0.000   130.216    43.795     0.000
   130.068    43.651     0.000   129.914    43.510     0.000   129.756    43.374     0.000   129.592    43.242     0.000
   129.250    42.992     0.000   128.888    42.756     0.000   128.509    42.532     0.000   128.117    42.318     0.000
   127.718    42.114     0.000   127.314    41.917     0.000   126.909    41.726     0.000   126.431    41.504     0.000
   125.953    41.290     0.000   125.474    41.082     0.000   124.988    40.880     0.000   124.492    40.686     0.000
   123.984    40.498     0.000   123.458    40.316     0.000   123.062    40.185     0.000   122.666    40.052     0.000
   122.280    39.912     0.000   121.917    39.757     0.000   121.587    39.585     0.000   121.300    39.388     0.000
   121.069    39.163     0.000   120.927    38.959     0.000   120.822    38.735     0.000   120.747    38.497     0.000
   120.696    38.246     0.000   120.663    37.987     0.000   120.641    37.721     0.000   120.625    37.452     0.000
   120.618    37.070     0.000   120.625    36.684     0.000   120.638    36.296     0.000   120.597    36.135     0.000
   120.555    35.973     0.000   120.515    35.811     0.000   120.478    35.648     0.000   120.448    35.483     0.000
   120.418    35.224     0.000   120.410    34.963     0.000   120.423    34.702     0.000   120.459    34.444     0.000
   120.519    34.190     0.000   120.602    33.944     0.000   120.709    33.707     0.000   120.846    33.472     0.000
   121.006    33.247     0.000   121.185    33.032     0.000   121.377    32.822     0.000   121.581    32.618     0.000
   121.791    32.417     0.000   122.004    32.217     0.000   122.021    32.161     0.000   122.038    32.105     0.000
   122.053    32.048     0.000   122.067    31.992     0.000   122.080    31.935     0.000   122.093    31.879     0.000
   122.106    31.822     0.000   122.202    31.516     0.000   122.288    31.211     0.000   122.357    30.907     0.000
   122.404    30.605     0.000   122.423    30.307     0.000   122.408    30.013     0.000   122.318    29.587     0.000
   122.157    29.171     0.000   121.941    28.765     0.000   121.685    28.366     0.000   121.404    27.974     0.000
   121.112    27.588     0.000   120.823    27.206     0.000   120.632    26.945     0.000   120.448    26.684     0.000
   120.269    26.424     0.000   120.096    26.163     0.000   119.926    25.901     0.000   119.759    25.636     0.000
   119.593    25.368     0.000   119.387    25.031     0.000   119.177    24.693     0.000   118.961    24.360     0.000
   118.732    24.040     0.000   118.489    23.737     0.000   118.225    23.457     0.000   117.938    23.207     0.000
   117.469    22.898     0.000   116.951    22.654     0.000   116.394    22.465     0.000   115.809    22.319     0.000
   115.207    22.210     0.000   114.598    22.126     0.000   113.994    22.061     0.000   113.814    22.043     0.000
   113.636    22.025     0.000   113.460    22.004     0.000   113.286    21.980     0.000   113.114    21.950     0.000
   112.944    21.914     0.000   112.776    21.869     0.000   112.620    21.819     0.000   112.466    21.762     0.000
   112.313    21.702     0.000   112.160    21.640     0.000   112.007    21.580     0.000   111.852    21.524     0.000
   111.695    21.475     0.000   111.510    21.428     0.000   111.321    21.393     0.000   111.130    21.368     0.000
   110.938    21.352     0.000   110.745    21.345     0.000   110.551    21.344     0.000   110.359    21.351     0.000
   110.072    21.371     0.000   109.787    21.400     0.000   109.503    21.436     0.000   109.218    21.476     0.000
   108.931    21.517     0.000   108.641    21.555     0.000   108.346    21.588     0.000   107.882    21.626     0.000
   107.413    21.657     0.000   106.946    21.695     0.000   106.491    21.752     0.000   106.055    21.843     0.000
   105.646    21.980     0.000   105.271    22.179     0.000   105.061    22.335     0.000   104.867    22.516     0.000
   104.690    22.718     0.000   104.529    22.937     0.000   104.386    23.169     0.000   104.260    23.411     0.000
   104.153    23.659     0.000   104.095    23.815     0.000   104.044    23.972     0.000   104.000    24.131     0.000
   103.961    24.290     0.000   103.928    24.449     0.000   103.899    24.610     0.000   103.875    24.771     0.000
   103.852    24.947     0.000   103.833    25.123     0.000   103.833    25.123     0.000   103.776    25.449     0.000
   103.715    25.776     0.000   103.648    26.102     0.000   103.570    26.430     0.000   103.478    26.757     0.000
   103.368    27.085     0.000   103.238    27.413     0.000   103.119    27.673     0.000   102.993    27.933     0.000
   102.868    28.192     0.000   102.754    28.449     0.000   102.658    28.703     0.000   102.591    28.956     0.000
   102.562    29.205     0.000   102.595    29.554     0.000   102.707    29.899     0.000   102.882    30.243     0.000
   103.105    30.589     0.000   103.358    30.939     0.000   103.625    31.297     0.000   103.889    31.666     0.000
   104.045    31.903     0.000   104.186    32.143     0.000   104.306    32.383     0.000   104.400    32.623     0.000
   104.459    32.858     0.000   104.478    33.087     0.000   104.450    33.307     0.000   104.310    33.620     0.000
   104.076    33.915     0.000   103.779    34.200     0.000   103.450    34.482     0.000   103.119    34.769     0.000
   102.820    35.072     0.000   102.584    35.398     0.000   102.455    35.688     0.000   102.374    35.993     0.000
   102.322    36.306     0.000   102.280    36.621     0.000   102.231    36.929     0.000   102.156    37.223     0.000
   102.035    37.496     0.000   101.811    37.789     0.000   101.508    38.045     0.000   101.141    38.270     0.000
   100.727    38.471     0.000   100.280    38.652     0.000    99.817    38.819     0.000    99.353    38.979     0.000
    98.973    39.112     0.000    98.603    39.246     0.000    98.240    39.380     0.000    97.884    39.516     0.000
    97.534    39.654     0.000    97.187    39.795     0.000    96.843    39.940     0.000    96.258    40.198     0.000
    95.676    40.466     0.000    95.092    40.745     0.000    94.507    41.032     0.000    93.917    41.326     0.000
    93.322    41.626     0.000    92.720    41.929     0.000    92.269    42.155     0.000    91.812    42.376     0.000
    91.351    42.589     0.000    91.351    42.589     0.000    91.065    42.743     0.000    90.776    42.893     0.000
    90.483    43.039     0.000    90.185    43.179     0.000    89.881    43.311     0.000    89.569    43.432     0.000
    89.249    43.541     0.000    88.974    43.622     0.000    88.693    43.695     0.000    88.409    43.763     0.000
    88.122    43.827     0.000    87.834    43.890     0.000    87.546    43.954     0.000    87.260    44.022     0.000
    86.985    44.091     0.000    86.711    44.161     0.000    86.435    44.228     0.000    86.156    44.287     0.000
    85.871    44.335     0.000    85.579    44.367     0.000    85.278    44.379     0.000    85.146    44.378     0.000
    85.013    44.375     0.000    84.882    44.374     0.000    84.754    44.377     0.000    84.630    44.388     0.000
    84.512    44.410     0.000    84.401    44.446     0.000    84.300    44.499     0.000    84.208    44.565     0.000
    84.129    44.642     0.000    84.063    44.727     0.000    84.013    44.817     0.000    83.979    44.908     0.000
    83.963    44.998     0.000    84.014    45.213     0.000    84.183    45.397     0.000    84.447    45.549     0.000
    84.782    45.672     0.000    85.166    45.766     0.000    85.575    45.832     0.000    85.986    45.873     0.000
    86.495    45.890     0.000    86.970    45.872     0.000    87.418    45.825     0.000    87.844    45.755     0.000
    88.255    45.668     0.000    88.657    45.571     0.000    89.058    45.467     0.000    89.572    45.336     0.000
    90.093    45.205     0.000    90.619    45.073     0.000    91.148    44.940     0.000    91.680    44.806     0.000
    92.213    44.670     0.000    92.744    44.532     0.000    93.941    44.189     0.000    95.101    43.874     0.000
    96.242    43.599     0.000    97.381    43.373     0.000    98.537    43.203     0.000    99.714    43.096     0.000
   100.919    43.042     0.000   102.148    43.031     0.000   103.393    43.053     0.000   104.649    43.098     0.000
   105.906    43.156     0.000   107.158    43.220     0.000   107.684    43.246     0.000   108.209    43.271     0.000
   108.731    43.295     0.000   109.252    43.318     0.000   109.772    43.339     0.000   110.291    43.358     0.000
   110.810    43.375     0.000
062 2
   111.392    43.339     0.000   110.810    43.375     0.000
5 88
   105.491    30.121     0.000   105.410    30.070     0.000   105.331    30.019     0.000   105.331    30.019     0.000
   105.291    29.950     0.000   105.251    29.881     0.000   105.210    29.812     0.000   105.170    29.743     0.000
   105.130    29.674     0.000   105.090    29.605     0.000   105.049    29.535     0.000   104.996    29.442     0.000
   104.944    29.349     0.000   104.895    29.254     0.000   104.851    29.158     0.000   104.813    29.061     0.000
   104.784    28.961     0.000   104.764    28.859     0.000   104.757    28.785     0.000   104.756    28.710     0.000
   104.762    28.635     0.000   104.776    28.561     0.000   104.797    28.489     0.000   104.828    28.419     0.000
   104.868    28.353     0.000   104.921    28.286     0.000   104.984    28.225     0.000   105.055    28.170     0.000
   105.132    28.124     0.000   105.214    28.087     0.000   105.298    28.060     0.000   105.383    28.045     0.000
   105.497    28.043     0.000   105.609    28.060     0.000   105.720    28.092     0.000   105.831    28.135     0.000
   105.941    28.187     0.000   106.050    28.243     0.000   106.159    28.300     0.000   106.270    28.356     0.000
   106.380    28.411     0.000   106.487    28.466     0.000   106.592    28.522     0.000   106.693    28.580     0.000
   106.791    28.641     0.000   106.883    28.708     0.000   107.009    28.815     0.000   107.127    28.932     0.000
   107.241    29.054     0.000   107.355    29.179     0.000   107.473    29.301     0.000   107.599    29.418     0.000
   107.736    29.524     0.000   107.833    29.587     0.000   107.935    29.647     0.000   108.036    29.706     0.000
   108.134    29.767     0.000   108.226    29.834     0.000   108.309    29.908     0.000   108.379    29.993     0.000
   108.430    30.082     0.000   108.466    30.179     0.000   108.487    30.281     0.000   108.492    30.385     0.000
   108.479    30.486     0.000   108.448    30.583     0.000   108.397    30.670     0.000   108.319    30.752     0.000
   108.221    30.820     0.000   108.107    30.873     0.000   107.982    30.910     0.000   107.850    30.933     0.000
   107.717    30.940     0.000   107.587    30.933     0.000   107.473    30.913     0.000   107.365    30.883     0.000
   107.261    30.846     0.000   107.160    30.802     0.000   107.060    30.755     0.000   106.962    30.707     0.000
   106.863    30.660     0.000   106.725    30.600     0.000   106.584    30.544     0.000   106.442    30.493     0.000
   106.298    30.445     0.000   106.152    30.399     0.000   106.006    30.355     0.000   105.860    30.311     0.000

063 2
   105.491    30.121     0.000   105.860    30.311     0.000
5 192
   116.862    40.836     0.000   117.068    40.833     0.000   117.271    40.827     0.000   117.468    40.814     0.000
   117.657    40.792     0.000   117.833    40.757     0.000   117.994    40.707     0.000   118.137    40.638     0.000
   118.267    40.543     0.000   118.375    40.428     0.000   118.466    40.296     0.000   118.540    40.151     0.000
   118.602    39.998     0.000   118.654    39.840     0.000   118.699    39.680     0.000   118.786    39.311     0.000
   118.786    39.311     0.000   118.822    39.243     0.000   118.858    39.176     0.000   118.894    39.108     0.000
   118.929    39.040     0.000   118.964    38.972     0.000   118.998    38.904     0.000   119.032    38.835     0.000
   119.094    38.705     0.000   119.152    38.573     0.000   119.206    38.441     0.000   119.256    38.307     0.000
   119.300    38.173     0.000   119.337    38.038     0.000   119.368    37.902     0.000   119.399    37.701     0.000
   119.419    37.500     0.000   119.432    37.298     0.000   119.443    37.096     0.000   119.456    36.894     0.000
   119.477    36.694     0.000   119.509    36.495     0.000   119.547    36.334     0.000   119.593    36.174     0.000
   119.643    36.015     0.000   119.695    35.856     0.000   119.747    35.697     0.000   119.794    35.537     0.000
   119.834    35.375     0.000   119.869    35.194     0.000   119.896    35.012     0.000   119.919    34.829     0.000
   119.943    34.647     0.000   119.970    34.466     0.000   120.006    34.287     0.000   120.006    34.287     0.000
   120.026    34.184     0.000   120.047    34.080     0.000   120.068    33.977     0.000   120.092    33.875     0.000
   120.118    33.773     0.000   120.146    33.672     0.000   120.179    33.571     0.000   120.265    33.348     0.000
   120.365    33.129     0.000   120.474    32.911     0.000   120.586    32.695     0.000   120.694    32.478     0.000
   120.794    32.261     0.000   120.879    32.040     0.000   120.924    31.896     0.000   120.959    31.750     0.000
   120.983    31.602     0.000   120.996    31.452     0.000   120.996    31.299     0.000   120.983    31.144     0.000
   120.954    30.987     0.000   120.886    30.759     0.000   120.787    30.535     0.000   120.658    30.324     0.000
   120.501    30.138     0.000   120.317    29.985     0.000   120.106    29.875     0.000   119.870    29.818     0.000
   119.748    29.812     0.000   119.624    29.820     0.000   119.501    29.840     0.000   119.382    29.872     0.000
   119.271    29.916     0.000   119.170    29.969     0.000   119.084    30.033     0.000   118.972    30.168     0.000
   118.906    30.327     0.000   118.876    30.505     0.000   118.871    30.698     0.000   118.879    30.899     0.000
   118.889    31.106     0.000   118.891    31.312     0.000   118.859    31.609     0.000   118.785    31.893     0.000
   118.673    32.161     0.000   118.524    32.412     0.000   118.343    32.644     0.000   118.133    32.854     0.000
   117.896    33.040     0.000   117.655    33.191     0.000   117.398    33.324     0.000   117.126    33.439     0.000
   116.843    33.542     0.000   116.552    33.634     0.000   116.254    33.720     0.000   115.953    33.801     0.000
   115.641    33.849     0.000   115.326    33.884     0.000   115.008    33.904     0.000   114.595    33.909     0.000
   114.179    33.898     0.000   113.762    33.884     0.000   113.348    33.877     0.000   112.936    33.888     0.000
   112.530    33.929     0.000   112.130    34.011     0.000   111.905    34.079     0.000   111.681    34.157     0.000
   111.458    34.237     0.000   111.235    34.313     0.000   111.011    34.376     0.000   110.785    34.419     0.000
   110.558    34.436     0.000   110.409    34.429     0.000   110.260    34.410     0.000   110.110    34.382     0.000
   109.960    34.345     0.000   109.811    34.303     0.000   109.662    34.258     0.000   109.515    34.212     0.000
   109.375    34.170     0.000   109.235    34.128     0.000   109.097    34.087     0.000   108.959    34.047     0.000
   108.822    34.008     0.000   108.685    33.968     0.000   108.548    33.929     0.000   108.375    33.953     0.000
   108.198    33.996     0.000   108.016    34.055     0.000   107.829    34.129     0.000   107.728    34.174     0.000
   107.630    34.222     0.000   107.539    34.271     0.000   107.457    34.321     0.000   107.390    34.369     0.000
   107.341    34.416     0.000   107.313    34.460     0.000   107.328    34.532     0.000   107.420    34.590     0.000
   107.573    34.638     0.000   107.772    34.677     0.000   108.003    34.707     0.000   108.250    34.733     0.000
   108.497    34.754     0.000   108.896    34.789     0.000   109.255    34.826     0.000   109.576    34.870     0.000
   109.866    34.927     0.000   110.127    35.002     0.000   110.364    35.101     0.000   110.583    35.228     0.000
   110.827    35.425     0.000   111.045    35.664     0.000   111.234    35.938     0.000   111.389    36.239     0.000
   111.504    36.559     0.000   111.576    36.891     0.000   111.598    37.227     0.000   111.579    37.497     0.000
   111.536    37.763     0.000   111.482    38.024     0.000   111.430    38.277     0.000   111.392    38.522     0.000
   111.381    38.756     0.000   111.411    38.978     0.000   111.627    39.389     0.000   112.029    39.745     0.000
   112.578    40.048     0.000   113.235    40.299     0.000   113.958    40.498     0.000   114.706    40.648     0.000
   115.436    40.752     0.000   115.629    40.774     0.000   115.817    40.792     0.000   116.003    40.809     0.000
   116.186    40.823     0.000   116.367    40.836     0.000   116.546    40.848     0.000   116.725    40.860     0.000

063 2
   116.862    40.836     0.000   119.509    36.495     0.000
5 163
   116.070    39.914     0.000   116.096    39.937     0.000   116.121    39.960     0.000   116.121    39.960     0.000
   116.146    39.980     0.000   116.171    40.000     0.000   116.196    40.020     0.000   116.222    40.040     0.000
   116.248    40.060     0.000   116.274    40.080     0.000   116.301    40.101     0.000   116.386    40.163     0.000
   116.476    40.223     0.000   116.569    40.280     0.000   116.666    40.329     0.000   116.764    40.368     0.000
   116.861    40.393     0.000   116.958    40.400     0.000   117.058    40.387     0.000   117.156    40.354     0.000
   117.250    40.305     0.000   117.342    40.243     0.000   117.432    40.171     0.000   117.519    40.093     0.000
   117.605    40.013     0.000   117.712    39.911     0.000   117.813    39.810     0.000   117.904    39.708     0.000
   117.981    39.607     0.000   118.041    39.504     0.000   118.079    39.400     0.000   118.092    39.293     0.000
   118.080    39.191     0.000   118.046    39.088     0.000   117.993    38.985     0.000   117.923    38.886     0.000
   117.838    38.791     0.000   117.743    38.703     0.000   117.639    38.623     0.000   117.454    38.513     0.000
   117.257    38.424     0.000   117.052    38.348     0.000   116.843    38.280     0.000   116.635    38.211     0.000
   116.433    38.135     0.000   116.433    38.135     0.000   116.257    37.995     0.000   116.086    37.854     0.000
   115.924    37.711     0.000   115.775    37.563     0.000   115.642    37.411     0.000   115.530    37.253     0.000
   115.441    37.088     0.000   115.396    36.971     0.000   115.361    36.850     0.000   115.334    36.725     0.000
   115.313    36.598     0.000   115.294    36.469     0.000   115.276    36.337     0.000   115.256    36.203     0.000
   115.235    36.092     0.000   115.210    35.982     0.000   115.178    35.874     0.000   115.137    35.772     0.000
   115.086    35.676     0.000   115.022    35.589     0.000   114.943    35.513     0.000   114.844    35.445     0.000
   114.732    35.386     0.000   114.612    35.332     0.000   114.491    35.277     0.000   114.374    35.217     0.000
   114.265    35.147     0.000   114.171    35.062     0.000   114.129    35.009     0.000   114.090    34.954     0.000
   114.052    34.898     0.000   114.013    34.846     0.000   113.971    34.798     0.000   113.924    34.759     0.000
   113.870    34.730     0.000   113.810    34.715     0.000   113.745    34.711     0.000   113.676    34.717     0.000
   113.605    34.733     0.000   113.537    34.757     0.000   113.472    34.790     0.000   113.413    34.829     0.000
   113.370    34.868     0.000   113.334    34.909     0.000   113.304    34.953     0.000   113.282    34.999     0.000
   113.268    35.045     0.000   113.262    35.090     0.000   113.265    35.134     0.000   113.299    35.222     0.000
   113.367    35.300     0.000   113.459    35.372     0.000   113.565    35.440     0.000   113.675    35.509     0.000
   113.780    35.581     0.000   113.870    35.659     0.000   113.917    35.716     0.000   113.955    35.777     0.000
   113.985    35.842     0.000   114.009    35.909     0.000   114.027    35.978     0.000   114.043    36.048     0.000
   114.057    36.119     0.000   114.087    36.171     0.000   114.117    36.222     0.000   114.160    36.345     0.000
   114.205    36.466     0.000   114.248    36.586     0.000   114.289    36.706     0.000   114.325    36.827     0.000
   114.355    36.950     0.000   114.373    37.045     0.000   114.385    37.142     0.000   114.391    37.239     0.000
   114.391    37.337     0.000   114.383    37.435     0.000   114.368    37.532     0.000   114.345    37.628     0.000
   114.324    37.695     0.000   114.301    37.761     0.000   114.277    37.827     0.000   114.254    37.893     0.000
   114.235    37.959     0.000   114.221    38.026     0.000   114.215    38.093     0.000   114.216    38.158     0.000
   114.226    38.222     0.000   114.243    38.286     0.000   114.267    38.349     0.000   114.298    38.410     0.000
   114.335    38.469     0.000   114.378    38.524     0.000   114.427    38.576     0.000   114.480    38.624     0.000
   114.537    38.669     0.000   114.598    38.712     0.000   114.661    38.753     0.000   114.726    38.793     0.000
   114.791    38.833     0.000   114.915    38.884     0.000   115.037    38.936     0.000   115.153    38.992     0.000
   115.259    39.057     0.000   115.333    39.116     0.000   115.400    39.182     0.000   115.462    39.252     0.000
   115.520    39.325     0.000   115.576    39.400     0.000   115.633    39.475     0.000   115.692    39.549     0.000
   115.736    39.599     0.000   115.782    39.647     0.000   115.829    39.695     0.000   115.878    39.741     0.000
   115.927    39.787     0.000   115.977    39.833     0.000   116.028    39.878     0.000
064 1
   116.070    39.914     0.000
7 108
   128.690    46.833     0.000   128.670    46.856     0.000   128.649    46.878     0.000   128.628    46.901     0.000
   128.607    46.922     0.000   128.585    46.943     0.000   128.561    46.964     0.000   128.537    46.983     0.000
   128.373    47.072     0.000   128.174    47.127     0.000   127.951    47.151     0.000   127.713    47.147     0.000
   127.472    47.119     0.000   127.237    47.069     0.000   127.020    47.000     0.000   126.826    46.914     0.000
   126.657    46.815     0.000   126.508    46.705     0.000   126.377    46.586     0.000   126.260    46.459     0.000
   126.154    46.328     0.000   126.055    46.193     0.000   125.918    45.994     0.000   125.786    45.795     0.000
   125.657    45.595     0.000   125.529    45.395     0.000   125.398    45.197     0.000   125.261    45.001     0.000
   125.117    44.808     0.000   124.993    44.654     0.000   124.862    44.502     0.000   124.727    44.352     0.000
   124.586    44.205     0.000   124.442    44.061     0.000   124.294    43.919     0.000   124.144    43.780     0.000
   124.023    43.671     0.000   123.900    43.565     0.000   123.774    43.460     0.000   123.643    43.358     0.000
   123.507    43.258     0.000   123.365    43.160     0.000   123.214    43.065     0.000   123.012    42.947     0.000
   122.805    42.830     0.000   122.604    42.712     0.000   122.417    42.588     0.000   122.255    42.457     0.000
   122.127    42.315     0.000   122.042    42.159     0.000   122.015    42.056     0.000   122.008    41.948     0.000
   122.019    41.837     0.000   122.048    41.726     0.000   122.094    41.615     0.000   122.157    41.506     0.000
   122.236    41.401     0.000   122.297    41.334     0.000   122.364    41.271     0.000   122.436    41.213     0.000
   122.512    41.162     0.000   122.591    41.119     0.000   122.672    41.086     0.000   122.754    41.064     0.000
   122.925    41.055     0.000   123.098    41.090     0.000   123.272    41.160     0.000   123.449    41.256     0.000
   123.628    41.367     0.000   123.809    41.484     0.000   123.994    41.597     0.000   124.244    41.732     0.000
   124.244    41.732     0.000   124.455    41.838     0.000   124.665    41.944     0.000   124.873    42.051     0.000
   125.079    42.159     0.000   125.282    42.271     0.000   125.479    42.385     0.000   125.670    42.504     0.000
   125.925    42.677     0.000   126.170    42.857     0.000   126.410    43.043     0.000   126.648    43.234     0.000
   126.890    43.429     0.000   127.140    43.624     0.000   127.401    43.819     0.000   127.648    43.994     0.000
   127.897    44.169     0.000   128.137    44.346     0.000   128.357    44.529     0.000   128.545    44.720     0.000
   128.690    44.920     0.000   128.780    45.134     0.000   128.801    45.240     0.000   128.810    45.349     0.000
   128.809    45.460     0.000   128.803    45.573     0.000   128.794    45.686     0.000   128.785    45.800     0.000
   128.779    45.914     0.000   128.779    46.021     0.000   128.784    46.127     0.000   128.792    46.232     0.000
   128.805    46.337     0.000   128.819    46.442     0.000   128.836    46.546     0.000   128.853    46.651     0.000

063 1
   128.690    46.833     0.000
7 93
   103.047    37.783     0.000   103.004    37.787     0.000   102.961    37.790     0.000   102.919    37.792     0.000
   102.877    37.793     0.000   102.837    37.791     0.000   102.799    37.786     0.000   102.762    37.778     0.000
   102.762    37.778     0.000   102.721    37.722     0.000   102.682    37.666     0.000   102.646    37.610     0.000
   102.615    37.554     0.000   102.589    37.498     0.000   102.570    37.442     0.000   102.560    37.386     0.000
   102.565    37.296     0.000   102.590    37.206     0.000   102.632    37.116     0.000   102.686    37.026     0.000
   102.748    36.936     0.000   102.813    36.848     0.000   102.877    36.760     0.000   102.915    36.704     0.000
   102.951    36.648     0.000   102.985    36.593     0.000   103.018    36.537     0.000   103.048    36.481     0.000
   103.078    36.425     0.000   103.106    36.369     0.000   103.131    36.317     0.000   103.156    36.265     0.000
   103.181    36.212     0.000   103.206    36.160     0.000   103.233    36.108     0.000   103.262    36.056     0.000
   103.293    36.005     0.000   103.328    35.953     0.000   103.366    35.903     0.000   103.408    35.854     0.000
   103.452    35.807     0.000   103.499    35.762     0.000   103.550    35.719     0.000   103.603    35.680     0.000
   103.700    35.620     0.000   103.805    35.569     0.000   103.916    35.527     0.000   104.034    35.494     0.000
   104.157    35.469     0.000   104.284    35.453     0.000   104.415    35.445     0.000   104.503    35.443     0.000
   104.592    35.447     0.000   104.678    35.455     0.000   104.762    35.468     0.000   104.840    35.488     0.000
   104.911    35.515     0.000   104.975    35.550     0.000   105.054    35.618     0.000   105.112    35.703     0.000
   105.152    35.800     0.000   105.175    35.907     0.000   105.183    36.020     0.000   105.178    36.136     0.000
   105.162    36.250     0.000   105.145    36.327     0.000   105.124    36.401     0.000   105.097    36.471     0.000
   105.064    36.537     0.000   105.024    36.599     0.000   104.977    36.655     0.000   104.922    36.705     0.000
   104.834    36.762     0.000   104.733    36.810     0.000   104.623    36.851     0.000   104.508    36.889     0.000
   104.391    36.925     0.000   104.276    36.964     0.000   104.165    37.009     0.000   104.080    37.053     0.000
   103.999    37.102     0.000   103.923    37.156     0.000   103.852    37.213     0.000   103.784    37.274     0.000
   103.719    37.336     0.000   103.657    37.401     0.000   103.612    37.449     0.000   103.568    37.498     0.000
   103.525    37.546     0.000   103.482    37.596     0.000   103.440    37.645     0.000   103.398    37.694     0.000
   103.356    37.744     0.000
063 1
   103.047    37.783     0.000
5 110
   116.640    40.034     0.000   116.648    40.038     0.000   116.657    40.042     0.000   116.666    40.047     0.000
   116.675    40.050     0.000   116.684    40.054     0.000   116.693    40.057     0.000   116.702    40.060     0.000
   116.744    40.070     0.000   116.789    40.072     0.000   116.834    40.069     0.000   116.881    40.061     0.000
   116.928    40.050     0.000   116.976    40.038     0.000   117.023    40.024     0.000   117.090    40.006     0.000
   117.156    39.987     0.000   117.218    39.968     0.000   117.278    39.946     0.000   117.334    39.922     0.000
   117.384    39.893     0.000   117.428    39.859     0.000   117.467    39.818     0.000   117.498    39.771     0.000
   117.521    39.720     0.000   117.537    39.667     0.000   117.546    39.612     0.000   117.548    39.556     0.000
   117.542    39.502     0.000   117.524    39.435     0.000   117.496    39.371     0.000   117.459    39.309     0.000
   117.416    39.250     0.000   117.369    39.191     0.000   117.318    39.133     0.000   117.266    39.074     0.000
   117.208    39.008     0.000   117.150    38.941     0.000   117.090    38.877     0.000   117.026    38.816     0.000
   116.959    38.761     0.000   116.885    38.713     0.000   116.805    38.675     0.000   116.713    38.645     0.000
   116.615    38.624     0.000   116.514    38.607     0.000   116.411    38.592     0.000   116.310    38.575     0.000
   116.213    38.552     0.000   116.124    38.521     0.000   116.023    38.466     0.000   115.933    38.399     0.000
   115.847    38.324     0.000   115.762    38.247     0.000   115.670    38.175     0.000   115.568    38.114     0.000
   115.449    38.068     0.000   115.366    38.051     0.000   115.279    38.042     0.000   115.191    38.042     0.000
   115.106    38.053     0.000   115.029    38.074     0.000   114.963    38.105     0.000   114.911    38.149     0.000
   114.894    38.171     0.000   114.881    38.196     0.000   114.871    38.222     0.000   114.864    38.249     0.000
   114.859    38.277     0.000   114.858    38.305     0.000   114.858    38.333     0.000   114.861    38.357     0.000
   114.865    38.381     0.000   114.871    38.405     0.000   114.879    38.429     0.000   114.888    38.452     0.000
   114.898    38.474     0.000   114.910    38.496     0.000   114.929    38.529     0.000   114.952    38.560     0.000
   114.977    38.591     0.000   115.003    38.621     0.000   115.031    38.650     0.000   115.060    38.678     0.000
   115.090    38.706     0.000   115.141    38.752     0.000   115.193    38.797     0.000   115.246    38.841     0.000
   115.300    38.884     0.000   115.354    38.927     0.000   115.409    38.970     0.000   115.464    39.012     0.000
   115.556    39.084     0.000   115.649    39.156     0.000   115.740    39.229     0.000   115.829    39.303     0.000
   115.915    39.379     0.000   115.998    39.458     0.000   116.078    39.538     0.000   116.123    39.588     0.000
   116.167    39.639     0.000   116.210    39.690     0.000   116.252    39.742     0.000   116.293    39.795     0.000
   116.334    39.847     0.000   116.375    39.900     0.000   116.409    39.927     0.000   116.447    39.953     0.000
   116.487    39.978     0.000   116.528    40.003     0.000
065 1
   116.640    40.034     0.000
4 106
   113.233    31.277     0.000   113.091    31.272     0.000   112.952    31.265     0.000   112.816    31.254     0.000
   112.686    31.237     0.000   112.564    31.211     0.000   112.451    31.175     0.000   112.350    31.126     0.000
   112.210    31.013     0.000   112.101    30.868     0.000   112.015    30.698     0.000   111.946    30.511     0.000
   111.884    30.316     0.000   111.822    30.120     0.000   111.754    29.931     0.000   111.698    29.808     0.000
   111.637    29.690     0.000   111.573    29.575     0.000   111.507    29.463     0.000   111.441    29.350     0.000
   111.377    29.235     0.000   111.317    29.117     0.000   111.276    29.028     0.000   111.240    28.937     0.000
   111.209    28.844     0.000   111.186    28.751     0.000   111.171    28.658     0.000   111.166    28.566     0.000
   111.172    28.476     0.000   111.202    28.350     0.000   111.252    28.228     0.000   111.317    28.108     0.000
   111.391    27.990     0.000   111.469    27.870     0.000   111.546    27.749     0.000   111.616    27.624     0.000
   111.662    27.526     0.000   111.704    27.427     0.000   111.745    27.329     0.000   111.788    27.233     0.000
   111.835    27.142     0.000   111.891    27.056     0.000   111.957    26.978     0.000   112.023    26.920     0.000
   112.098    26.868     0.000   112.180    26.823     0.000   112.269    26.786     0.000   112.363    26.755     0.000
   112.461    26.732     0.000   112.562    26.717     0.000   112.692    26.708     0.000   112.821    26.711     0.000
   112.949    26.726     0.000   113.070    26.753     0.000   113.184    26.793     0.000   113.288    26.844     0.000
   113.378    26.907     0.000   113.482    27.021     0.000   113.555    27.157     0.000   113.601    27.311     0.000
   113.624    27.477     0.000   113.628    27.650     0.000   113.617    27.828     0.000   113.594    28.004     0.000
   113.564    28.177     0.000   113.530    28.346     0.000   113.497    28.509     0.000   113.468    28.669     0.000
   113.448    28.826     0.000   113.442    28.981     0.000   113.452    29.135     0.000   113.479    29.270     0.000
   113.522    29.404     0.000   113.583    29.536     0.000   113.661    29.665     0.000   113.757    29.789     0.000
   113.871    29.909     0.000   114.003    30.023     0.000   114.108    30.100     0.000   114.215    30.175     0.000
   114.318    30.249     0.000   114.409    30.325     0.000   114.483    30.402     0.000   114.531    30.484     0.000
   114.547    30.572     0.000   114.540    30.620     0.000   114.524    30.669     0.000   114.500    30.719     0.000
   114.469    30.768     0.000   114.432    30.817     0.000   114.391    30.863     0.000   114.346    30.906     0.000
   114.271    30.968     0.000   114.192    31.021     0.000   114.108    31.066     0.000   114.021    31.105     0.000
   113.931    31.137     0.000   113.839    31.163     0.000   113.744    31.184     0.000   113.682    31.194     0.000
   113.619    31.203     0.000   113.556    31.211     0.000   113.492    31.217     0.000   113.428    31.222     0.000
   113.364    31.226     0.000   113.300    31.230     0.000
063 1
   113.233    31.277     0.000
4 100
   117.876    37.749     0.000   117.775    37.717     0.000   117.675    37.683     0.000   117.578    37.647     0.000
   117.485    37.608     0.000   117.397    37.564     0.000   117.316    37.514     0.000   117.243    37.457     0.000
   117.243    37.457     0.000   117.212    37.417     0.000   117.181    37.377     0.000   117.148    37.339     0.000
   117.114    37.301     0.000   117.078    37.266     0.000   117.039    37.233     0.000   116.997    37.202     0.000
   116.942    37.170     0.000   116.884    37.140     0.000   116.824    37.112     0.000   116.764    37.085     0.000
   116.705    37.056     0.000   116.649    37.024     0.000   116.598    36.988     0.000   116.559    36.954     0.000
   116.525    36.916     0.000   116.495    36.875     0.000   116.469    36.833     0.000   116.446    36.789     0.000
   116.426    36.744     0.000   116.409    36.699     0.000   116.402    36.679     0.000   116.396    36.660     0.000
   116.391    36.640     0.000   116.386    36.620     0.000   116.382    36.600     0.000   116.379    36.579     0.000
   116.376    36.558     0.000   116.374    36.524     0.000   116.375    36.490     0.000   116.380    36.456     0.000
   116.387    36.423     0.000   116.400    36.393     0.000   116.417    36.366     0.000   116.439    36.343     0.000
   116.476    36.321     0.000   116.521    36.307     0.000   116.571    36.301     0.000   116.625    36.301     0.000
   116.682    36.307     0.000   116.738    36.319     0.000   116.792    36.335     0.000   116.884    36.375     0.000
   116.965    36.426     0.000   117.039    36.481     0.000   117.109    36.537     0.000   117.179    36.588     0.000
   117.251    36.630     0.000   117.331    36.658     0.000   117.398    36.668     0.000   117.470    36.670     0.000
   117.545    36.667     0.000   117.622    36.662     0.000   117.698    36.658     0.000   117.774    36.657     0.000
   117.847    36.664     0.000   117.930    36.683     0.000   118.008    36.715     0.000   118.081    36.757     0.000
   118.151    36.806     0.000   118.218    36.859     0.000   118.283    36.915     0.000   118.346    36.970     0.000
   118.402    37.020     0.000   118.458    37.068     0.000   118.511    37.118     0.000   118.560    37.169     0.000
   118.605    37.224     0.000   118.646    37.284     0.000   118.680    37.350     0.000   118.705    37.418     0.000
   118.723    37.490     0.000   118.731    37.562     0.000   118.728    37.631     0.000   118.712    37.693     0.000
   118.681    37.746     0.000   118.634    37.785     0.000   118.598    37.802     0.000   118.556    37.813     0.000
   118.509    37.820     0.000   118.460    37.823     0.000   118.409    37.824     0.000   118.357    37.823     0.000
   118.305    37.821     0.000   118.251    37.818     0.000   118.198    37.815     0.000   118.147    37.811     0.000
   118.097    37.808     0.000   118.047    37.804     0.000   117.998    37.800     0.000   117.949    37.796     0.000

064 1
   117.876    37.749     0.000
4 79
   117.916    34.949     0.000   117.856    34.961     0.000   117.796    34.973     0.000   117.737    34.985     0.000
   117.677    34.996     0.000   117.617    35.007     0.000   117.557    35.018     0.000   117.496    35.027     0.000
   117.407    35.040     0.000   117.317    35.050     0.000   117.227    35.058     0.000   117.137    35.063     0.000
   117.045    35.065     0.000   116.953    35.064     0.000   116.861    35.059     0.000   116.776    35.051     0.000
   116.691    35.039     0.000   116.609    35.021     0.000   116.529    34.997     0.000   116.454    34.966     0.000
   116.385    34.927     0.000   116.323    34.878     0.000   116.264    34.813     0.000   116.217    34.740     0.000
   116.183    34.661     0.000   116.163    34.580     0.000   116.159    34.501     0.000   116.171    34.427     0.000
   116.202    34.361     0.000   116.259    34.301     0.000   116.338    34.254     0.000   116.433    34.220     0.000
   116.540    34.196     0.000   116.654    34.182     0.000   116.771    34.174     0.000   116.886    34.173     0.000
   116.886    34.173     0.000   116.996    34.161     0.000   117.106    34.150     0.000   117.216    34.140     0.000
   117.324    34.132     0.000   117.433    34.126     0.000   117.540    34.123     0.000   117.646    34.123     0.000
   117.755    34.127     0.000   117.862    34.135     0.000   117.970    34.149     0.000   118.078    34.168     0.000
   118.187    34.192     0.000   118.299    34.223     0.000   118.412    34.261     0.000   118.508    34.298     0.000
   118.601    34.339     0.000   118.688    34.387     0.000   118.763    34.440     0.000   118.823    34.500     0.000
   118.863    34.566     0.000   118.879    34.640     0.000   118.877    34.670     0.000   118.871    34.701     0.000
   118.862    34.731     0.000   118.848    34.761     0.000   118.831    34.789     0.000   118.810    34.814     0.000
   118.786    34.836     0.000   118.742    34.864     0.000   118.691    34.883     0.000   118.634    34.895     0.000
   118.574    34.902     0.000   118.512    34.906     0.000   118.449    34.908     0.000   118.386    34.909     0.000
   118.329    34.912     0.000   118.273    34.915     0.000   118.218    34.919     0.000   118.164    34.924     0.000
   118.111    34.930     0.000   118.059    34.935     0.000   118.006    34.941     0.000
064 1
   117.916    34.949     0.000
STATION_SITUATION
45001 62
45004 62
45005 62
45007 62
45009 62
45011 62
50136 61
50204 61
50246 61
50247 61
50349 61
50353 61
50425 61
50431 61
50434 61
50442 61
50445 61
50468 61
50514 61
50524 61
50525 61
50526 61
50527 61
50548 61
50557 61
50564 61
50566 61
50603 61
50618 61
50632 61
50639 61
50645 61
50646 61
50647 61
50655 61
50656 61
50658 61
50659 61
50673 61
50674 61
50727 61
50739 61
50741 61
50742 61
50745 61
50749 61
50750 61
50755 62
50756 62
50758 62
50767 62
50772 61
50774 62
50775 62
50776 61
50778 61
50779 61
50787 61
50788 61
50832 61
50833 61
50834 61
50838 61
50842 61
50844 61
50851 62
50852 62
50853 63
50854 62
50858 62
50859 63
50861 63
50862 63
50867 63
50871 62
50873 62
50877 62
50878 61
50879 62
50880 61
50884 61
50888 61
50892 61
50913 61
50915 61
50928 61
50934 61
50936 61
50937 61
50939 61
50940 61
50945 62
50946 62
50948 62
50949 62
50950 62
50953 63
50954 62
50955 63
50956 63
50958 63
50960 63
50962 63
50963 63
50964 62
50965 63
50968 63
50973 62
50978 62
50979 62
50983 61
50985 61
50987 62
51053 61
51057 61
51058 61
51059 61
51060 61
51068 61
51076 61
51087 61
51133 61
51137 61
51145 61
51156 61
51186 61
51232 61
51238 61
51241 61
51243 61
51288 61
51328 61
51329 61
51330 61
51334 61
51346 62
51352 62
51353 62
51356 62
51357 61
51358 61
51359 62
51365 62
51367 61
51368 61
51369 62
51377 62
51378 62
51379 62
51430 61
51431 61
51433 61
51434 61
51435 61
51436 61
51437 61
51438 61
51463 61
51465 61
51467 61
51468 61
51469 61
51470 62
51477 61
51482 62
51495 62
51526 61
51542 61
51559 61
51567 61
51568 61
51571 61
51572 61
51573 61
51581 61
51627 61
51628 61
51629 61
51633 61
51636 61
51639 61
51642 61
51644 61
51655 61
51656 61
51701 61
51704 61
51705 61
51707 61
51708 61
51709 61
51711 61
51716 61
51717 61
51720 61
51722 61
51730 61
51765 61
51777 61
51802 61
51804 61
51810 61
51811 61
51814 61
51815 61
51818 61
51826 61
51827 61
51828 61
51829 61
51839 61
51848 61
51855 61
51886 61
51931 61
52101 62
52112 62
52118 62
52203 62
52211 62
52267 62
52313 62
52323 62
52378 62
52418 61
52424 62
52436 62
52446 62
52447 62
52495 62
52515 61
52533 62
52546 62
52557 62
52575 62
52576 62
52602 61
52607 62
52633 61
52643 62
52645 61
52652 62
52656 61
52657 61
52661 62
52674 62
52675 62
52679 62
52681 62
52707 61
52713 61
52737 61
52740 61
52745 61
52749 61
52754 61
52765 61
52784 63
52787 63
52797 62
52815 61
52818 61
52825 61
52833 61
52835 61
52836 61
52842 61
52853 61
52854 61
52855 61
52856 61
52862 61
52863 61
52866 61
52868 61
52869 61
52874 62
52875 61
52876 62
52877 61
52885 63
52887 63
52889 63
52895 63
52896 63
52908 61
52941 61
52943 61
52955 61
52957 61
52963 61
52968 61
52972 62
52978 61
52980 62
52981 62
52982 62
52983 63
52984 62
52985 62
52986 62
52988 62
52993 62
52995 63
52996 62
52998 62
53068 61
53083 61
53149 62
53192 61
53194 61
53195 61
53201 62
53231 62
53272 62
53276 62
53289 62
53324 62
53336 62
53337 62
53343 62
53348 62
53352 62
53357 62
53362 62
53367 62
53368 62
53378 62
53384 62
53385 62
53391 62
53392 62
53397 62
53399 62
53419 62
53420 62
53424 62
53433 62
53446 62
53451 62
53455 62
53457 62
53463 62
53464 62
53466 62
53467 62
53469 62
53472 62
53475 62
53478 63
53480 62
53481 62
53483 62
53484 62
53486 63
53487 63
53488 63
53490 63
53491 62
53492 63
53498 63
53499 62
53502 62
53505 62
53512 62
53513 62
53517 62
53518 62
53519 62
53522 62
53529 62
53533 62
53543 62
53545 62
53547 62
53553 62
53562 62
53564 62
53565 62
53567 62
53573 63
53574 63
53575 63
53576 63
53577 63
53578 63
53579 63
53580 63
53582 63
53584 63
53585 63
53588 63
53590 63
53593 63
53594 63
53596 64
53599 63
53602 62
53610 62
53610 62
53611 62
53612 62
53614 62
53615 62
53617 62
53618 62
53644 62
53646 62
53651 62
53658 62
53659 62
53660 62
53662 63
53663 63
53664 62
53665 63
53666 63
53669 63
53673 63
53674 63
53676 63
53677 63
53678 63
53679 63
53680 64
53681 63
53682 64
53685 63
53687 63
53688 64
53689 64
53690 63
53691 64
53692 64
53693 63
53694 63
53695 64
53696 65
53697 64
53698 64
53699 65
53704 62
53705 62
53723 62
53725 62
53727 62
53730 62
53732 62
53735 62
53738 62
53740 62
53748 62
53750 62
53751 62
53753 62
53754 62
53756 62
53757 62
53759 62
53760 62
53763 63
53764 62
53767 62
53768 63
53769 63
53770 63
53771 63
53772 63
53773 64
53774 63
53775 63
53776 63
53777 63
53778 63
53780 63
53781 64
53782 63
53783 63
53784 64
53785 64
53786 63
53787 63
53788 63
53789 64
53790 64
53791 64
53792 64
53793 63
53794 64
53795 64
53796 64
53797 64
53798 64
53799 64
53806 62
53810 62
53817 62
53821 62
53829 62
53832 62
53833 64
53841 62
53845 62
53848 62
53850 62
53852 62
53853 62
53854 62
53856 62
53857 62
53859 62
53860 62
53861 63
53862 63
53863 63
53864 62
53865 62
53866 63
53868 63
53869 63
53871 63
53872 63
53873 63
53874 63
53875 63
53877 63
53878 63
53879 63
53880 63
53881 62
53882 63
53884 63
53885 63
53886 63
53888 63
53889 63
53890 63
53891 64
53892 64
53893 64
53894 64
53895 64
53896 64
53897 64
53898 64
53899 64
53903 62
53906 62
53908 62
53910 62
53914 62
53915 62
53916 62
53917 62
53923 62
53924 62
53925 62
53926 62
53927 62
53928 62
53929 62
53930 62
53931 62
53934 62
53935 62
53937 62
53938 62
53941 62
53942 62
53944 62
53945 62
53946 62
53947 62
53948 62
53949 62
53950 62
53953 62
53954 63
53955 62
53956 63
53957 62
53958 63
53959 63
53961 63
53962 63
53963 63
53964 63
53965 63
53966 63
53967 63
53968 63
53970 63
53972 63
53973 63
53974 64
53975 63
53976 63
53978 63
53979 63
53980 64
53981 63
53982 63
53983 63
53984 64
53985 64
53986 64
53987 64
53988 64
53989 64
53990 64
53991 64
53992 64
53993 64
53994 64
53995 64
53996 64
53997 64
53998 63
54001 61
54010 61
54012 61
54024 61
54026 61
54027 61
54031 61
54039 61
54041 61
54047 62
54049 62
54063 63
54064 63
54065 63
54069 63
54072 63
54705 64
54076 63
54080 63
54092 62
54093 62
54094 62
54096 61
54098 62
54099 61
54102 61
54103 62
54113 61
54115 61
54117 61
54122 61
54132 62
54134 61
54135 62
54142 62
54154 63
54155 63
54156 63
54157 63
54161 63
54164 63
54165 63
54169 63
54171 63
54172 63
54181 62
54186 62
54187 62
54192 61
54195 61
54204 62
54205 62
54208 62
54209 62
54213 62
54214 62
54218 62
54219 62
54223 62
54225 62
54226 62
54231 62
54234 62
54236 63
54237 62
54243 63
54244 63
54245 63
54247 63
54248 63
54249 63
54252 63
54254 63
54259 63
54260 63
54261 63
54263 63
54266 63
54267 62
54273 62
54274 63
54276 62
54284 61
54285 62
54286 61
54287 61
54290 61
54291 61
54292 61
54293 61
54301 62
54304 62
54305 62
54308 62
54311 62
54313 62
54316 62
54318 62
54319 62
54320 62
54321 62
54323 62
54324 62
54325 62
54326 62
54327 62
54328 62
54330 62
54331 62
54332 63
54333 63
54334 62
54335 63
54336 63
54337 62
54338 62
54339 62
54340 63
54342 63
54345 63
54346 62
54347 63
54348 63
54349 62
54351 63
54353 62
54362 62
54363 62
54365 62
54371 62
54374 62
54377 61
54386 62
54398 64
54399 64
54401 62
54404 62
54405 63
54406 63
54408 63
54409 63
54410 63
54412 63
54416 64
54419 64
54420 62
54421 63
54422 62
54423 62
54424 64
54425 63
54428 64
54429 63
54430 62
54431 65
54432 62
54433 65
54434 63
54436 62
54437 63
54438 62
54439 62
54449 62
54452 62
54453 62
54454 62
54455 62
54470 62
54471 62
54472 62
54474 62
54475 62
54476 62
54483 62
54486 61
54493 62
54494 61
54497 61
54499 63
54501 63
54502 64
54503 65
54504 63
54505 64
54506 64
54507 63
54508 64
54510 65
54511 64
54512 65
54513 64
54514 64
54515 65
54517 65
54518 65
54519 65
54520 65
54521 65
54522 64
54523 65
54525 65
54526 64
54527 65
54528 65
54529 64
54530 64
54531 62
54532 63
54533 63
54534 63
54535 63
54539 62
54540 62
54541 62
54563 61
54568 61
54569 61
54575 61
54579 61
54584 61
54587 61
54594 65
54596 64
54597 63
54601 65
54602 65
54603 65
54604 65
54605 65
54606 64
54607 64
54608 64
54609 65
54610 65
54611 64
54612 65
54613 65
54614 64
54615 64
54616 64
54617 64
54618 64
54619 65
54620 65
54621 65
54622 64
54623 64
54624 63
54626 65
54627 63
54628 63
54631 64
54632 64
54633 64
54636 65
54640 64
54644 63
54645 64
54646 63
54660 61
54662 61
54700 64
54701 64
54702 64
54703 64
54704 64
54706 63
54707 62
54707 63
54708 63
54709 63
54710 64
54711 63
54712 63
54713 63
54714 63
54715 63
54716 63
54717 63
54718 63
54719 63
54722 63
54723 63
54724 64
54725 64
54726 63
54727 64
54728 63
54729 64
54730 64
54731 64
54732 63
54734 64
54736 64
54737 64
54738 64
54744 64
54749 62
54751 61
54752 61
54753 62
54755 62
54759 61
54764 61
54765 61
54766 61
54774 61
54776 61
54777 61
54778 61
54800 64
54801 63
54802 63
54803 63
54804 64
54805 63
54806 63
54807 63
54808 63
54809 64
54810 63
54811 64
54812 64
54814 63
54815 63
54816 64
54817 63
54818 63
54819 63
54820 64
54821 64
54822 64
54823 64
54824 63
54825 63
54826 63
54827 63
54828 63
54829 64
54830 64
54831 63
54832 63
54833 64
54834 63
54835 63
54836 63
54837 63
54839 63
54841 63
54842 62
54843 63
54844 63
54846 62
54848 63
54849 62
54851 62
54852 61
54853 62
54855 62
54857 62
54861 61
54863 61
54868 61
54871 61
54900 64
54901 64
54902 64
54903 63
54904 63
54905 63
54906 63
54907 64
54908 63
54909 63
54910 63
54911 63
54912 63
54913 63
54914 63
54915 63
54916 63
54917 63
54918 63
54919 63
54920 63
54921 63
54922 63
54923 63
54925 63
54927 63
54929 63
54932 63
54935 63
54936 63
54938 63
54939 63
54940 63
54943 62
54945 63
54952 61
55228 61
55248 61
55279 61
55294 61
55299 61
55437 61
55472 61
55493 61
55569 61
55572 61
55578 61
55585 61
55589 61
55591 61
55593 61
55597 61
55598 61
55655 61
55664 61
55680 61
55681 61
55690 61
55696 61
55773 61
56004 61
56016 61
56018 61
56021 61
56029 61
56033 61
56034 61
56038 61
56041 61
56043 61
56045 61
56046 61
56065 61
56067 61
56071 61
56074 61
56079 61
56080 61
56081 61
56082 62
56084 61
56091 62
56092 62
56093 62
56094 62
56095 62
56096 62
56097 61
56106 61
56109 61
56116 61
56125 61
56128 61
56137 61
56144 61
56146 61
56147 61
56151 61
56152 61
56158 61
56164 61
56167 61
56168 61
56171 61
56172 61
56173 61
56178 61
56180 61
56181 62
56182 61
56183 61
56184 61
56185 61
56186 62
56187 62
56188 62
56189 62
56190 62
56192 62
56193 62
56194 62
56195 62
56196 62
56197 62
56198 62
56199 62
56202 61
56223 61
56227 61
56228 61
56247 61
56251 61
56257 61
56263 61
56267 61
56272 62
56273 61
56276 62
56278 61
56279 62
56280 62
56281 62
56284 62
56285 62
56286 62
56287 62
56288 62
56289 63
56290 62
56291 62
56294 62
56295 62
56296 62
56297 62
56298 62
56307 61
56312 61
56317 61
56331 61
56342 61
56357 61
56371 61
56373 62
56374 61
56376 62
56378 61
56380 62
56381 62
56382 62
56383 62
56384 62
56385 62
56386 62
56387 62
56389 62
56390 62
56391 62
56393 62
56394 62
56395 62
56396 62
56434 61
56441 61
56443 61
56444 61
56459 61
56462 61
56473 62
56474 61
56475 61
56478 61
56479 61
56480 62
56483 62
56485 62
56487 62
56489 62
56490 62
56491 62
56492 62
56493 63
56494 62
56495 62
56496 63
56497 62
56498 62
56499 62
56533 61
56543 61
56548 61
56565 61
56567 61
56569 61
56571 61
56575 61
56578 61
56580 61
56582 62
56584 62
56585 62
56586 62
56592 62
56593 63
56594 62
56595 62
56596 62
56598 62
56641 61
56643 61
56645 61
56646 61
56649 61
56651 61
56652 61
56654 61
56664 61
56665 61
56666 61
56669 61
56670 61
56671 61
56673 61
56674 61
56675 61
56684 61
56688 61
56691 62
56693 62
56697 62
56739 61
56741 61
56742 61
56745 61
56746 61
56748 61
56751 61
56752 61
56755 61
56756 61
56757 61
56761 61
56763 61
56764 61
56766 61
56767 61
56768 61
56772 61
56774 61
56775 61
56777 61
56778 61
56779 61
56781 61
56782 61
56783 62
56785 61
56786 62
56788 61
56790 62
56792 62
56793 62
56835 61
56836 61
56837 61
56838 61
56839 61
56840 61
56841 61
56842 61
56843 61
56844 61
56845 61
56846 61
56849 61
56851 61
56854 61
56856 61
56862 61
56863 61
56867 61
56869 61
56870 61
56871 61
56872 61
56873 61
56875 61
56876 61
56878 61
56879 61
56880 61
56881 61
56882 61
56883 62
56885 61
56886 61
56889 62
56891 62
56898 61
56944 61
56946 61
56948 61
56949 61
56950 61
56951 61
56952 61
56954 61
56956 61
56957 61
56958 61
56959 61
56961 61
56962 61
56964 61
56966 61
56969 61
56970 61
56973 61
56975 61
56976 61
56977 61
56978 61
56982 61
56984 61
56985 61
56986 61
56987 61
56989 61
56991 62
56992 62
56994 61
56995 61
56996 62
57001 62
57002 62
57003 62
57004 62
57006 62
57007 62
57008 62
57011 62
57012 62
57014 62
57016 62
57020 62
57021 62
57022 62
57023 62
57024 63
57025 63
57026 63
57027 63
57028 62
57029 63
57030 63
57031 62
57032 63
57033 63
57034 63
57035 63
57036 63
57037 62
57038 63
57039 63
57040 63
57041 63
57042 63
57043 63
57044 63
57045 63
57046 63
57047 62
57048 63
57049 63
57051 63
57052 63
57053 63
57054 63
57055 63
57056 63
57057 62
57060 63
57061 63
57063 63
57065 63
57066 63
57067 62
57070 63
57071 63
57072 63
57073 63
57074 63
57075 63
57076 63
57077 62
57078 63
57079 63
57080 63
57081 64
57082 63
57083 63
57085 63
57086 63
57087 63
57088 63
57089 63
57090 63
57091 63
57093 63
57094 63
57095 63
57096 63
57097 64
57098 63
57099 63
57102 62
57105 62
57106 62
57110 62
57111 62
57113 62
57119 62
57124 62
57126 62
57127 62
57128 62
57129 62
57132 63
57134 62
57137 62
57140 62
57143 62
57144 62
57153 62
57154 62
57155 62
57156 62
57162 63
57169 62
57171 62
57173 62
57175 62
57176 62
57177 62
57178 62
57179 62
57180 63
57181 62
57182 62
57183 62
57184 62
57185 62
57186 62
57187 62
57188 62
57189 62
57190 62
57191 63
57192 62
57193 62
57194 62
57195 62
57196 62
57197 62
57198 62
57204 62
57206 62
57208 62
57211 62
57213 62
57216 62
57217 62
57231 62
57232 62
57233 62
57237 62
57238 62
57242 62
57245 62
57247 62
57248 62
57249 62
57251 62
57253 62
57254 62
57256 62
57257 62
57259 62
57260 62
57261 62
57265 62
57268 62
57271 62
57273 62
57274 62
57277 62
57278 62
57279 62
57281 62
57285 62
57289 62
57290 62
57292 62
57293 62
57294 62
57295 62
57296 62
57297 62
57298 62
57299 62
57303 62
57304 62
57306 62
57307 62
57308 62
57309 62
57313 62
57314 62
57315 62
57317 62
57318 62
57320 62
57324 62
57326 62
57328 62
57329 62
57333 62
57338 62
57339 62
57343 62
57345 62
57348 62
57349 62
57355 62
57358 62
57359 62
57361 62
57362 62
57363 62
57368 62
57370 62
57377 62
57378 63
57381 62
57385 62
57387 63
57388 62
57389 63
57390 62
57395 62
57396 62
57398 62
57399 62
57401 62
57402 62
57405 62
57407 62
57408 62
57409 63
57411 62
57413 62
57414 62
57415 63
57416 63
57417 63
57420 63
57425 63
57426 63
57431 62
57432 62
57437 63
57438 63
57439 62
57445 62
57447 62
57451 62
57453 62
57458 62
57460 62
57461 62
57462 62
57464 62
57465 62
57466 62
57469 62
57474 63
57475 63
57476 63
57477 63
57481 63
57482 63
57483 63
57485 63
57486 63
57489 63
57491 62
57492 62
57493 63
57494 63
57496 62
57498 62
57499 62
57502 63
57503 62
57504 62
57505 63
57506 63
57507 63
57508 63
57509 63
57510 63
57511 63
57512 63
57513 63
57514 63
57516 63
57517 63
57518 63
57519 63
57520 63
57522 63
57523 63
57525 62
57536 62
57537 62
57540 62
57541 62
57543 62
57544 62
57545 62
57554 62
57558 62
57562 62
57564 62
57565 63
57566 63
57571 63
57573 63
57574 63
57575 63
57577 63
57581 63
57582 62
57583 63
57584 63
57585 63
57586 62
57589 62
57590 62
57595 62
57598 62
57600 63
57602 63
57603 63
57604 63
57605 62
57606 62
57608 63
57609 63
57612 63
57614 62
57622 63
57623 62
57625 62
57633 62
57634 62
57635 62
57636 62
57637 62
57640 62
57642 62
57643 62
57646 62
57647 62
57649 62
57655 62
57657 62
57658 62
57661 63
57662 63
57663 63
57666 63
57669 63
57671 63
57673 63
57674 63
57678 63
57679 63
57680 63
57682 62
57687 63
57688 62
57694 62
57696 62
57698 62
57699 62
57707 62
57708 62
57710 62
57713 62
57714 62
57717 62
57718 62
57719 62
57720 62
57722 62
57723 62
57728 62
57729 62
57730 62
57731 62
57732 62
57734 62
57735 62
57736 62
57737 62
57738 62
57739 62
57740 62
57741 62
57742 62
57743 62
57744 62
57745 62
57746 62
57749 62
57752 62
57754 62
57758 62
57760 62
57761 62
57762 63
57763 63
57766 62
57767 62
57768 62
57769 62
57771 63
57772 63
57773 63
57774 63
57776 63
57777 63
57778 63
57779 63
57780 63
57781 63
57782 63
57786 62
57789 62
57792 62
57793 62
57796 62
57797 62
57798 62
57799 62
57800 62
57803 62
57805 62
57806 62
57807 62
57808 62
57809 62
57811 62
57813 62
57814 62
57816 62
57818 62
57821 62
57822 62
57823 62
57824 62
57825 62
57826 62
57827 62
57828 62
57829 62
57832 62
57834 62
57835 62
57837 62
57839 62
57840 62
57841 62
57842 62
57844 62
57845 62
57846 62
57851 62
57853 62
57857 62
57859 62
57860 62
57865 62
57866 62
57867 62
57868 62
57870 62
57871 63
57872 63
57874 62
57875 63
57876 62
57881 62
57882 62
57883 62
57886 62
57887 62
57889 62
57891 62
57894 62
57895 62
57896 62
57899 62
57900 62
57902 62
57903 62
57905 62
57906 62
57907 62
57908 62
57909 62
57910 62
57911 62
57912 62
57913 62
57914 62
57915 62
57916 62
57921 62
57922 62
57923 62
57926 62
57927 62
57932 62
57936 62
57941 62
57942 62
57947 62
57948 62
57949 62
57954 62
57955 62
57956 62
57957 62
57958 62
57960 62
57962 62
57964 62
57965 62
57966 62
57969 62
57971 62
57972 62
57973 62
57974 62
57975 62
57976 62
57978 62
57980 62
57981 62
57985 62
57988 62
57989 62
57990 62
57991 62
57992 62
57993 62
57994 62
57995 62
57996 62
58001 63
58002 63
58003 63
58004 63
58005 63
58006 63
58007 63
58008 63
58009 63
58010 63
58011 63
58012 64
58013 64
58015 64
58016 64
58020 64
58021 64
58022 64
58024 64
58025 64
58026 64
58027 64
58028 64
58030 64
58032 63
58034 64
58035 64
58036 64
58038 63
58040 63
58041 63
58044 63
58045 63
58046 63
58047 63
58048 63
58049 63
58100 62
58101 62
58102 63
58104 62
58107 62
58108 62
58109 62
58111 63
58113 63
58114 62
58116 63
58117 62
58118 62
58122 63
58125 63
58126 63
58127 62
58128 62
58129 63
58130 63
58131 63
58132 63
58135 63
58138 63
58139 63
58140 63
58141 63
58143 63
58144 63
58145 63
58146 63
58147 63
58148 63
58150 62
58151 63
58154 63
58158 62
58202 62
58203 62
58205 62
58207 62
58208 62
58210 62
58212 62
58214 62
58215 62
58220 62
58221 62
58222 62
58223 62
58224 62
58225 62
58230 62
58234 63
58235 63
58236 62
58237 62
58238 63
58239 63
58240 63
58241 63
58242 63
58243 63
58244 63
58245 63
58246 63
58247 63
58248 63
58249 63
58250 63
58251 63
58252 63
58254 63
58255 63
58257 63
58259 63
58264 62
58265 62
58266 62
58268 62
58269 62
58301 62
58305 62
58306 62
58311 62
58314 62
58316 62
58317 62
58319 62
58320 62
58321 62
58323 62
58326 62
58327 62
58329 62
58330 62
58331 62
58333 63
58334 62
58335 62
58336 62
58337 62
58338 62
58339 63
58340 63
58341 63
58342 63
58343 63
58344 63
58345 63
58346 63
58349 63
58351 63
58352 63
58353 63
58354 63
58356 63
58357 63
58358 63
58359 63
58360 62
58361 62
58362 62
58364 62
58365 62
58366 62
58367 62
58369 62
58374 62
58376 62
58377 62
58401 62
58402 62
58404 62
58407 62
58408 62
58409 62
58414 62
58415 62
58416 62
58417 62
58418 62
58419 62
58420 62
58421 62
58423 62
58424 62
58426 62
58427 62
58428 62
58429 62
58431 62
58432 62
58433 62
58435 62
58436 63
58437 62
58438 62
58441 63
58442 63
58443 63
58445 63
58446 63
58447 63
58448 63
58449 63
58450 63
58451 63
58452 63
58453 62
58454 63
58455 62
58456 63
58457 63
58458 62
58459 63
58460 62
58461 62
58462 62
58463 62
58464 62
58467 62
58468 62
58472 61
58473 61
58477 62
58484 62
58500 62
58501 62
58502 62
58503 62
58506 62
58507 62
58508 62
58509 62
58510 62
58512 62
58514 62
58517 62
58518 62
58519 62
58520 62
58523 62
58527 62
58529 62
58530 62
58531 62
58534 62
58537 62
58542 62
58543 62
58544 62
58546 62
58547 62
58548 62
58549 62
58550 62
58553 62
58555 62
58556 62
58557 62
58558 62
58559 62
58562 62
58563 62
58565 62
58566 62
58567 62
58568 62
58569 62
58570 62
58590 61
58600 62
58601 62
58602 62
58605 62
58606 62
58607 62
58608 62
58609 62
58611 62
58612 62
58614 62
58615 62
58616 62
58617 62
58618 62
58620 62
58622 62
58623 62
58624 62
58625 62
58626 62
58627 62
58629 62
58631 62
58632 62
58633 62
58634 62
58635 62
58637 62
58642 62
58643 62
58644 62
58646 62
58647 62
58652 62
58653 62
58654 62
58656 62
58657 62
58658 62
58659 62
58660 62
58664 62
58665 62
58666 61
58667 62
58693 62
58701 62
58704 62
58705 62
58706 62
58707 62
58710 62
58712 62
58712 62
58713 62
58714 62
58715 62
58718 62
58724 62
58725 62
58730 62
58731 62
58734 62
58735 62
58736 62
58737 62
58742 62
58744 62
58745 62
58746 62
58747 62
58748 62
58749 62
58750 62
58751 62
58752 62
58754 62
58760 62
58804 62
58806 62
58813 62
58814 62
58818 62
58819 62
58820 62
58821 62
58822 62
58823 62
58824 62
58826 62
58828 62
58834 62
58836 62
58837 62
58839 62
58843 62
58844 62
58845 62
58846 62
58847 62
58848 62
58849 62
58900 62
58903 62
58905 62
58906 62
58907 62
58911 62
58912 62
58917 62
58918 62
58921 62
58923 62
58926 62
58927 62
58928 62
58929 62
58931 62
58932 62
58933 62
58934 62
58935 62
58936 62
58938 62
58940 62
58941 62
58942 62
58944 61
58945 61
58946 62
58965 61
58968 61
58969 61
58974 61
59001 62
59004 62
59007 62
59012 62
59015 62
59017 62
59021 62
59022 62
59023 62
59025 62
59027 62
59031 62
59033 62
59034 62
59037 62
59038 62
59041 62
59044 62
59045 62
59046 62
59047 62
59051 62
59052 62
59053 62
59055 62
59057 62
59058 62
59059 62
59061 62
59063 62
59064 62
59065 62
59071 62
59072 62
59074 62
59075 62
59081 62
59082 62
59087 62
59088 62
59090 62
59091 62
59092 62
59093 62
59094 62
59096 62
59097 62
59099 62
59102 62
59106 62
59107 62
59109 62
59113 62
59114 62
59116 62
59117 62
59122 62
59124 62
59125 62
59126 62
59127 62
59129 62
59130 62
59131 62
59133 62
59134 62
59135 62
59137 62
59152 61
59153 61
59155 61
59158 61
59162 61
59205 62
59209 62
59211 62
59213 62
59215 62
59218 62
59224 62
59227 62
59228 62
59229 62
59230 62
59235 62
59237 62
59238 62
59241 62
59242 62
59246 62
59249 62
59252 62
59254 62
59255 62
59256 62
59262 62
59264 62
59265 62
59266 62
59268 62
59269 62
59270 62
59271 62
59276 62
59278 62
59279 62
59280 62
59282 62
59284 62
59285 62
59287 62
59288 62
59289 62
59290 62
59293 62
59294 62
59297 62
59298 62
59303 62
59304 62
59306 62
59310 62
59312 62
59313 62
59314 62
59315 62
59316 62
59317 62
59318 62
59319 62
59320 62
59321 62
59322 62
59324 62
59327 62
59328 62
59345 61
59348 61
59353 61
59354 61
59358 61
59359 61
59362 61
59368 61
59399 63
59413 62
59417 62
59419 62
59421 62
59425 62
59426 62
59427 62
59428 62
59429 62
59431 62
59435 62
59441 62
59446 62
59448 62
59449 62
59451 62
59452 62
59453 62
59454 62
59456 62
59457 62
59462 62
59469 62
59470 62
59471 62
59473 62
59475 62
59476 62
59477 62
59478 62
59480 62
59481 62
59485 62
59487 62
59488 62
59492 62
59493 62
59500 62
59501 62
59502 62
59505 62
59553 61
59554 61
59556 61
59559 61
59562 61
59567 61
59605 62
59620 62
59626 61
59631 62
59632 62
59635 62
59640 62
59644 61
59647 61
59653 62
59654 62
59655 62
59656 62
59658 61
59659 62
59663 62
59664 62
59673 61
59681 61
59750 61
59752 61
59754 61
59757 61
59758 61
59792 61
59838 61
59842 61
59843 61
59845 61
59847 61
59848 61
59849 61
59851 61
59853 61
59854 61
59855 61
59856 61
59940 61
59941 61
59945 61
59948 61
59951 61
59954 61
59981 61
59985 61
59995 61
59997 61
51747 61
52974 61
WEATHER_REGION: 0
FILLAREA: 0
NOTES_SYMBOL: 0
WithProp_LINESYMBOLS: 0
FORECASTER_INFORMATION
0 unregisted
