diamond 14 /disk2/diamond/update/zhyb/kw15040708.024
2015 4 8 5 0 
LINES: 0 
LINES_SYMBOL:  0 
SYMBOLS:  0 
CLOSED_CONTOURS:  14 
 2  92 
 114.985  56.49  0 
 117.302  56.414  0 
 119.608  56.284  0 
 121.891  56.081  0 
 124.138  55.79  0 
 126.334  55.393  0 
 128.46  54.873  0 
 130.498  54.217  0 
 132.514  53.368  0 
 134.345  52.375  0 
 135.932  51.264  0 
 137.232  50.064  0 
 138.21  48.805  0 
 138.836  47.517  0 
 139.088  46.229  0 
 138.895  44.707  0 
 138.259  43.214  0 
 137.297  41.738  0 
 136.115  40.266  0 
 134.807  38.788  0 
 133.462  37.296  0 
 132.16  35.789  0 
 129.599  32.378  0 
 127.403  29.015  0 
 125.381  25.801  0 
 123.365  22.815  0 
 121.207  20.114  0 
 118.771  17.735  0 
 115.924  15.695  0 
 114.647  14.976  0 
 113.315  14.337  0 
 111.956  13.805  0 
 110.596  13.412  0 
 109.258  13.187  0 
 107.961  13.166  0 
 106.724  13.382  0 
 105.886  13.698  0 
 105.077  14.132  0 
 104.289  14.663  0 
 103.514  15.268  0 
 102.744  15.924  0 
 101.974  16.606  0 
 101.198  17.291  0 
 99.476  18.706  0 
 97.686  20.005  0 
 95.812  21.181  0 
 93.838  22.223  0 
 91.748  23.122  0 
 89.527  23.864  0 
 87.163  24.435  0 
 85.316  24.747  0 
 83.432  25.001  0 
 81.557  25.247  0 
 79.729  25.537  0 
 77.986  25.929  0 
 76.357  26.482  0 
 74.871  27.26  0 
 73.082  28.791  0 
 71.625  30.78  0 
 70.528  33.118  0 
 69.843  35.69  0 
 69.645  38.367  0 
 70.031  41.012  0 
 71.111  43.474  0 
 72.238  44.913  0 
 73.689  46.186  0 
 75.434  47.276  0 
 77.432  48.166  0 
 79.636  48.843  0 
 81.985  49.295  0 
 84.413  49.512  0 
 86.473  49.518  0 
 88.521  49.404  0 
 90.544  49.218  0 
 92.541  49.011  0 
 94.515  48.833  0 
 96.479  48.732  0 
 98.45  48.758  0 
 99.868  48.875  0 
 101.289  49.075  0 
 102.7  49.353  0 
 104.085  49.704  0 
 105.429  50.125  0 
 106.715  50.612  0 
 107.923  51.164  0 
 109.018  51.765  0 
 110.038  52.419  0 
 111.001  53.116  0 
 111.923  53.847  0 
 112.823  54.602  0 
 113.718  55.372  0 
 114.626  56.144  0 
 061  1 
 114.985  56.49  0 
 2  85 
 124.18  42.42448  0 
 124.099  42.4238  0 
 124.0161  42.42595  0 
 123.9325  42.42876  0 
 123.8501  42.43008  0 
 123.7702  42.42757  0 
 123.6943  42.41916  0 
 123.6242  42.40271  0 
 123.5355  42.36368  0 
 123.4567  42.30935  0 
 123.386  42.24347  0 
 123.3216  42.16996  0 
 123.2613  42.09257  0 
 123.2032  42.01529  0 
 123.1455  41.94178  0 
 123.0981  41.8783  0 
 123.0561  41.81225  0 
 123.0171  41.74482  0 
 122.9787  41.67725  0 
 122.9383  41.61085  0 
 122.8934  41.54681  0 
 122.8417  41.4864  0 
 122.7975  41.44508  0 
 122.7489  41.40615  0 
 122.6977  41.36855  0 
 122.6459  41.33141  0 
 122.5952  41.29352  0 
 122.5477  41.25403  0 
 122.5052  41.21198  0 
 122.4721  41.17716  0 
 122.4365  41.14098  0 
 122.4012  41.10384  0 
 122.3695  41.06628  0 
 122.3445  41.02862  0 
 122.3293  40.99133  0 
 122.3269  40.95478  0 
 122.3344  40.92628  0 
 122.3485  40.89661  0 
 122.368  40.86675  0 
 122.3918  40.83761  0 
 122.4188  40.81026  0 
 122.4477  40.78562  0 
 122.4775  40.76466  0 
 122.5166  40.74356  0 
 122.5615  40.72513  0 
 122.6105  40.70992  0 
 122.6616  40.69842  0 
 122.7131  40.69103  0 
 122.7629  40.68828  0 
 122.8094  40.69073  0 
 122.8519  40.69985  0 
 122.8931  40.71573  0 
 122.9334  40.73661  0 
 122.973  40.76053  0 
 123.0126  40.78573  0 
 123.0522  40.81028  0 
 123.0923  40.8324  0 
 123.1876  40.87751  0 
 123.2858  40.9206  0 
 123.3847  40.96321  0 
 123.4823  41.00687  0 
 123.5767  41.05294  0 
 123.6659  41.10308  0 
 123.7477  41.15884  0 
 123.8184  41.21666  0 
 123.8849  41.27869  0 
 123.9473  41.3442  0 
 124.0058  41.41238  0 
 124.0603  41.4826  0 
 124.1111  41.55401  0 
 124.158  41.62591  0 
 124.1926  41.68131  0 
 124.2265  41.73793  0 
 124.2586  41.79539  0 
 124.2875  41.85365  0 
 124.3121  41.91251  0 
 124.3309  41.97186  0 
 124.3429  42.03136  0 
 124.3461  42.08353  0 
 124.3429  42.1363  0 
 124.3352  42.1895  0 
 124.3245  42.24292  0 
 124.3126  42.29648  0 
 124.3013  42.35005  0 
 124.2922  42.40338  0 
 063  1 
 124.18  42.42448  0 
 2  2 
 126.9425  47.19806  0 
 126.9425  47.19806  0 
NoLabel 0
 2  85 
 127.341  47.45172  0 
 127.3165  47.4501  0 
 127.2921  47.44843  0 
 127.2675  47.44679  0 
 127.243  47.44514  0 
 127.2184  47.4434  0 
 127.1939  47.44162  0 
 127.1695  47.43963  0 
 126.919  47.41566  0 
 126.6684  47.38432  0 
 126.42  47.34483  0 
 126.176  47.2961  0 
 125.9384  47.23746  0 
 125.7096  47.16798  0 
 125.4916  47.08698  0 
 125.4072  47.05259  0 
 125.3217  47.0174  0 
 125.237  46.98088  0 
 125.1547  46.94236  0 
 125.0767  46.9012  0 
 125.005  46.85687  0 
 124.941  46.80882  0 
 124.877  46.75124  0 
 124.816  46.68878  0 
 124.7608  46.62235  0 
 124.7138  46.55333  0 
 124.6775  46.48269  0 
 124.6546  46.41157  0 
 124.6474  46.34111  0 
 124.6497  46.30794  0 
 124.6551  46.27411  0 
 124.6632  46.24001  0 
 124.6737  46.20591  0 
 124.6866  46.17224  0 
 124.7015  46.13945  0 
 124.7181  46.10783  0 
 124.7554  46.05287  0 
 124.8024  46.00062  0 
 124.8569  45.9508  0 
 124.9168  45.90295  0 
 124.98  45.85677  0 
 125.044  45.81197  0 
 125.107  45.76814  0 
 125.2361  45.68246  0 
 125.3738  45.60096  0 
 125.519  45.52493  0 
 125.6704  45.45525  0 
 125.8271  45.393  0 
 125.9876  45.33932  0 
 126.1507  45.29524  0 
 126.2414  45.27374  0 
 126.3348  45.25229  0 
 126.4298  45.23265  0 
 126.5255  45.21651  0 
 126.6208  45.20552  0 
 126.7146  45.20142  0 
 126.8056  45.20582  0 
 126.8824  45.2181  0 
 126.9579  45.23758  0 
 127.0327  45.26245  0 
 127.1069  45.29081  0 
 127.1808  45.32061  0 
 127.2548  45.3501  0 
 127.3289  45.37733  0 
 127.4833  45.42525  0 
 127.6486  45.47055  0 
 127.816  45.5159  0 
 127.9774  45.56409  0 
 128.1241  45.6179  0 
 128.2479  45.68019  0 
 128.3405  45.75409  0 
 128.4097  45.86634  0 
 128.4391  45.99993  0 
 128.435  46.14799  0 
 128.4037  46.30362  0 
 128.3517  46.45988  0 
 128.2854  46.60981  0 
 128.2115  46.74624  0 
 128.1368  46.85106  0 
 128.0437  46.95116  0 
 127.9368  47.04771  0 
 127.8211  47.14199  0 
 127.7015  47.23523  0 
 127.583  47.32888  0 
 127.4706  47.42417  0 
 063  1 
 127.341  47.45172  0 
 2  155 
 113.1  37.73055  0 
 113.1041  37.78046  0 
 113.0991  37.81642  0 
 113.0868  37.85253  0 
 113.07  37.88884  0 
 113.0515  37.92514  0 
 113.0344  37.96164  0 
 113.0215  37.99823  0 
 113.0159  38.03487  0 
 113.0175  38.06848  0 
 113.0234  38.10217  0 
 113.0325  38.136  0 
 113.0437  38.16992  0 
 113.0555  38.20382  0 
 113.0672  38.23774  0 
 113.0772  38.27156  0 
 113.0942  38.3178  0 
 113.1183  38.36711  0 
 113.1444  38.4172  0 
 113.1671  38.46574  0 
 113.1807  38.51055  0 
 113.18  38.5493  0 
 113.1595  38.57971  0 
 113.1415  38.59125  0 
 113.1189  38.60134  0 
 113.0931  38.6101  0 
 113.0651  38.61782  0 
 113.036  38.62446  0 
 113.0072  38.63022  0 
 112.9797  38.63531  0 
 112.9384  38.64198  0 
 112.8952  38.64732  0 
 112.8509  38.6507  0 
 112.8071  38.65171  0 
 112.7646  38.64971  0 
 112.7248  38.64423  0 
 112.6888  38.63464  0 
 112.647  38.61456  0 
 112.6092  38.58641  0 
 112.5752  38.55193  0 
 112.5451  38.51317  0 
 112.5186  38.47205  0 
 112.4958  38.43048  0 
 112.4764  38.39034  0 
 112.4652  38.35963  0 
 112.4582  38.32776  0 
 112.4535  38.29505  0 
 112.4503  38.26204  0 
 112.4468  38.22896  0 
 112.4418  38.19628  0 
 112.4338  38.1644  0 
 112.4159  38.11349  0 
 112.395  38.06287  0 
 112.3712  38.01288  0 
 112.3446  37.96367  0 
 112.3155  37.91567  0 
 112.284  37.86904  0 
 112.2503  37.82411  0 
 112.1984  37.76777  0 
 112.1383  37.71595  0 
 112.073  37.66706  0 
 112.0051  37.61941  0 
 111.9376  37.57128  0 
 111.9376  37.57128  0 
 111.9268  37.56654  0 
 111.9159  37.56188  0 
 111.905  37.55731  0 
 111.8941  37.55257  0 
 111.8834  37.54782  0 
 111.8729  37.54281  0 
 111.8628  37.53753  0 
 111.8153  37.50389  0 
 111.7769  37.46276  0 
 111.7458  37.41591  0 
 111.7202  37.36528  0 
 111.6981  37.31288  0 
 111.6776  37.26054  0 
 111.6569  37.2101  0 
 111.633  37.14683  0 
 111.6155  37.08192  0 
 111.6021  37.01593  0 
 111.5912  36.94941  0 
 111.5805  36.88275  0 
 111.5681  36.81642  0 
 111.5523  36.75105  0 
 111.5264  36.67688  0 
 111.4937  36.60322  0 
 111.4582  36.52991  0 
 111.4244  36.45677  0 
 111.3965  36.38354  0 
 111.3788  36.31016  0 
 111.3755  36.23628  0 
 111.3776  36.19941  0 
 111.38  36.16053  0 
 111.3839  36.12113  0 
 111.3906  36.08261  0 
 111.4014  36.04671  0 
 111.4176  36.01475  0 
 111.4404  35.98838  0 
 111.4674  35.96907  0 
 111.5005  35.95198  0 
 111.5379  35.93747  0 
 111.5781  35.92582  0 
 111.6192  35.91748  0 
 111.6596  35.91285  0 
 111.6974  35.91228  0 
 111.7321  35.91597  0 
 111.7677  35.92358  0 
 111.8035  35.93461  0 
 111.8387  35.94833  0 
 111.8722  35.96427  0 
 111.9036  35.98168  0 
 111.9316  36.00002  0 
 111.9641  36.02798  0 
 111.9913  36.06072  0 
 112.0142  36.09711  0 
 112.0343  36.13579  0 
 112.0523  36.1757  0 
 112.0697  36.21557  0 
 112.0875  36.25409  0 
 112.1178  36.32961  0 
 112.1387  36.40783  0 
 112.154  36.4877  0 
 112.1672  36.56828  0 
 112.1818  36.64853  0 
 112.2015  36.72741  0 
 112.23  36.80394  0 
 112.2534  36.85609  0 
 112.2774  36.90909  0 
 112.3029  36.96188  0 
 112.3309  37.0136  0 
 112.3625  37.06317  0 
 112.3983  37.10971  0 
 112.4395  37.15217  0 
 112.4844  37.18591  0 
 112.5363  37.21479  0 
 112.5924  37.24076  0 
 112.6503  37.26553  0 
 112.7071  37.29115  0 
 112.7603  37.31943  0 
 112.8072  37.35235  0 
 112.8496  37.39437  0 
 112.8853  37.4411  0 
 112.917  37.49097  0 
 112.947  37.5422  0 
 112.9779  37.59315  0 
 113.0123  37.64209  0 
 113.0528  37.68727  0 
 113.0594  37.69357  0 
 113.0661  37.69978  0 
 113.0728  37.70591  0 
 113.0796  37.71211  0 
 113.0864  37.71822  0 
 113.0932  37.72434  0 
 113.1  37.73055  0 
 063  1 
 113.1  37.73055  0 
 2  92 
 109.2583  35.27417  0 
 109.1751  35.21802  0 
 109.0936  35.15922  0 
 109.0126  35.0997  0 
 108.9311  35.04136  0 
 108.848  34.98625  0 
 108.762  34.93619  0 
 108.6721  34.89313  0 
 108.5529  34.84927  0 
 108.4277  34.81441  0 
 108.2981  34.78688  0 
 108.1653  34.76511  0 
 108.031  34.74762  0 
 107.8966  34.73269  0 
 107.7637  34.71888  0 
 107.7296  34.71627  0 
 107.6949  34.71488  0 
 107.6602  34.71396  0 
 107.6256  34.71279  0 
 107.5914  34.71045  0 
 107.5581  34.7062  0 
 107.5258  34.69915  0 
 107.4901  34.68921  0 
 107.4524  34.67794  0 
 107.4149  34.66481  0 
 107.3796  34.64951  0 
 107.3485  34.63161  0 
 107.3237  34.61078  0 
 107.3074  34.58662  0 
 107.303  34.57465  0 
 107.2998  34.56172  0 
 107.2979  34.5481  0 
 107.2969  34.53418  0 
 107.2968  34.5203  0 
 107.2974  34.50662  0 
 107.2987  34.49354  0 
 107.3079  34.4586  0 
 107.3256  34.4245  0 
 107.35  34.39174  0 
 107.3794  34.36058  0 
 107.4117  34.33136  0 
 107.4451  34.30458  0 
 107.4779  34.28041  0 
 107.5422  34.24477  0 
 107.6161  34.22003  0 
 107.697  34.20356  0 
 107.7822  34.19286  0 
 107.8694  34.18567  0 
 107.9561  34.17935  0 
 108.0395  34.17159  0 
 108.1558  34.15924  0 
 108.2738  34.14939  0 
 108.3927  34.14283  0 
 108.5115  34.14045  0 
 108.6293  34.14306  0 
 108.7455  34.15157  0 
 108.859  34.16694  0 
 108.9775  34.18825  0 
 109.0996  34.21387  0 
 109.2214  34.24508  0 
 109.3395  34.28308  0 
 109.4501  34.32944  0 
 109.5496  34.38552  0 
 109.6342  34.4527  0 
 109.6661  34.48463  0 
 109.697  34.51863  0 
 109.7266  34.55453  0 
 109.7539  34.59175  0 
 109.7782  34.63004  0 
 109.7987  34.66899  0 
 109.8148  34.70827  0 
 109.8284  34.75312  0 
 109.8392  34.80073  0 
 109.8461  34.84977  0 
 109.848  34.89889  0 
 109.8439  34.94678  0 
 109.8327  34.99208  0 
 109.8135  35.03338  0 
 109.7966  35.05777  0 
 109.7763  35.08164  0 
 109.7529  35.10476  0 
 109.7273  35.12685  0 
 109.7001  35.14752  0 
 109.6716  35.16676  0 
 109.6427  35.18406  0 
 109.6185  35.19638  0 
 109.5928  35.20717  0 
 109.5663  35.21687  0 
 109.5391  35.2258  0 
 109.5117  35.23455  0 
 109.4844  35.24337  0 
 109.4575  35.25269  0 
 063  1 
 109.2583  35.27417  0 
 2  229 
 115.1813  38.29089  0 
 115.0986  38.1911  0 
 115.027  38.08814  0 
 114.9603  37.97107  0 
 114.9029  37.84838  0 
 114.8555  37.72143  0 
 114.8188  37.59184  0 
 114.7935  37.46094  0 
 114.7801  37.33024  0 
 114.7793  37.20115  0 
 114.7836  37.15739  0 
 114.7914  37.11349  0 
 114.8011  37.06958  0 
 114.811  37.02565  0 
 114.8196  36.98183  0 
 114.825  36.93807  0 
 114.8258  36.89448  0 
 114.8225  36.85142  0 
 114.8169  36.80803  0 
 114.809  36.76473  0 
 114.7986  36.72169  0 
 114.7857  36.6791  0 
 114.7702  36.63737  0 
 114.7521  36.59668  0 
 114.7442  36.57923  0 
 114.7366  36.561  0 
 114.7286  36.54272  0 
 114.72  36.52499  0 
 114.7099  36.50845  0 
 114.6981  36.49373  0 
 114.6838  36.48154  0 
 114.6651  36.47092  0 
 114.6433  36.46236  0 
 114.6193  36.45572  0 
 114.5938  36.45085  0 
 114.568  36.44786  0 
 114.5424  36.44646  0 
 114.5182  36.44674  0 
 114.4959  36.44867  0 
 114.4732  36.45239  0 
 114.4505  36.45764  0 
 114.428  36.46429  0 
 114.4064  36.47208  0 
 114.386  36.4808  0 
 114.3672  36.49035  0 
 114.3381  36.51009  0 
 114.3126  36.53443  0 
 114.2904  36.56221  0 
 114.2713  36.59243  0 
 114.255  36.62401  0 
 114.2413  36.65586  0 
 114.23  36.68682  0 
 114.2219  36.71647  0 
 114.2174  36.74704  0 
 114.2154  36.77822  0 
 114.2155  36.80979  0 
 114.2171  36.84154  0 
 114.2193  36.87309  0 
 114.2215  36.90431  0 
 114.2275  36.95631  0 
 114.2376  37.00801  0 
 114.2507  37.05954  0 
 114.2658  37.11098  0 
 114.2819  37.16239  0 
 114.2977  37.21383  0 
 114.3123  37.26528  0 
 114.324  37.30558  0 
 114.3373  37.3458  0 
 114.351  37.38601  0 
 114.3642  37.42627  0 
 114.3757  37.46663  0 
 114.3845  37.507  0 
 114.3896  37.54762  0 
 114.3894  37.59293  0 
 114.3837  37.63843  0 
 114.3743  37.68399  0 
 114.3633  37.72976  0 
 114.3527  37.77551  0 
 114.3445  37.82139  0 
 114.3406  37.86719  0 
 114.3407  37.90807  0 
 114.3425  37.9491  0 
 114.3458  37.99015  0 
 114.3503  38.03122  0 
 114.3558  38.07226  0 
 114.3618  38.11319  0 
 114.3682  38.15401  0 
 114.3777  38.21436  0 
 114.3873  38.27514  0 
 114.3984  38.33596  0 
 114.4116  38.39625  0 
 114.4281  38.45567  0 
 114.4491  38.51374  0 
 114.4753  38.56995  0 
 114.504  38.61853  0 
 114.5373  38.66581  0 
 114.574  38.71209  0 
 114.6134  38.75743  0 
 114.6545  38.80215  0 
 114.6964  38.8463  0 
 114.738  38.8902  0 
 114.7501  38.90282  0 
 114.7623  38.91543  0 
 114.7745  38.92795  0 
 114.7869  38.94046  0 
 114.7992  38.95289  0 
 114.8116  38.9654  0 
 114.8239  38.97791  0 
 114.8239  38.97791  0 
 114.9807  39.08871  0 
 114.9807  39.08871  0 
 114.9987  39.10438  0 
 115.0166  39.12022  0 
 115.0344  39.13607  0 
 115.0524  39.15183  0 
 115.0705  39.1674  0 
 115.0891  39.18258  0 
 115.1082  39.19721  0 
 115.1714  39.23832  0 
 115.2401  39.27415  0 
 115.3126  39.30627  0 
 115.3875  39.33634  0 
 115.463  39.36578  0 
 115.5377  39.39626  0 
 115.6098  39.42931  0 
 115.6903  39.4681  0 
 115.7717  39.50632  0 
 115.8532  39.5449  0 
 115.9334  39.58473  0 
 116.0114  39.62651  0 
 116.0858  39.67123  0 
 116.1557  39.7197  0 
 116.2013  39.75925  0 
 116.2426  39.803  0 
 116.2814  39.84888  0 
 116.3202  39.89468  0 
 116.3608  39.9385  0 
 116.4056  39.97809  0 
 116.4568  40.01136  0 
 116.5026  40.03335  0 
 116.5516  40.05258  0 
 116.6029  40.0694  0 
 116.6559  40.08427  0 
 116.7099  40.09746  0 
 116.7644  40.10934  0 
 116.8182  40.12045  0 
 116.859  40.12879  0 
 116.9006  40.13713  0 
 116.9423  40.14489  0 
 116.9843  40.1514  0 
 117.0261  40.15622  0 
 117.0676  40.1586  0 
 117.1085  40.15811  0 
 117.159  40.15361  0 
 117.2103  40.14559  0 
 117.2614  40.1342  0 
 117.3115  40.11972  0 
 117.3595  40.10243  0 
 117.4046  40.08251  0 
 117.4457  40.06015  0 
 117.4805  40.03797  0 
 117.5152  40.01297  0 
 117.5483  39.98584  0 
 117.5783  39.95682  0 
 117.6036  39.92661  0 
 117.6228  39.89545  0 
 117.6342  39.86405  0 
 117.6368  39.83847  0 
 117.6343  39.81184  0 
 117.628  39.78447  0 
 117.6187  39.75671  0 
 117.608  39.72885  0 
 117.5967  39.7014  0 
 117.5861  39.67467  0 
 117.5724  39.63874  0 
 117.5577  39.60239  0 
 117.5417  39.56619  0 
 117.5238  39.53081  0 
 117.5034  39.49681  0 
 117.5034  39.49681  0 
 117.4997  39.4944  0 
 117.4959  39.49208  0 
 117.4921  39.48967  0 
 117.4882  39.48736  0 
 117.4844  39.48495  0 
 117.4807  39.48254  0 
 117.477  39.48013  0 
 117.4467  39.45779  0 
 117.4192  39.43317  0 
 117.3932  39.40726  0 
 117.3676  39.38105  0 
 117.3414  39.35577  0 
 117.3133  39.33232  0 
 117.2825  39.31186  0 
 117.244  39.29241  0 
 117.2028  39.27581  0 
 117.1596  39.26132  0 
 117.115  39.24841  0 
 117.0699  39.23633  0 
 117.0247  39.22457  0 
 116.9801  39.21246  0 
 116.924  39.19768  0 
 116.8672  39.18467  0 
 116.81  39.17262  0 
 116.7525  39.1609  0 
 116.6953  39.14876  0 
 116.6386  39.13549  0 
 116.5829  39.12054  0 
 116.5166  39.10049  0 
 116.4507  39.07914  0 
 116.3854  39.05665  0 
 116.3208  39.03292  0 
 116.2571  39.00803  0 
 116.1944  38.98223  0 
 116.1326  38.95536  0 
 115.9934  38.88995  0 
 115.8573  38.81899  0 
 115.7257  38.74258  0 
 115.5996  38.66074  0 
 115.4803  38.57352  0 
 115.3688  38.48114  0 
 115.2664  38.38355  0 
 115.2539  38.37049  0 
 115.2417  38.35734  0 
 115.2295  38.34409  0 
 115.2174  38.33084  0 
 115.2055  38.31749  0 
 115.1934  38.30415  0 
 115.1813  38.29089  0 
 064  1 
 115.1813  38.29089  0 
 2  85 
 117.2671  36.97691  0 
 117.2119  36.96355  0 
 117.1546  36.95251  0 
 117.0968  36.94209  0 
 117.04  36.93031  0 
 116.986  36.91574  0 
 116.9365  36.89635  0 
 116.8929  36.87064  0 
 116.8712  36.8544  0 
 116.8491  36.83675  0 
 116.8277  36.818  0 
 116.8081  36.79814  0 
 116.7915  36.77748  0 
 116.7789  36.7561  0 
 116.7715  36.73413  0 
 116.7692  36.71978  0 
 116.768  36.70431  0 
 116.7679  36.6883  0 
 116.7694  36.67249  0 
 116.7728  36.65743  0 
 116.7783  36.64387  0 
 116.7861  36.63248  0 
 116.7984  36.62245  0 
 116.8145  36.61434  0 
 116.8333  36.60793  0 
 116.8539  36.6027  0 
 116.8753  36.59841  0 
 116.8963  36.59474  0 
 116.9162  36.59119  0 
 116.9701  36.58598  0 
 117.025  36.58914  0 
 117.0806  36.59832  0 
 117.1367  36.61142  0 
 117.1931  36.62625  0 
 117.2492  36.64072  0 
 117.3048  36.65247  0 
 117.3486  36.66115  0 
 117.3923  36.67101  0 
 117.4359  36.68136  0 
 117.4795  36.69135  0 
 117.5232  36.7002  0 
 117.5671  36.70703  0 
 117.6111  36.71102  0 
 117.6641  36.71076  0 
 117.7172  36.70567  0 
 117.7705  36.69744  0 
 117.8239  36.68797  0 
 117.8774  36.67904  0 
 117.9309  36.67237  0 
 117.9844  36.66985  0 
 118.0128  36.66903  0 
 118.0424  36.66719  0 
 118.0724  36.66539  0 
 118.1019  36.66475  0 
 118.1297  36.66652  0 
 118.155  36.67163  0 
 118.1767  36.68135  0 
 118.1881  36.68934  0 
 118.1995  36.69895  0 
 118.2105  36.70964  0 
 118.2203  36.72107  0 
 118.2284  36.73286  0 
 118.2344  36.74457  0 
 118.2376  36.75574  0 
 118.2367  36.7709  0 
 118.2303  36.7866  0 
 118.2199  36.80253  0 
 118.2065  36.81829  0 
 118.1913  36.83348  0 
 118.1758  36.84769  0 
 118.1609  36.86052  0 
 118.1291  36.88216  0 
 118.0917  36.89885  0 
 118.05  36.91172  0 
 118.0058  36.92178  0 
 117.9603  36.93007  0 
 117.915  36.93779  0 
 117.8714  36.94608  0 
 117.7983  36.95868  0 
 117.7239  36.96681  0 
 117.6487  36.97179  0 
 117.573  36.97478  0 
 117.497  36.97686  0 
 117.4212  36.97926  0 
 117.3457  36.98317  0 
 064  1 
 117.2671  36.97691  0 
 2  71 
 112.8098  35.10632  0 
 112.7599  35.07499  0 
 112.7073  35.04516  0 
 112.654  35.01583  0 
 112.6023  34.98558  0 
 112.554  34.95333  0 
 112.5114  34.91769  0 
 112.4764  34.87769  0 
 112.4598  34.85545  0 
 112.4417  34.83142  0 
 112.4242  34.80647  0 
 112.4092  34.78143  0 
 112.3988  34.75681  0 
 112.395  34.73355  0 
 112.4  34.71232  0 
 112.4071  34.70118  0 
 112.4169  34.69019  0 
 112.4287  34.67945  0 
 112.442  34.66909  0 
 112.4561  34.65936  0 
 112.4704  34.65037  0 
 112.4844  34.64222  0 
 112.5164  34.62784  0 
 112.5517  34.61815  0 
 112.5894  34.61201  0 
 112.6286  34.60862  0 
 112.6685  34.60685  0 
 112.7079  34.60573  0 
 112.7462  34.60439  0 
 112.8281  34.60625  0 
 112.9099  34.61766  0 
 112.9916  34.63514  0 
 113.0734  34.65527  0 
 113.1555  34.67456  0 
 113.238  34.68956  0 
 113.3211  34.6967  0 
 113.3519  34.69672  0 
 113.3829  34.69563  0 
 113.4139  34.69394  0 
 113.4449  34.69207  0 
 113.476  34.69077  0 
 113.5069  34.69038  0 
 113.5376  34.69156  0 
 113.5598  34.69268  0 
 113.5828  34.69358  0 
 113.6059  34.69462  0 
 113.6287  34.69643  0 
 113.6503  34.69955  0 
 113.6704  34.70448  0 
 113.6884  34.71177  0 
 113.7081  34.72438  0 
 113.7267  34.7408  0 
 113.7437  34.75997  0 
 113.7583  34.78077  0 
 113.7698  34.80199  0 
 113.7773  34.8226  0 
 113.7802  34.84137  0 
 113.7748  34.86536  0 
 113.7589  34.88925  0 
 113.7354  34.91272  0 
 113.7067  34.93546  0 
 113.6753  34.95708  0 
 113.6439  34.97744  0 
 113.6151  34.99614  0 
 113.5342  35.03706  0 
 113.4425  35.06287  0 
 113.3431  35.07758  0 
 113.2388  35.08518  0 
 113.1328  35.08995  0 
 113.0274  35.09586  0 
 112.926  35.10721  0 
 064  1 
 112.8098  35.10632  0 
 2  582 
 103.095  33.44  0 
 102.669  33.569  0 
 102.267  33.738  0 
 101.998  33.886  0 
 101.741  34.057  0 
 101.494  34.246  0 
 101.253  34.451  0 
 101.017  34.666  0 
 100.784  34.889  0 
 100.551  35.116  0 
 100.075  35.49  0 
 99.534  35.774  0 
 99.332  35.845  0 
 99.121  35.903  0 
 98.904  35.951  0 
 98.682  35.99  0 
 98.455  36.023  0 
 98.225  36.051  0 
 97.994  36.076  0 
 97.748  36.131  0 
 97.363  36.15  0 
 96.976  36.153  0 
 96.585  36.142  0 
 96.233  36.12  0 
 95.879  36.094  0 
 95.525  36.07  0 
 95.175  36.057  0 
 94.829  36.059  0 
 94.49  36.086  0 
 94.158  36.144  0 
 94.017  36.18  0 
 93.877  36.223  0 
 93.738  36.271  0 
 93.6  36.323  0 
 93.463  36.378  0 
 93.326  36.435  0 
 93.189  36.492  0 
 92.718  36.728  0 
 92.243  36.961  0 
 91.757  37.171  0 
 91.253  37.338  0 
 90.943  37.409  0 
 90.627  37.461  0 
 90.305  37.496  0 
 89.978  37.517  0 
 89.649  37.528  0 
 89.317  37.532  0 
 88.985  37.531  0 
 88.432  37.459  0 
 87.881  37.384  0 
 87.334  37.305  0 
 86.789  37.223  0 
 86.789  37.223  0 
 86.626  37.197  0 
 86.463  37.172  0 
 86.3  37.145  0 
 86.137  37.119  0 
 85.975  37.092  0 
 85.813  37.065  0 
 85.652  37.038  0 
 84.874  36.901  0 
 84.104  36.757  0 
 83.338  36.605  0 
 82.573  36.445  0 
 81.802  36.277  0 
 81.023  36.1  0 
 80.23  35.912  0 
 79.584  35.757  0 
 78.934  35.609  0 
 78.286  35.481  0 
 77.647  35.389  0 
 77.022  35.347  0 
 76.415  35.37  0 
 75.832  35.472  0 
 75.413  35.607  0 
 75.01  35.791  0 
 74.625  36.018  0 
 74.26  36.283  0 
 73.918  36.582  0 
 73.598  36.909  0 
 73.306  37.261  0 
 73.021  37.664  0 
 72.779  38.084  0 
 72.59  38.512  0 
 72.464  38.943  0 
 72.411  39.368  0 
 72.442  39.781  0 
 72.568  40.175  0 
 72.789  40.535  0 
 73.098  40.868  0 
 73.483  41.173  0 
 73.928  41.447  0 
 74.421  41.691  0 
 74.945  41.902  0 
 75.488  42.08  0 
 75.913  42.198  0 
 76.335  42.305  0 
 76.751  42.411  0 
 77.157  42.526  0 
 77.551  42.66  0 
 77.928  42.822  0 
 78.287  43.022  0 
 78.575  43.225  0 
 78.852  43.448  0 
 79.122  43.676  0 
 79.39  43.894  0 
 79.659  44.087  0 
 79.933  44.241  0 
 80.214  44.34  0 
 80.49  44.375  0 
 80.78  44.358  0 
 81.091  44.302  0 
 81.427  44.217  0 
 81.795  44.113  0 
 82.2  44.002  0 
 82.648  43.893  0 
 83.1  43.803  0 
 83.562  43.731  0 
 84.003  43.683  0 
 84.395  43.667  0 
 84.704  43.689  0 
 84.902  43.759  0 
 84.957  43.883  0 
 84.937  43.942  0 
 84.897  44.007  0 
 84.84  44.077  0 
 84.77  44.152  0 
 84.69  44.228  0 
 84.601  44.306  0 
 84.508  44.384  0 
 84.355  44.506  0 
 84.205  44.625  0 
 84.068  44.742  0 
 83.951  44.858  0 
 83.863  44.974  0 
 83.812  45.09  0 
 83.806  45.209  0 
 83.835  45.296  0 
 83.888  45.384  0 
 83.963  45.47  0 
 84.056  45.552  0 
 84.163  45.63  0 
 84.28  45.702  0 
 84.405  45.766  0 
 84.602  45.846  0 
 84.805  45.907  0 
 85.014  45.952  0 
 85.227  45.984  0 
 85.443  46.006  0 
 85.661  46.021  0 
 85.88  46.033  0 
 86.277  46.05  0 
 86.673  46.061  0 
 87.07  46.066  0 
 87.464  46.06  0 
 87.857  46.042  0 
 88.247  46.01  0 
 88.632  45.96  0 
 89.086  45.878  0 
 89.534  45.777  0 
 89.977  45.665  0 
 90.417  45.549  0 
 90.856  45.437  0 
 91.296  45.338  0 
 91.739  45.259  0 
 92.312  45.197  0 
 92.894  45.172  0 
 93.483  45.179  0 
 94.078  45.208  0 
 94.678  45.254  0 
 95.279  45.308  0 
 95.881  45.363  0 
 96.652  45.426  0 
 97.42  45.48  0 
 98.184  45.526  0 
 98.946  45.564  0 
 99.705  45.594  0 
 100.464  45.619  0 
 101.222  45.637  0 
 101.969  45.663  0 
 102.716  45.676  0 
 103.499  45.675  0 
 104.281  45.663  0 
 105.063  45.644  0 
 105.844  45.623  0 
 106.625  45.603  0 
 106.625  45.60301  0 
 106.7794  45.604  0 
 106.9341  45.60606  0 
 107.0889  45.6081  0 
 107.2437  45.60921  0 
 107.3979  45.60838  0 
 107.5518  45.60462  0 
 107.7048  45.59691  0 
 108.0575  45.56582  0 
 108.4096  45.51953  0 
 108.7585  45.45893  0 
 109.1022  45.38542  0 
 109.4384  45.30015  0 
 109.7653  45.2043  0 
 110.0808  45.09909  0 
 110.527  44.90826  0 
 110.9368  44.6761  0 
 111.3209  44.41644  0 
 111.69  44.14264  0 
 112.0554  43.86776  0 
 112.4283  43.6047  0 
 112.8204  43.36581  0 
 113.2956  43.09856  0 
 113.775  42.82477  0 
 114.2597  42.55608  0 
 114.7513  42.30402  0 
 115.2521  42.07999  0 
 115.2521  42.07999  0 
 115.3551  42.0506  0 
 115.4577  42.02029  0 
 115.5601  41.9896  0 
 115.6624  41.95921  0 
 115.765  41.92982  0 
 115.8681  41.90194  0 
 115.9718  41.87616  0 
 116.2496  41.81331  0 
 116.5343  41.7552  0 
 116.8231  41.70503  0 
 117.1127  41.66607  0 
 117.4004  41.64161  0 
 117.6835  41.63507  0 
 117.9593  41.64976  0 
 118.2411  41.68872  0 
 118.5262  41.74922  0 
 118.8108  41.82847  0 
 119.0903  41.92387  0 
 119.3605  42.03268  0 
 119.617  42.1524  0 
 119.8548  42.28043  0 
 120.09  42.43501  0 
 120.3061  42.61085  0 
 120.5068  42.80322  0 
 120.6957  43.007  0 
 120.8767  43.21727  0 
 121.0532  43.42887  0 
 121.229  43.63686  0 
 121.4671  43.94587  0 
 121.6737  44.27044  0 
 121.8623  44.60456  0 
 122.0473  44.94191  0 
 122.2431  45.27602  0 
 122.4648  45.60024  0 
 122.7275  45.90772  0 
 122.9471  46.13533  0 
 123.1747  46.36705  0 
 123.414  46.596  0 
 123.6686  46.81547  0 
 123.9418  47.0184  0 
 124.237  47.19775  0 
 124.237  47.19775  0 
 124.285  47.23122  0 
 124.3324  47.26516  0 
 124.3799  47.29917  0 
 124.4278  47.33294  0 
 124.4763  47.3661  0 
 124.5259  47.39822  0 
 124.5768  47.42897  0 
 124.815  47.54906  0 
 125.0774  47.65026  0 
 125.3582  47.73383  0 
 125.652  47.80112  0 
 125.9527  47.85356  0 
 126.2545  47.89252  0 
 126.552  47.91959  0 
 126.8443  47.93437  0 
 127.1441  47.93612  0 
 127.4473  47.92445  0 
 127.749  47.89921  0 
 128.0452  47.8602  0 
 128.3311  47.8073  0 
 128.6025  47.74058  0 
 128.9052  47.64731  0 
 129.2114  47.53495  0 
 129.5088  47.40495  0 
 129.7857  47.25898  0 
 130.0303  47.09872  0 
 130.2313  46.92614  0 
 130.3776  46.74322  0 
 130.4513  46.5797  0 
 130.4868  46.40297  0 
 130.4935  46.21692  0 
 130.4804  46.02511  0 
 130.4564  45.83126  0 
 130.4304  45.63903  0 
 130.4109  45.45189  0 
 130.4063  45.39601  0 
 130.4011  45.34023  0 
 130.3954  45.28443  0 
 130.3892  45.22866  0 
 130.3829  45.17285  0 
 130.3768  45.11712  0 
 130.371  45.06144  0 
 130.371  45.06144  0 
 130.3094  44.72771  0 
 130.2066  44.39324  0 
 130.0659  44.06595  0 
 129.89  43.75338  0 
 129.6817  43.46317  0 
 129.4429  43.20292  0 
 129.1865  42.99767  0 
 128.8859  42.81714  0 
 128.5541  42.65343  0 
 128.2042  42.49921  0 
 127.8494  42.34699  0 
 127.5028  42.18976  0 
 127.1775  42.02076  0 
 126.7991  41.79493  0 
 126.4319  41.56021  0 
 126.072  41.32095  0 
 125.7153  41.08135  0 
 125.358  40.84547  0 
 124.996  40.61733  0 
 124.6251  40.40087  0 
 124.2936  40.22978  0 
 123.9503  40.07153  0 
 123.6018  39.91951  0 
 123.2547  39.76738  0 
 122.9159  39.60869  0 
 122.5923  39.4375  0 
 122.2909  39.24774  0 
 122.0016  39.03943  0 
 121.7195  38.82133  0 
 121.4495  38.59352  0 
 121.1961  38.35591  0 
 120.9636  38.10865  0 
 120.7563  37.85182  0 
 120.5785  37.58565  0 
 120.5032  37.44942  0 
 120.4365  37.30965  0 
 120.376  37.16759  0 
 120.3197  37.02397  0 
 120.2653  36.87982  0 
 120.2106  36.73606  0 
 120.1537  36.59359  0 
 120.1366  36.55245  0 
 120.1196  36.51139  0 
 120.1027  36.47025  0 
 120.0858  36.42913  0 
 120.0689  36.38802  0 
 120.052  36.347  0 
 120.0352  36.3059  0 
 120.0352  36.3059  0 
 120.0046  36.062  0 
 119.9907  35.81507  0 
 119.9863  35.56655  0 
 119.9845  35.31778  0 
 119.9785  35.07016  0 
 119.9785  35.07016  0 
 119.9786  35.02365  0 
 119.9786  34.9771  0 
 119.9788  34.93064  0 
 119.9789  34.88411  0 
 119.9789  34.8377  0 
 119.979  34.79131  0 
 119.979  34.74485  0 
 119.9768  34.57827  0 
 119.9719  34.41192  0 
 119.966  34.24571  0 
 119.9609  34.0798  0 
 119.9585  33.91427  0 
 119.9605  33.74917  0 
 119.9685  33.58452  0 
 119.9766  33.48844  0 
 119.9869  33.39254  0 
 119.9987  33.29683  0 
 120.0113  33.20116  0 
 120.0239  33.10555  0 
 120.036  33.01003  0 
 120.0467  32.91453  0 
 120.0549  32.84463  0 
 120.0645  32.77465  0 
 120.0742  32.70469  0 
 120.083  32.63483  0 
 120.0896  32.56507  0 
 120.0931  32.49544  0 
 120.0922  32.42601  0 
 120.0886  32.35959  0 
 120.0837  32.29217  0 
 120.0766  32.22472  0 
 120.0663  32.15787  0 
 120.0521  32.0924  0 
 120.033  32.02919  0 
 120.0081  31.96879  0 
 119.9591  31.88532  0 
 119.8961  31.80653  0 
 119.8225  31.73196  0 
 119.7412  31.66092  0 
 119.6555  31.59295  0 
 119.5683  31.52754  0 
 119.4827  31.46407  0 
 119.3735  31.38544  0 
 119.2594  31.30964  0 
 119.141  31.23768  0 
 119.0191  31.17082  0 
 118.8941  31.11  0 
 118.7668  31.05649  0 
 118.6379  31.01131  0 
 118.4896  30.96825  0 
 118.3343  30.93067  0 
 118.1747  30.9006  0 
 118.0135  30.88026  0 
 117.8536  30.87187  0 
 117.6974  30.87763  0 
 117.5478  30.89984  0 
 117.4562  30.9257  0 
 117.3667  30.96139  0 
 117.2786  31.00362  0 
 117.1908  31.04941  0 
 117.1026  31.09539  0 
 117.0131  31.13846  0 
 116.9215  31.17548  0 
 116.8334  31.20674  0 
 116.7445  31.2378  0 
 116.6548  31.26761  0 
 116.5642  31.29495  0 
 116.4727  31.31876  0 
 116.3804  31.33807  0 
 116.2872  31.35157  0 
 116.2249  31.35824  0 
 116.1615  31.36406  0 
 116.1615  31.36406  0 
 116.1548  31.36598  0 
 116.1481  31.3679  0 
 116.1414  31.36989  0 
 116.1348  31.3718  0 
 116.128  31.37364  0 
 116.1213  31.37539  0 
 116.1147  31.37706  0 
 116.0466  31.38742  0 
 115.9754  31.38842  0 
 115.9031  31.381  0 
 115.8318  31.36615  0 
 115.7634  31.34481  0 
 115.6998  31.31805  0 
 115.6432  31.28687  0 
 115.6088  31.26266  0 
 115.5762  31.23499  0 
 115.5456  31.20448  0 
 115.5169  31.17186  0 
 115.4902  31.13795  0 
 115.4658  31.10329  0 
 115.4437  31.06869  0 
 115.4214  31.02345  0 
 115.406  30.97518  0 
 115.3948  30.92521  0 
 115.3854  30.87456  0 
 115.3749  30.82441  0 
 115.3612  30.77593  0 
 115.3415  30.73036  0 
 115.2882  30.64739  0 
 115.2219  30.56918  0 
 115.1451  30.49581  0 
 115.0606  30.42727  0 
 114.9708  30.36356  0 
 114.8785  30.3047  0 
 114.7863  30.25072  0 
 114.6887  30.20295  0 
 114.5851  30.16373  0 
 114.477  30.13051  0 
 114.3664  30.1004  0 
 114.2552  30.07105  0 
 114.1452  30.0397  0 
 114.0382  30.00377  0 
 113.9553  29.97517  0 
 113.8702  29.9486  0 
 113.7848  29.92195  0 
 113.7012  29.89343  0 
 113.6211  29.86096  0 
 113.5465  29.8227  0 
 113.4794  29.77667  0 
 113.4414  29.74282  0 
 113.4061  29.70597  0 
 113.373  29.66677  0 
 113.3415  29.62599  0 
 113.3109  29.58453  0 
 113.2805  29.54307  0 
 113.2498  29.50242  0 
 113.2108  29.4495  0 
 113.174  29.39522  0 
 113.1384  29.34034  0 
 113.1028  29.28556  0 
 113.0661  29.23155  0 
 113.0272  29.17908  0 
 112.9852  29.12881  0 
 112.9483  29.0877  0 
 112.9105  29.04601  0 
 112.8717  29.0049  0 
 112.8314  28.96528  0 
 112.7895  28.92832  0 
 112.7456  28.89498  0 
 112.6994  28.86636  0 
 112.6182  28.83182  0 
 112.5293  28.80993  0 
 112.4348  28.79757  0 
 112.3365  28.7915  0 
 112.2368  28.78879  0 
 112.1376  28.78615  0 
 112.0412  28.7806  0 
 111.8774  28.77241  0 
 111.7124  28.77304  0 
 111.7124  28.77304  0 
 111.684  28.77606  0 
 111.6556  28.77922  0 
 111.6272  28.78238  0 
 111.5987  28.78544  0 
 111.5703  28.78834  0 
 111.5419  28.79098  0 
 111.5134  28.79314  0 
 111.3732  28.79972  0 
 111.2318  28.80003  0 
 111.0901  28.79423  0 
 110.949  28.78214  0 
 110.8094  28.76375  0 
 110.6721  28.73908  0 
 110.5378  28.70813  0 
 110.4165  28.66969  0 
 110.2986  28.62059  0 
 110.183  28.56487  0 
 110.0686  28.50639  0 
 109.9544  28.44922  0 
 109.8393  28.39729  0 
 109.722  28.35448  0 
 109.2872  28.24497  0 
 108.8043  28.16948  0 
 108.302  28.1341  0 
 107.8088  28.14613  0 
 107.3526  28.21362  0 
 106.9617  28.34554  0 
 106.6646  28.55163  0 
 106.5477  28.70017  0 
 106.4514  28.87747  0 
 106.3719  29.07621  0 
 106.3055  29.28924  0 
 106.2481  29.50893  0 
 106.1963  29.72805  0 
 106.146  29.93888  0 
 106.1104  30.12649  0 
 106.0907  30.31811  0 
 106.0795  30.51181  0 
 106.069  30.70583  0 
 106.0516  30.89821  0 
 106.0194  31.087  0 
 105.9644  31.27032  0 
 105.8968  31.43013  0 
 105.8179  31.58861  0 
 105.7283  31.74473  0 
 105.6291  31.89786  0 
 105.5213  32.04695  0 
 105.406  32.1912  0 
 105.284  32.32981  0 
 105.1967  32.42237  0 
 105.1059  32.51376  0 
 105.0113  32.60314  0 
 104.9128  32.68974  0 
 104.8102  32.77285  0 
 104.7033  32.85154  0 
 104.5919  32.92511  0 
 104.5533  32.94839  0 
 104.5141  32.97095  0 
 104.4743  32.99289  0 
 104.4341  33.0146  0 
 104.3939  33.03612  0 
 104.3536  33.05764  0 
 104.3135  33.07947  0 
 104.3135  33.07947  0 
 104.0997  33.1701  0 
 103.8802  33.25096  0 
 103.6562  33.32081  0 
 103.4286  33.37819  0 
 103.3814  33.38818  0 
 103.334  33.39752  0 
 103.2863  33.40631  0 
 103.2385  33.41481  0 
 103.1906  33.42311  0 
 103.1427  33.43146  0 
 103.095  33.44004  0 
 062  1 
 103.095  33.44  0 
 2  119 
 87.0071  38.28774  0 
 87.49876  38.42746  0 
 87.98509  38.57516  0 
 88.45959  38.74113  0 
 88.91586  38.93581  0 
 89.13402  39.02852  0 
 89.37247  39.11702  0 
 89.61493  39.2066  0 
 89.84468  39.30307  0 
 90.04531  39.41232  0 
 90.20004  39.54045  0 
 90.29202  39.69362  0 
 90.30992  39.75201  0 
 90.32637  39.81599  0 
 90.33923  39.88269  0 
 90.34622  39.94946  0 
 90.34509  40.01366  0 
 90.33361  40.07247  0 
 90.30964  40.12317  0 
 90.25788  40.17467  0 
 90.18333  40.21711  0 
 90.09204  40.25212  0 
 89.98985  40.28115  0 
 89.88314  40.30576  0 
 89.77773  40.32755  0 
 89.67989  40.34812  0 
 89.37904  40.38477  0 
 89.0695  40.37095  0 
 88.75528  40.31878  0 
 88.43946  40.24025  0 
 88.12505  40.14777  0 
 87.81482  40.05352  0 
 87.51093  39.96964  0 
 87.1069  39.85582  0 
 87.1069  39.85582  0 
 87.05309  39.83979  0 
 86.99921  39.82388  0 
 86.94545  39.80805  0 
 86.89166  39.79206  0 
 86.83804  39.77581  0 
 86.7846  39.75927  0 
 86.73152  39.74234  0 
 86.4798  39.65084  0 
 86.23639  39.54646  0 
 85.9987  39.43404  0 
 85.76391  39.31843  0 
 85.52925  39.20427  0 
 85.29187  39.09632  0 
 85.04859  38.99913  0 
 84.75484  38.8953  0 
 84.45701  38.79693  0 
 84.15588  38.70449  0 
 83.852  38.61843  0 
 83.54638  38.53925  0 
 83.23946  38.46733  0 
 82.9321  38.40332  0 
 82.60165  38.35754  0 
 82.26114  38.33742  0 
 81.91586  38.32942  0 
 81.57159  38.32014  0 
 81.23428  38.29625  0 
 80.91039  38.24454  0 
 80.60677  38.15203  0 
 80.46904  38.09834  0 
 80.32512  38.04255  0 
 80.18169  37.98272  0 
 80.04544  37.91687  0 
 79.92293  37.8431  0 
 79.82075  37.75962  0 
 79.74554  37.66469  0 
 79.71496  37.60843  0 
 79.68662  37.54718  0 
 79.66269  37.48294  0 
 79.645  37.41756  0 
 79.63531  37.35298  0 
 79.63544  37.29105  0 
 79.64735  37.23377  0 
 79.67394  37.17859  0 
 79.71407  37.12448  0 
 79.76477  37.07221  0 
 79.82288  37.02255  0 
 79.88538  36.97625  0 
 79.94915  36.93407  0 
 80.01129  36.89684  0 
 80.15185  36.83799  0 
 80.31037  36.80602  0 
 80.48193  36.79404  0 
 80.66177  36.79525  0 
 80.84499  36.80313  0 
 81.02666  36.8108  0 
 81.20151  36.81187  0 
 81.49462  36.80432  0 
 81.79094  36.79901  0 
 82.08812  36.799  0 
 82.38409  36.80746  0 
 82.67678  36.8275  0 
 82.9642  36.86233  0 
 83.24445  36.91524  0 
 83.44685  36.96872  0 
 83.64619  37.03407  0 
 83.84334  37.10821  0 
 84.0392  37.18791  0 
 84.23457  37.27025  0 
 84.43034  37.35201  0 
 84.62726  37.43016  0 
 84.90858  37.54437  0 
 85.18631  37.66721  0 
 85.46349  37.79306  0 
 85.74275  37.91619  0 
 86.02697  38.03096  0 
 86.31873  38.13159  0 
 86.62051  38.21217  0 
 86.67521  38.22398  0 
 86.73022  38.23521  0 
 86.78548  38.246  0 
 86.8409  38.25651  0 
 86.89629  38.26687  0 
 86.95169  38.27719  0 
 87.0071  38.28774  0 
 064  1 
 87.0071  38.28774  0 
 2  210 
 81.291  41.874  0 
 81.014  41.849  0 
 80.738  41.823  0 
 80.462  41.793  0 
 80.189  41.758  0 
 79.918  41.717  0 
 79.651  41.669  0 
 79.387  41.612  0 
 79.145  41.551  0 
 78.907  41.482  0 
 78.672  41.407  0 
 78.44  41.326  0 
 78.209  41.242  0 
 77.981  41.155  0 
 77.753  41.066  0 
 77.41  40.947  0 
 77.069  40.825  0 
 76.728  40.707  0 
 76.524  40.642  0 
 76.321  40.579  0 
 76.12  40.514  0 
 75.922  40.446  0 
 75.73  40.37  0 
 75.543  40.285  0 
 75.363  40.187  0 
 75.27  40.127  0 
 75.181  40.064  0 
 75.098  39.996  0 
 75.023  39.925  0 
 74.957  39.85  0 
 74.903  39.772  0 
 74.862  39.69  0 
 74.827  39.563  0 
 74.822  39.431  0 
 74.843  39.296  0 
 74.885  39.16  0 
 74.945  39.024  0 
 75.018  38.89  0 
 75.1  38.76  0 
 75.255  38.547  0 
 75.426  38.347  0 
 75.61  38.161  0 
 75.806  37.988  0 
 76.015  37.825  0 
 76.233  37.672  0 
 76.461  37.528  0 
 76.585  37.454  0 
 76.712  37.382  0 
 76.84  37.312  0 
 76.97  37.243  0 
 77.1  37.174  0 
 77.231  37.107  0 
 77.362  37.039  0 
 77.849  36.852  0 
 78.355  36.707  0 
 78.876  36.603  0 
 79.406  36.537  0 
 79.94  36.504  0 
 80.473  36.504  0 
 80.853  36.522  0 
 80.85295  36.52202  0 
 80.86729  36.52451  0 
 80.88158  36.52706  0 
 80.89587  36.52962  0 
 80.91021  36.5321  0 
 80.9245  36.53465  0 
 80.93885  36.53712  0 
 80.95319  36.53959  0 
 81.26713  36.5836  0 
 81.58468  36.61267  0 
 81.90437  36.63264  0 
 82.22433  36.64956  0 
 82.54327  36.66917  0 
 82.85984  36.69759  0 
 83.17303  36.74072  0 
 83.4647  36.79234  0 
 83.75696  36.84937  0 
 84.04871  36.91229  0 
 84.33865  36.98151  0 
 84.62561  37.0577  0 
 84.90842  37.14129  0 
 84.90842  37.14129  0 
 84.94686  37.15306  0 
 84.98532  37.16463  0 
 85.02393  37.17613  0 
 85.06243  37.18765  0 
 85.10091  37.19942  0 
 85.13917  37.21137  0 
 85.17728  37.2238  0 
 85.33411  37.28074  0 
 85.48711  37.34452  0 
 85.6376  37.4132  0 
 85.78669  37.48469  0 
 85.93573  37.55702  0 
 86.08576  37.62816  0 
 86.23795  37.69598  0 
 86.52527  37.81939  0 
 86.81353  37.94334  0 
 87.10368  38.0659  0 
 87.39661  38.18532  0 
 87.6931  38.29958  0 
 87.99419  38.40669  0 
 88.30048  38.50476  0 
 88.5769  38.58325  0 
 88.85737  38.65476  0 
 89.14088  38.72054  0 
 89.42679  38.78175  0 
 89.71427  38.8399  0 
 90.00278  38.89611  0 
 90.29142  38.95169  0 
 90.51012  38.99189  0 
 90.72988  39.02916  0 
 90.95031  39.06459  0 
 91.17111  39.09957  0 
 91.39183  39.13514  0 
 91.61213  39.17268  0 
 91.83156  39.21334  0 
 91.96407  39.23722  0 
 92.09819  39.25905  0 
 92.23272  39.2808  0 
 92.36619  39.30438  0 
 92.49745  39.33176  0 
 92.62521  39.36483  0 
 92.74812  39.40561  0 
 92.85516  39.44789  0 
 92.96208  39.49411  0 
 93.06718  39.5445  0 
 93.16901  39.59893  0 
 93.26569  39.65751  0 
 93.35571  39.72018  0 
 93.43732  39.78704  0 
 93.51192  39.86052  0 
 93.58001  39.94022  0 
 93.64163  40.02483  0 
 93.697  40.11288  0 
 93.74625  40.20298  0 
 93.78927  40.29386  0 
 93.82643  40.38407  0 
 93.8744  40.52475  0 
 93.9127  40.67363  0 
 93.93774  40.82671  0 
 93.94598  40.98001  0 
 93.93372  41.12947  0 
 93.8974  41.27115  0 
 93.83343  41.40086  0 
 93.77441  41.48096  0 
 93.7023  41.56027  0 
 93.61931  41.6373  0 
 93.5278  41.71027  0 
 93.43022  41.77756  0 
 93.3288  41.83761  0 
 93.22619  41.88879  0 
 93.03964  41.95119  0 
 92.83337  41.985  0 
 92.61294  41.99653  0 
 92.38409  41.99222  0 
 92.15215  41.97868  0 
 91.9225  41.96237  0 
 91.70026  41.94986  0 
 91.37872  41.92804  0 
 91.05917  41.89011  0 
 90.74157  41.84019  0 
 90.42557  41.78218  0 
 90.11074  41.72018  0 
 89.79666  41.65828  0 
 89.48277  41.60036  0 
 89.32533  41.57117  0 
 89.16862  41.53964  0 
 89.01222  41.50716  0 
 88.85587  41.47545  0 
 88.69914  41.44608  0 
 88.54156  41.4206  0 
 88.38292  41.40049  0 
 88.3329  41.39557  0 
 88.28264  41.39111  0 
 88.23243  41.387  0 
 88.18217  41.38322  0 
 88.13176  41.37946  0 
 88.08151  41.37561  0 
 88.03126  41.37154  0 
 88.03126  41.37154  0 
 87.74549  41.36107  0 
 87.42567  41.37194  0 
 87.10505  41.40319  0 
 86.78371  41.44984  0 
 86.46153  41.50663  0 
 86.13918  41.56834  0 
 85.81687  41.62992  0 
 85.49523  41.68605  0 
 85.21458  41.73737  0 
 84.93489  41.79691  0 
 84.65539  41.8595  0 
 84.37505  41.91971  0 
 84.0934  41.97226  0 
 83.80984  42.01183  0 
 83.5241  42.03288  0 
 83.29189  42.04271  0 
 83.05386  42.05244  0 
 82.81415  42.05676  0 
 82.57651  42.05021  0 
 82.3451  42.02768  0 
 82.12406  41.98379  0 
 81.91761  41.9133  0 
 81.89769  41.90446  0 
 81.87794  41.89538  0 
 81.85828  41.88602  0 
 81.83872  41.8765  0 
 81.81918  41.86697  0 
 81.79964  41.85744  0 
 81.78005  41.84799  0 
 063  1 
 81.291  41.874  0 
 2  382 
 113.923  37.088  0 
 113.893  37.362  0 
 113.865  37.641  0 
 113.852  37.919  0 
 113.852  37.919  0 
 113.852  37.919  0 
 113.8554  37.92507  0 
 113.8588  37.93122  0 
 113.8623  37.9373  0 
 113.8658  37.94336  0 
 113.8693  37.94943  0 
 113.8727  37.95559  0 
 113.8761  37.96166  0 
 113.9948  38.18708  0 
 114.1063  38.41982  0 
 114.2189  38.65387  0 
 114.341  38.88303  0 
 114.4812  39.10101  0 
 114.6481  39.30137  0 
 114.8504  39.47747  0 
 114.975  39.55504  0 
 115.1137  39.62255  0 
 115.2608  39.68412  0 
 115.4106  39.74396  0 
 115.5573  39.8064  0 
 115.6952  39.87567  0 
 115.8187  39.95609  0 
 115.9172  40.04662  0 
 116.0012  40.14974  0 
 116.0772  40.25977  0 
 116.1512  40.37114  0 
 116.2297  40.47816  0 
 116.3188  40.57509  0 
 116.4249  40.65615  0 
 116.5698  40.73349  0 
 116.7324  40.80061  0 
 116.9078  40.85667  0 
 117.0913  40.90085  0 
 117.2784  40.93238  0 
 117.4642  40.95045  0 
 117.6437  40.95448  0 
 117.8084  40.94762  0 
 117.9842  40.93195  0 
 118.1627  40.90612  0 
 118.335  40.86903  0 
 118.4923  40.81951  0 
 118.6261  40.75653  0 
 118.7279  40.6791  0 
 118.7898  40.5974  0 
 118.8355  40.49976  0 
 118.866  40.39143  0 
 118.8826  40.27741  0 
 118.8864  40.16273  0 
 118.8784  40.05256  0 
 118.8598  39.95169  0 
 118.8021  39.8149  0 
 118.7056  39.68521  0 
 118.58  39.56155  0 
 118.435  39.44284  0 
 118.2799  39.32797  0 
 118.1244  39.21592  0 
 117.9774  39.10592  0 
 117.8831  39.03793  0 
 117.7829  38.97408  0 
 117.6801  38.91227  0 
 117.5777  38.85032  0 
 117.4791  38.78625  0 
 117.3873  38.71786  0 
 117.3056  38.64314  0 
 117.2517  38.58493  0 
 117.2001  38.5245  0 
 117.1515  38.46215  0 
 117.1062  38.39817  0 
 117.0648  38.33281  0 
 117.0277  38.26637  0 
 116.9952  38.19898  0 
 116.9779  38.16018  0 
 116.9605  38.12045  0 
 116.9441  38.08012  0 
 116.9296  38.03979  0 
 116.9182  37.9997  0 
 116.9108  37.96036  0 
 116.9084  37.92209  0 
 116.9246  37.8355  0 
 116.9671  37.74934  0 
 117.0304  37.66563  0 
 117.109  37.58596  0 
 117.1976  37.5121  0 
 117.2907  37.44593  0 
 117.3829  37.38918  0 
 117.4692  37.34871  0 
 117.5641  37.31778  0 
 117.6651  37.29353  0 
 117.7697  37.27285  0 
 117.8753  37.25284  0 
 117.9795  37.23043  0 
 118.0794  37.20277  0 
 118.1516  37.18217  0 
 118.227  37.16371  0 
 118.3029  37.14536  0 
 118.3767  37.12485  0 
 118.4455  37.10005  0 
 118.5069  37.06887  0 
 118.5579  37.02902  0 
 118.5762  37.01007  0 
 118.5945  36.98986  0 
 118.6117  36.96855  0 
 118.6274  36.94657  0 
 118.6409  36.92401  0 
 118.6516  36.90118  0 
 118.6588  36.87836  0 
 118.6624  36.85282  0 
 118.6623  36.82593  0 
 118.659  36.79841  0 
 118.653  36.77089  0 
 118.6449  36.74423  0 
 118.6351  36.71898  0 
 118.6244  36.6959  0 
 118.5712  36.6366  0 
 118.4891  36.59644  0 
 118.3858  36.57069  0 
 118.2691  36.55458  0 
 118.1468  36.54338  0 
 118.0267  36.53233  0 
 117.9165  36.51688  0 
 117.7541  36.4958  0 
 117.5863  36.48763  0 
 117.4164  36.48594  0 
 117.2472  36.48428  0 
 117.0821  36.47628  0 
 116.9245  36.45551  0 
 116.7775  36.41563  0 
 116.6016  36.34346  0 
 116.4221  36.25313  0 
 116.2493  36.14682  0 
 116.0933  36.02668  0 
 115.9644  35.895  0 
 115.8723  35.75412  0 
 115.8269  35.60619  0 
 115.8227  35.5678  0 
 115.8198  35.52729  0 
 115.8188  35.48581  0 
 115.82  35.44448  0 
 115.824  35.40454  0 
 115.8314  35.3671  0 
 115.8426  35.33321  0 
 115.9069  35.25419  0 
 116.014  35.20043  0 
 116.1521  35.16643  0 
 116.3101  35.14655  0 
 116.4765  35.13544  0 
 116.64  35.1278  0 
 116.789  35.11835  0 
 116.8709  35.11163  0 
 116.9537  35.1059  0 
 117.0371  35.10195  0 
 117.1204  35.10009  0 
 117.2034  35.1011  0 
 117.2855  35.10547  0 
 117.3664  35.11376  0 
 117.4578  35.13242  0 
 117.5474  35.16137  0 
 117.6361  35.19605  0 
 117.7245  35.23194  0 
 117.8132  35.26476  0 
 117.9028  35.28979  0 
 117.994  35.30272  0 
 118.08  35.3051  0 
 118.1688  35.30238  0 
 118.2587  35.29462  0 
 118.3477  35.2816  0 
 118.4343  35.26335  0 
 118.5164  35.23972  0 
 118.5924  35.21074  0 
 118.6836  35.16457  0 
 118.7726  35.10733  0 
 118.8565  35.04118  0 
 118.9322  34.9679  0 
 118.9966  34.88972  0 
 119.0468  34.80855  0 
 119.0798  34.7263  0 
 119.0908  34.67584  0 
 119.0964  34.6226  0 
 119.0971  34.56766  0 
 119.0939  34.51236  0 
 119.087  34.45763  0 
 119.0774  34.40483  0 
 119.0655  34.35503  0 
 118.9784  34.18281  0 
 118.8257  34.03172  0 
 118.624  33.90119  0 
 118.3896  33.79073  0 
 118.3896  33.79073  0 
 118.3464  33.77587  0 
 118.3033  33.76056  0 
 118.2603  33.74496  0 
 118.2173  33.72968  0 
 118.1742  33.71506  0 
 118.1306  33.70139  0 
 118.0866  33.68915  0 
 118.0125  33.67179  0 
 117.9372  33.65741  0 
 117.861  33.64555  0 
 117.7842  33.63585  0 
 117.707  33.62801  0 
 117.6299  33.62157  0 
 117.5532  33.61627  0 
 117.4539  33.61044  0 
 117.3533  33.60601  0 
 117.2523  33.60391  0 
 117.1516  33.60493  0 
 117.052  33.61008  0 
 116.9544  33.62012  0 
 116.8596  33.63602  0 
 116.7289  33.67492  0 
 116.605  33.73198  0 
 116.4853  33.80104  0 
 116.3669  33.87592  0 
 116.2473  33.95038  0 
 116.1242  34.01799  0 
 115.9949  34.07247  0 
 115.9159  34.09953  0 
 115.8357  34.12601  0 
 115.7546  34.15115  0 
 115.6727  34.17408  0 
 115.5901  34.19382  0 
 115.507  34.20967  0 
 115.4236  34.22063  0 
 115.3274  34.22832  0 
 115.2288  34.23215  0 
 115.129  34.23143  0 
 115.0296  34.22555  0 
 114.9321  34.21375  0 
 114.8378  34.19544  0 
 114.7483  34.16996  0 
 114.6797  34.14296  0 
 114.6132  34.11028  0 
 114.5489  34.07301  0 
 114.4862  34.03262  0 
 114.4249  33.99027  0 
 114.3647  33.94717  0 
 114.3052  33.90473  0 
 114.2588  33.86848  0 
 114.2148  33.82894  0 
 114.1718  33.78791  0 
 114.1289  33.74762  0 
 114.0847  33.70995  0 
 114.038  33.67688  0 
 113.9875  33.65045  0 
 113.9141  33.62341  0 
 113.832  33.60076  0 
 113.745  33.58405  0 
 113.6571  33.57487  0 
 113.5722  33.57466  0 
 113.4941  33.58504  0 
 113.427  33.60757  0 
 113.3841  33.63305  0 
 113.3432  33.66624  0 
 113.3049  33.70522  0 
 113.2699  33.74842  0 
 113.2388  33.79407  0 
 113.2388  33.79407  0 
 113.2365  33.80252  0 
 113.2343  33.81105  0 
 113.232  33.8195  0 
 113.2298  33.82795  0 
 113.2275  33.83648  0 
 113.2251  33.84486  0 
 113.2226  33.85332  0 
 113.2113  33.88534  0 
 113.1977  33.91689  0 
 113.1827  33.94818  0 
 113.1674  33.97932  0 
 113.1529  34.01068  0 
 113.1403  34.04229  0 
 113.1305  34.07452  0 
 113.1252  34.10209  0 
 113.1221  34.12997  0 
 113.1203  34.15821  0 
 113.119  34.18645  0 
 113.1173  34.2147  0 
 113.1146  34.24285  0 
 113.1098  34.27059  0 
 113.1055  34.29434  0 
 113.102  34.31922  0 
 113.0982  34.3442  0 
 113.0931  34.36858  0 
 113.0857  34.39149  0 
 113.0749  34.4119  0 
 113.0596  34.42911  0 
 113.045  34.43955  0 
 113.028  34.44852  0 
 113.0093  34.45631  0 
 112.9892  34.46309  0 
 112.9686  34.46904  0 
 112.9479  34.47449  0 
 112.9279  34.4795  0 
 112.8892  34.48661  0 
 112.8495  34.48967  0 
 112.8089  34.48983  0 
 112.7678  34.48825  0 
 112.7267  34.48615  0 
 112.6856  34.48477  0 
 112.6449  34.48534  0 
 112.591  34.48622  0 
 112.5355  34.48528  0 
 112.4799  34.48414  0 
 112.425  34.48476  0 
 112.372  34.48893  0 
 112.3217  34.49852  0 
 112.2752  34.51527  0 
 112.2539  34.52543  0 
 112.2313  34.53663  0 
 112.209  34.54881  0 
 112.1879  34.56203  0 
 112.1694  34.5764  0 
 112.1545  34.59199  0 
 112.1445  34.60884  0 
 112.1408  34.62176  0 
 112.1393  34.6356  0 
 112.1397  34.65014  0 
 112.1412  34.66506  0 
 112.1437  34.68012  0 
 112.1465  34.69501  0 
 112.1491  34.7094  0 
 112.1564  34.74254  0 
 112.1672  34.77558  0 
 112.1808  34.80821  0 
 112.1969  34.84027  0 
 112.2148  34.87135  0 
 112.2342  34.9014  0 
 112.2545  34.93008  0 
 112.314  34.99442  0 
 112.388  35.04992  0 
 112.473  35.09829  0 
 112.5654  35.1413  0 
 112.6619  35.18089  0 
 112.7589  35.21858  0 
 112.853  35.25644  0 
 112.8788  35.26718  0 
 112.9047  35.27765  0 
 112.9306  35.28803  0 
 112.9568  35.29814  0 
 112.9832  35.30806  0 
 113.0095  35.3179  0 
 113.036  35.32747  0 
 113.0465  35.33119  0 
 113.0571  35.33492  0 
 113.0676  35.33856  0 
 113.0782  35.34219  0 
 113.0888  35.34583  0 
 113.0994  35.34946  0 
 113.11  35.3531  0 
 113.11  35.3531  0 
 113.1811  35.37678  0 
 113.2552  35.39732  0 
 113.3304  35.41666  0 
 113.4046  35.43663  0 
 113.4758  35.45912  0 
 113.5421  35.4859  0 
 113.6013  35.51894  0 
 113.6752  35.5788  0 
 113.7387  35.65044  0 
 113.793  35.73098  0 
 113.839  35.81763  0 
 113.878  35.90742  0 
 113.9109  35.99742  0 
 113.9388  36.08482  0 
 113.961  36.18763  0 
 113.9687  36.29311  0 
 113.9657  36.40073  0 
 113.9559  36.50959  0 
 113.9436  36.61903  0 
 113.9325  36.72842  0 
 113.9268  36.83684  0 
 113.9263  36.8727  0 
 113.9257  36.90857  0 
 113.9251  36.94446  0 
 113.9245  36.98027  0 
 113.924  37.01617  0 
 113.9235  37.05209  0 
 113.9229  37.08801  0 
 063  1 
 113.923  37.088  0 
 2  185 
 101.472  24.126  0 
 101.244  24.272  0 
 101.002  24.393  0 
 100.747  24.49  0 
 100.479  24.565  0 
 100.197  24.619  0 
 99.892  24.653  0 
 99.581  24.661  0 
 99.272  24.64  0 
 98.974  24.588  0 
 98.695  24.502  0 
 98.442  24.379  0 
 98.224  24.215  0 
 98.007  23.95  0 
 97.857  23.635  0 
 97.771  23.286  0 
 97.748  22.921  0 
 97.784  22.556  0 
 97.877  22.208  0 
 98.026  21.893  0 
 98.203  21.65  0 
 98.416  21.441  0 
 98.659  21.258  0 
 98.925  21.097  0 
 99.209  20.952  0 
 99.504  20.817  0 
 99.805  20.687  0 
 100.357  20.631  0 
 100.929  20.624  0 
 101.512  20.642  0 
 101.512  20.64202  0 
 101.661  20.65012  0 
 101.81  20.65714  0 
 101.9592  20.66366  0 
 102.1082  20.67016  0 
 102.2573  20.67716  0 
 102.4063  20.68523  0 
 102.5551  20.69494  0 
 102.8718  20.72138  0 
 103.1883  20.75407  0 
 103.5046  20.79146  0 
 103.8209  20.83181  0 
 104.1374  20.87354  0 
 104.4541  20.91494  0 
 104.7711  20.95447  0 
 105.0959  20.99658  0 
 105.4204  21.04293  0 
 105.7452  21.09067  0 
 106.0705  21.13663  0 
 106.3966  21.17785  0 
 106.7238  21.21122  0 
 107.052  21.23375  0 
 107.132  21.23735  0 
 107.212  21.24033  0 
 107.292  21.24284  0 
 107.3721  21.24511  0 
 107.4522  21.24713  0 
 107.5323  21.24911  0 
 107.6124  21.25114  0 
 107.6124  21.25114  0 
 108.0041  21.24825  0 
 108.4004  21.21546  0 
 108.7975  21.16908  0 
 109.192  21.12563  0 
 109.5812  21.1015  0 
 109.9625  21.11333  0 
 110.3343  21.17769  0 
 110.4841  21.21929  0 
 110.6347  21.26582  0 
 110.785  21.31751  0 
 110.9339  21.3744  0 
 111.0801  21.4366  0 
 111.2225  21.50431  0 
 111.3599  21.57775  0 
 111.4839  21.65703  0 
 111.6012  21.74687  0 
 111.7149  21.84325  0 
 111.8273  21.94206  0 
 111.9412  22.03907  0 
 112.059  22.13021  0 
 112.1835  22.21112  0 
 112.3895  22.3227  0 
 112.6052  22.42433  0 
 112.8287  22.51471  0 
 113.0584  22.5926  0 
 113.2928  22.6569  0 
 113.53  22.70629  0 
 113.7682  22.73977  0 
 113.8548  22.74564  0 
 113.9422  22.74653  0 
 114.0301  22.74483  0 
 114.1181  22.74263  0 
 114.2058  22.7424  0 
 114.2928  22.7463  0 
 114.3785  22.75667  0 
 114.4457  22.76863  0 
 114.5133  22.78234  0 
 114.5807  22.79799  0 
 114.6474  22.81598  0 
 114.7129  22.8366  0 
 114.7765  22.86018  0 
 114.8379  22.88707  0 
 114.9019  22.91866  0 
 114.9662  22.95322  0 
 115.0294  22.99086  0 
 115.0898  23.03196  0 
 115.1457  23.07658  0 
 115.1957  23.12503  0 
 115.238  23.17761  0 
 115.2609  23.21328  0 
 115.2814  23.25101  0 
 115.2998  23.29042  0 
 115.316  23.33109  0 
 115.3301  23.37254  0 
 115.342  23.41442  0 
 115.3519  23.45628  0 
 115.354  23.46661  0 
 115.3558  23.47697  0 
 115.3576  23.48733  0 
 115.3591  23.49771  0 
 115.3607  23.50817  0 
 115.3623  23.51863  0 
 115.364  23.529  0 
 115.364  23.529  0 
 115.309  23.599  0 
 115.21  23.659  0 
 115.075  23.71  0 
 114.911  23.754  0 
 114.911  23.75397  0 
 114.8904  23.76278  0 
 114.8698  23.77165  0 
 114.8491  23.7806  0 
 114.8284  23.78946  0 
 114.8078  23.79816  0 
 114.787  23.80672  0 
 114.7661  23.81505  0 
 114.5742  23.87929  0 
 114.3753  23.9272  0 
 114.1714  23.96089  0 
 113.9645  23.98287  0 
 113.7568  23.99538  0 
 113.5501  24.00084  0 
 113.3464  24.00179  0 
 112.9352  23.96951  0 
 112.5298  23.88487  0 
 112.1295  23.7629  0 
 111.7331  23.6183  0 
 111.3389  23.46587  0 
 110.9449  23.32021  0 
 110.5488  23.1958  0 
 110.2301  23.10164  0 
 109.9121  22.99871  0 
 109.5945  22.89442  0 
 109.277  22.7962  0 
 108.959  22.71138  0 
 108.6397  22.64711  0 
 108.3184  22.61079  0 
 108.0979  22.60527  0 
 107.8758  22.61339  0 
 107.6523  22.63105  0 
 107.4278  22.65441  0 
 107.2028  22.67953  0 
 106.9778  22.70251  0 
 106.7533  22.71941  0 
 106.2373  22.72218  0 
 105.7075  22.68911  0 
 105.1751  22.64351  0 
 104.6501  22.60891  0 
 104.1418  22.60899  0 
 103.6585  22.66792  0 
 103.2078  22.81033  0 
 102.972  22.93033  0 
 102.7428  23.07365  0 
 102.5189  23.23529  0 
 102.2995  23.4101  0 
 102.0838  23.59293  0 
 101.871  23.77845  0 
 101.6604  23.9614  0 
 101.6333  23.98469  0 
 101.6064  24.00815  0 
 101.5795  24.03168  0 
 101.5527  24.05529  0 
 101.5258  24.0789  0 
 101.499  24.10251  0 
 101.472  24.12602  0 
 062  1 
 101.472  24.126  0 
STATION_SITUATION 
WEATHER_REGION:  0 
FILLAREA:  0 
NOTES_SYMBOL:  0 
WithProp_LINESYMBOLS:  0 
