diamond 14 z:\diamond\update\zhyb\kw15092208.072
2015 09 22 06 0
LINES: 0
LINES_SYMBOL: 0
SYMBOLS: 3
 201    77.656    38.662     0.000     0.000
  45    88.708    40.259     0.000     0.000
  52   114.861    35.991     0.000     0.000
CLOSED_CONTOURS: 7
7 201
   119.282    56.629     0.000   120.221    56.595     0.000   121.172    56.546     0.000   122.134    56.482     0.000
   123.106    56.404     0.000   125.076    56.201     0.000   126.073    56.077     0.000   127.076    55.936     0.000
   128.085    55.780     0.000   130.135    55.412     0.000   132.152    54.969     0.000   134.085    54.447     0.000
   135.886    53.842     0.000   137.510    53.153     0.000   138.915    52.383     0.000   140.065    51.532     0.000
   140.925    50.603     0.000   141.470    49.598     0.000   141.658    48.823     0.000   141.685    48.019     0.000
   141.571    47.196     0.000   141.333    46.363     0.000   140.986    45.529     0.000   140.547    44.704     0.000
   140.030    43.897     0.000   139.447    43.116     0.000   138.810    42.370     0.000   137.884    41.430     0.000
   136.906    40.550     0.000   135.901    39.713     0.000   134.895    38.899     0.000   133.914    38.093     0.000
   132.981    37.278     0.000   132.121    36.440     0.000   131.359    35.563     0.000   130.718    34.636     0.000
   130.412    34.079     0.000   130.145    33.505     0.000   129.910    32.917     0.000   129.700    32.318     0.000
   129.507    31.712     0.000   129.324    31.101     0.000   129.146    30.488     0.000   128.965    29.877     0.000
   128.775    29.270     0.000   128.303    27.942     0.000   127.762    26.650     0.000   127.157    25.397     0.000
   126.492    24.183     0.000   125.771    23.012     0.000   124.995    21.884     0.000   124.169    20.801     0.000
   123.293    19.763     0.000   122.369    18.773     0.000   121.279    17.721     0.000   120.137    16.739     0.000
   118.945    15.836     0.000   117.708    15.022     0.000   116.426    14.305     0.000   115.100    13.694     0.000
   113.731    13.198     0.000   112.315    12.826     0.000   110.850    12.589     0.000   109.775    12.506     0.000
   108.688    12.500     0.000   107.605    12.575     0.000   106.541    12.738     0.000   105.512    12.994     0.000
   104.532    13.353     0.000   103.616    13.823     0.000   103.616    13.823     0.000   103.571    13.852     0.000
   103.525    13.881     0.000   103.480    13.910     0.000   103.434    13.939     0.000   103.389    13.968     0.000
   103.343    13.997     0.000   103.297    14.025     0.000   103.252    14.054     0.000   103.206    14.083     0.000
   103.160    14.111     0.000   103.114    14.140     0.000   103.068    14.168     0.000   103.022    14.197     0.000
   102.151    14.703     0.000   101.255    15.175     0.000   100.336    15.618     0.000    99.398    16.034     0.000
    98.443    16.427     0.000    97.473    16.802     0.000    96.492    17.163     0.000    95.502    17.514     0.000
    94.506    17.860     0.000    93.504    18.205     0.000    92.500    18.554     0.000    91.494    18.912     0.000
    90.488    19.285     0.000    89.863    19.526     0.000    89.238    19.774     0.000    88.614    20.030     0.000
    87.991    20.292     0.000    87.368    20.562     0.000    86.747    20.838     0.000    86.126    21.120     0.000
    85.506    21.409     0.000    84.887    21.703     0.000    84.270    22.004     0.000    83.654    22.311     0.000
    83.040    22.623     0.000    82.427    22.941     0.000    81.563    23.400     0.000    80.703    23.872     0.000
    79.848    24.358     0.000    78.998    24.861     0.000    78.154    25.383     0.000    77.316    25.925     0.000
    76.483    26.490     0.000    75.656    27.080     0.000    74.836    27.696     0.000    74.021    28.342     0.000
    73.213    29.019     0.000    72.410    29.730     0.000    71.612    30.477     0.000    70.762    31.320     0.000
    69.926    32.202     0.000    69.113    33.118     0.000    68.332    34.062     0.000    67.595    35.029     0.000
    66.912    36.014     0.000    66.296    37.014     0.000    65.760    38.024     0.000    65.320    39.038     0.000
    64.991    40.052     0.000    64.790    41.062     0.000    64.736    42.061     0.000    64.848    43.045     0.000
    65.148    44.022     0.000    65.633    44.973     0.000    66.298    45.894     0.000    67.133    46.782     0.000
    68.128    47.631     0.000    69.274    48.438     0.000    70.557    49.199     0.000    71.963    49.909     0.000
    73.476    50.565     0.000    75.077    51.164     0.000    76.748    51.704     0.000    78.468    52.185     0.000
    80.214    52.606     0.000    81.534    52.884     0.000    82.855    53.132     0.000    84.178    53.352     0.000
    85.501    53.546     0.000    86.825    53.717     0.000    88.150    53.869     0.000    89.477    54.002     0.000
    90.807    54.120     0.000    92.141    54.225     0.000    93.481    54.319     0.000    94.829    54.404     0.000
    96.186    54.482     0.000    97.554    54.556     0.000    98.254    54.593     0.000    98.957    54.630     0.000
    99.662    54.667     0.000   100.368    54.707     0.000   101.075    54.749     0.000   101.781    54.795     0.000
   102.486    54.846     0.000   103.190    54.902     0.000   103.892    54.965     0.000   104.592    55.035     0.000
   105.288    55.114     0.000   105.982    55.202     0.000   106.672    55.301     0.000   107.232    55.389     0.000
   107.791    55.484     0.000   108.349    55.583     0.000   108.908    55.686     0.000   109.467    55.790     0.000
   110.028    55.894     0.000   110.591    55.997     0.000   111.157    56.097     0.000   111.726    56.193     0.000
   112.299    56.283     0.000   112.876    56.365     0.000   113.457    56.439     0.000   114.042    56.501     0.000
   114.379    56.532     0.000   114.717    56.559     0.000   115.056    56.582     0.000   115.396    56.603     0.000
   115.738    56.620     0.000   116.079    56.634     0.000   116.422    56.646     0.000   116.765    56.656     0.000
   117.109    56.663     0.000   117.452    56.669     0.000   117.797    56.673     0.000   118.141    56.676     0.000
   118.485    56.678     0.000
061 1
   119.282    56.629     0.000
5 199
   115.995    39.075     0.000   115.944    39.086     0.000   115.894    39.095     0.000   115.894    39.095     0.000
       非数字       非数字     0.000       非数字       非数字     0.000       非数字       非数字     0.000       非数字       非数字     0.000
       非数字       非数字     0.000       非数字       非数字     0.000       非数字       非数字     0.000       非数字       非数字     0.000
       非数字       非数字     0.000       非数字       非数字     0.000       非数字       非数字     0.000       非数字       非数字     0.000
   115.828    39.112     0.000       非数字       非数字     0.000       非数字       非数字     0.000       非数字       非数字     0.000
       非数字       非数字     0.000       非数字       非数字     0.000       非数字       非数字     0.000       非数字       非数字     0.000
       非数字       非数字     0.000       非数字       非数字     0.000       非数字       非数字     0.000       非数字       非数字     0.000
       非数字       非数字     0.000   115.365    39.065     0.000       非数字       非数字     0.000       非数字       非数字     0.000
       非数字       非数字     0.000       非数字       非数字     0.000       非数字       非数字     0.000       非数字       非数字     0.000
       非数字       非数字     0.000       非数字       非数字     0.000       非数字       非数字     0.000       非数字       非数字     0.000
       非数字       非数字     0.000       非数字       非数字     0.000   114.858    38.727     0.000       非数字       非数字     0.000
       非数字       非数字     0.000       非数字       非数字     0.000       非数字       非数字     0.000       非数字       非数字     0.000
       非数字       非数字     0.000       非数字       非数字     0.000       非数字       非数字     0.000       非数字       非数字     0.000
       非数字       非数字     0.000       非数字       非数字     0.000       非数字       非数字     0.000   114.608    38.370     0.000
       非数字       非数字     0.000       非数字       非数字     0.000       非数字       非数字     0.000       非数字       非数字     0.000
       非数字       非数字     0.000       非数字       非数字     0.000       非数字       非数字     0.000       非数字       非数字     0.000
       非数字       非数字     0.000       非数字       非数字     0.000       非数字       非数字     0.000       非数字       非数字     0.000
   114.440    38.281     0.000       非数字       非数字     0.000       非数字       非数字     0.000       非数字       非数字     0.000
       非数字       非数字     0.000       非数字       非数字     0.000       非数字       非数字     0.000       非数字       非数字     0.000
       非数字       非数字     0.000       非数字       非数字     0.000       非数字       非数字     0.000       非数字       非数字     0.000
       非数字       非数字     0.000   114.275    38.101     0.000       非数字       非数字     0.000       非数字       非数字     0.000
       非数字       非数字     0.000       非数字       非数字     0.000       非数字       非数字     0.000       非数字       非数字     0.000
       非数字       非数字     0.000       非数字       非数字     0.000       非数字       非数字     0.000       非数字       非数字     0.000
       非数字       非数字     0.000       非数字       非数字     0.000   114.376    37.910     0.000       非数字       非数字     0.000
       非数字       非数字     0.000       非数字       非数字     0.000       非数字       非数字     0.000       非数字       非数字     0.000
       非数字       非数字     0.000       非数字       非数字     0.000       非数字       非数字     0.000       非数字       非数字     0.000
       非数字       非数字     0.000       非数字       非数字     0.000       非数字       非数字     0.000   114.587    37.979     0.000
       非数字       非数字     0.000       非数字       非数字     0.000       非数字       非数字     0.000       非数字       非数字     0.000
       非数字       非数字     0.000       非数字       非数字     0.000       非数字       非数字     0.000       非数字       非数字     0.000
       非数字       非数字     0.000       非数字       非数字     0.000       非数字       非数字     0.000       非数字       非数字     0.000
   115.049    38.422     0.000       非数字       非数字     0.000       非数字       非数字     0.000       非数字       非数字     0.000
       非数字       非数字     0.000       非数字       非数字     0.000       非数字       非数字     0.000       非数字       非数字     0.000
       非数字       非数字     0.000       非数字       非数字     0.000       非数字       非数字     0.000       非数字       非数字     0.000
       非数字       非数字     0.000   115.514    38.730     0.000       非数字       非数字     0.000       非数字       非数字     0.000
       非数字       非数字     0.000       非数字       非数字     0.000       非数字       非数字     0.000       非数字       非数字     0.000
       非数字       非数字     0.000       非数字       非数字     0.000       非数字       非数字     0.000       非数字       非数字     0.000
       非数字       非数字     0.000       非数字       非数字     0.000   115.690    38.793     0.000       非数字       非数字     0.000
       非数字       非数字     0.000       非数字       非数字     0.000       非数字       非数字     0.000       非数字       非数字     0.000
       非数字       非数字     0.000       非数字       非数字     0.000       非数字       非数字     0.000       非数字       非数字     0.000
       非数字       非数字     0.000       非数字       非数字     0.000       非数字       非数字     0.000   115.878    38.903     0.000
       非数字       非数字     0.000       非数字       非数字     0.000       非数字       非数字     0.000       非数字       非数字     0.000
       非数字       非数字     0.000       非数字       非数字     0.000       非数字       非数字     0.000       非数字       非数字     0.000
       非数字       非数字     0.000       非数字       非数字     0.000       非数字       非数字     0.000       非数字       非数字     0.000
   115.944    39.021     0.000       非数字       非数字     0.000       非数字       非数字     0.000       非数字       非数字     0.000
       非数字       非数字     0.000       非数字       非数字     0.000       非数字       非数字     0.000       非数字       非数字     0.000
       非数字       非数字     0.000       非数字       非数字     0.000       非数字       非数字     0.000       非数字       非数字     0.000
       非数字       非数字     0.000   115.944    39.021     0.000       非数字       非数字     0.000       非数字       非数字     0.000
       非数字       非数字     0.000       非数字       非数字     0.000       非数字       非数字     0.000       非数字       非数字     0.000
       非数字       非数字     0.000       非数字       非数字     0.000       非数字       非数字     0.000       非数字       非数字     0.000
       非数字       非数字     0.000       非数字       非数字     0.000   115.944    39.086     0.000
064 1
   115.995    39.075     0.000
7 142
    80.379    37.405     0.000    80.413    37.385     0.000    80.447    37.365     0.000    80.481    37.345     0.000
    80.513    37.325     0.000    80.544    37.305     0.000    80.573    37.285     0.000    80.601    37.265     0.000
    80.626    37.245     0.000    80.648    37.225     0.000    80.668    37.205     0.000    80.684    37.185     0.000
    80.697    37.165     0.000    80.706    37.144     0.000    80.711    37.103     0.000    80.701    37.062     0.000
    80.677    37.022     0.000    80.640    36.982     0.000    80.592    36.942     0.000    80.534    36.904     0.000
    80.468    36.867     0.000    80.395    36.832     0.000    80.317    36.799     0.000    80.234    36.767     0.000
    80.149    36.739     0.000    80.063    36.712     0.000    79.977    36.689     0.000    79.734    36.639     0.000
    79.503    36.614     0.000    79.283    36.611     0.000    79.072    36.628     0.000    78.868    36.662     0.000
    78.671    36.711     0.000    78.480    36.771     0.000    78.291    36.840     0.000    78.106    36.915     0.000
    77.921    36.994     0.000    77.737    37.074     0.000    77.552    37.152     0.000    77.364    37.225     0.000
    77.343    37.233     0.000    77.322    37.240     0.000    77.302    37.248     0.000    77.281    37.255     0.000
    77.260    37.263     0.000    77.239    37.270     0.000    77.218    37.277     0.000    77.197    37.284     0.000
    77.176    37.292     0.000    77.155    37.299     0.000    77.134    37.306     0.000    77.113    37.313     0.000
    77.092    37.320     0.000    77.092    37.320     0.000    76.883    37.401     0.000    76.680    37.491     0.000
    76.485    37.588     0.000    76.300    37.695     0.000    76.125    37.811     0.000    75.962    37.937     0.000
    75.812    38.075     0.000    75.677    38.223     0.000    75.603    38.319     0.000    75.535    38.418     0.000
    75.474    38.521     0.000    75.421    38.627     0.000    75.376    38.735     0.000    75.339    38.845     0.000
    75.312    38.956     0.000    75.295    39.068     0.000    75.289    39.180     0.000    75.294    39.293     0.000
    75.310    39.404     0.000    75.339    39.514     0.000    75.382    39.622     0.000    75.417    39.691     0.000
    75.417    39.691     0.000    75.419    39.695     0.000    75.421    39.699     0.000    75.423    39.703     0.000
    75.425    39.707     0.000    75.427    39.711     0.000    75.429    39.715     0.000    75.431    39.719     0.000
    75.433    39.723     0.000    75.435    39.727     0.000    75.437    39.731     0.000    75.439    39.735     0.000
    75.441    39.739     0.000    75.444    39.743     0.000    75.478    39.790     0.000    75.521    39.833     0.000
    75.571    39.872     0.000    75.628    39.907     0.000    75.690    39.937     0.000    75.758    39.964     0.000
    75.829    39.986     0.000    75.903    40.005     0.000    75.979    40.019     0.000    76.057    40.030     0.000
    76.135    40.037     0.000    76.212    40.040     0.000    76.288    40.039     0.000    76.470    40.021     0.000
    76.638    39.983     0.000    76.793    39.925     0.000    76.937    39.850     0.000    77.070    39.761     0.000
    77.195    39.659     0.000    77.313    39.547     0.000    77.425    39.426     0.000    77.533    39.299     0.000
    77.639    39.168     0.000    77.743    39.035     0.000    77.847    38.902     0.000    77.953    38.771     0.000
    78.067    38.638     0.000    78.185    38.510     0.000    78.307    38.387     0.000    78.432    38.270     0.000
    78.562    38.160     0.000    78.696    38.055     0.000    78.834    37.957     0.000    78.976    37.867     0.000
    79.123    37.783     0.000    79.275    37.708     0.000    79.432    37.641     0.000    79.594    37.582     0.000
    79.761    37.533     0.000    79.819    37.518     0.000    79.878    37.504     0.000    79.938    37.491     0.000
    79.998    37.479     0.000    80.059    37.467     0.000    80.120    37.456     0.000    80.181    37.446     0.000
    80.243    37.436     0.000    80.304    37.427     0.000    80.366    37.418     0.000    80.429    37.409     0.000
    80.491    37.400     0.000    80.553    37.392     0.000
063 1
    80.379    37.405     0.000
5 73
    86.648    39.669     0.000    86.738    39.835     0.000    86.837    39.990     0.000    86.945    40.134     0.000
    87.064    40.267     0.000    87.191    40.388     0.000    87.329    40.499     0.000    87.476    40.599     0.000
    87.632    40.687     0.000    87.798    40.765     0.000    87.981    40.833     0.000    88.173    40.889     0.000
    88.374    40.932     0.000    88.583    40.963     0.000    88.798    40.980     0.000    89.020    40.984     0.000
    89.248    40.974     0.000    89.480    40.951     0.000    89.715    40.914     0.000    89.871    40.882     0.000
    90.025    40.843     0.000    90.173    40.798     0.000    90.312    40.746     0.000    90.439    40.687     0.000
    90.551    40.621     0.000    90.644    40.547     0.000    90.715    40.466     0.000    90.760    40.377     0.000
    90.777    40.294     0.000    90.776    40.207     0.000    90.757    40.117     0.000    90.723    40.026     0.000
    90.677    39.934     0.000    90.620    39.845     0.000    90.555    39.758     0.000    90.483    39.675     0.000
    90.406    39.599     0.000    90.200    39.436     0.000    89.977    39.311     0.000    89.738    39.214     0.000
    89.483    39.136     0.000    89.213    39.067     0.000    88.929    38.998     0.000    88.632    38.920     0.000
    88.322    38.823     0.000    88.001    38.698     0.000    87.618    38.511     0.000    87.232    38.293     0.000
    86.855    38.064     0.000    86.496    37.846     0.000    86.164    37.657     0.000    85.868    37.518     0.000
    85.616    37.449     0.000    85.416    37.472     0.000    85.276    37.606     0.000    85.257    37.646     0.000
    85.241    37.690     0.000    85.227    37.737     0.000    85.216    37.787     0.000    85.206    37.839     0.000
    85.200    37.893     0.000    85.195    37.947     0.000    85.193    38.003     0.000    85.193    38.058     0.000
    85.213    38.247     0.000    85.262    38.426     0.000    85.341    38.594     0.000    85.450    38.750     0.000
    85.589    38.895     0.000    85.758    39.029     0.000    85.957    39.152     0.000    86.187    39.262     0.000
    86.448    39.361     0.000
063 1
    86.648    39.669     0.000
7 991
   107.185    43.713     0.000   107.426    43.793     0.000   107.667    43.872     0.000   107.910    43.951     0.000
   108.154    44.029     0.000   108.400    44.107     0.000   108.400    44.107     0.000   108.418    44.112     0.000
   108.436    44.117     0.000   108.454    44.122     0.000   108.471    44.127     0.000   108.489    44.131     0.000
   108.507    44.136     0.000   108.525    44.141     0.000   108.543    44.146     0.000   108.561    44.151     0.000
   108.579    44.156     0.000   108.597    44.162     0.000   108.615    44.167     0.000   108.632    44.172     0.000
   108.708    44.195     0.000   108.782    44.218     0.000   108.857    44.243     0.000   108.930    44.268     0.000
   109.004    44.294     0.000   109.078    44.320     0.000   109.151    44.346     0.000   109.224    44.372     0.000
   109.298    44.398     0.000   109.372    44.423     0.000   109.446    44.448     0.000   109.521    44.473     0.000
   109.596    44.497     0.000   109.625    44.506     0.000   109.653    44.514     0.000   109.682    44.523     0.000
   109.711    44.532     0.000   109.741    44.540     0.000   109.770    44.548     0.000   109.799    44.556     0.000
   109.828    44.564     0.000   109.858    44.572     0.000   109.887    44.580     0.000   109.917    44.588     0.000
   109.946    44.596     0.000   109.976    44.603     0.000   110.289    44.679     0.000   110.606    44.748     0.000
   110.927    44.808     0.000   111.250    44.862     0.000   111.576    44.910     0.000   111.904    44.951     0.000
   112.235    44.986     0.000   112.567    45.016     0.000   112.900    45.041     0.000   113.235    45.061     0.000
   113.571    45.077     0.000   113.907    45.089     0.000   114.244    45.098     0.000   114.709    45.104     0.000
   115.173    45.103     0.000   115.636    45.093     0.000   116.098    45.071     0.000   116.557    45.038     0.000
   117.013    44.990     0.000   117.464    44.926     0.000   117.910    44.845     0.000   118.350    44.744     0.000
   118.782    44.623     0.000   119.206    44.480     0.000   119.621    44.313     0.000   120.026    44.121     0.000
   120.186    44.036     0.000   120.344    43.948     0.000   120.500    43.859     0.000   120.655    43.769     0.000
   120.809    43.681     0.000   120.961    43.596     0.000   121.113    43.516     0.000   121.264    43.441     0.000
   121.414    43.373     0.000   121.564    43.314     0.000   121.713    43.265     0.000   121.863    43.228     0.000
   122.014    43.204     0.000   122.238    43.193     0.000   122.463    43.212     0.000   122.689    43.257     0.000
   122.916    43.326     0.000   123.144    43.417     0.000   123.372    43.526     0.000   123.599    43.652     0.000
   123.826    43.792     0.000   124.052    43.942     0.000   124.275    44.102     0.000   124.497    44.267     0.000
   124.715    44.437     0.000   124.930    44.607     0.000   125.111    44.752     0.000   125.290    44.895     0.000
   125.467    45.035     0.000   125.644    45.169     0.000   125.821    45.298     0.000   125.999    45.419     0.000
   126.179    45.532     0.000   126.362    45.634     0.000   126.549    45.726     0.000   126.741    45.805     0.000
   126.938    45.870     0.000   127.142    45.920     0.000   127.352    45.953     0.000   127.578    45.970     0.000
   127.811    45.968     0.000   128.048    45.948     0.000   128.287    45.911     0.000   128.527    45.859     0.000
   128.766    45.790     0.000   129.001    45.708     0.000   129.230    45.612     0.000   129.453    45.502     0.000
   129.666    45.381     0.000   129.869    45.249     0.000   130.059    45.106     0.000   130.235    44.954     0.000
   130.320    44.872     0.000   130.400    44.788     0.000   130.475    44.703     0.000   130.543    44.616     0.000
   130.605    44.528     0.000   130.660    44.441     0.000   130.706    44.353     0.000   130.745    44.266     0.000
   130.774    44.179     0.000   130.794    44.094     0.000   130.803    44.011     0.000   130.802    43.929     0.000
   130.789    43.850     0.000   130.745    43.730     0.000   130.674    43.616     0.000   130.579    43.507     0.000
   130.463    43.404     0.000   130.328    43.304     0.000   130.177    43.208     0.000   130.014    43.115     0.000
   129.840    43.024     0.000   129.659    42.935     0.000   129.474    42.846     0.000   129.288    42.757     0.000
   129.102    42.667     0.000   128.921    42.577     0.000   128.596    42.402     0.000   128.292    42.223     0.000
   128.006    42.039     0.000   127.735    41.852     0.000   127.477    41.663     0.000   127.228    41.473     0.000
   126.986    41.282     0.000   126.749    41.091     0.000   126.514    40.902     0.000   126.277    40.715     0.000
   126.038    40.530     0.000   125.792    40.349     0.000   125.537    40.171     0.000   125.265    39.994     0.000
   124.984    39.821     0.000   124.697    39.650     0.000   124.407    39.480     0.000   124.116    39.310     0.000
   123.828    39.138     0.000   123.544    38.963     0.000   123.269    38.784     0.000   123.005    38.599     0.000
   122.754    38.409     0.000   122.520    38.210     0.000   122.305    38.003     0.000   122.111    37.786     0.000
   121.898    37.493     0.000   121.721    37.183     0.000   121.579    36.860     0.000   121.467    36.524     0.000
   121.382    36.179     0.000   121.323    35.826     0.000   121.284    35.465     0.000   121.263    35.101     0.000
   121.258    34.733     0.000   121.265    34.365     0.000   121.282    33.997     0.000   121.305    33.632     0.000
   121.332    33.270     0.000   121.351    33.023     0.000   121.371    32.778     0.000   121.391    32.535     0.000
   121.409    32.294     0.000   121.426    32.054     0.000   121.442    31.815     0.000   121.455    31.577     0.000
   121.466    31.340     0.000   121.474    31.102     0.000   121.479    30.864     0.000   121.479    30.626     0.000
   121.476    30.386     0.000   121.468    30.145     0.000   121.449    29.820     0.000   121.421    29.492     0.000
   121.382    29.164     0.000   121.334    28.836     0.000   121.275    28.511     0.000   121.204    28.189     0.000
   121.122    27.871     0.000   121.028    27.559     0.000   120.922    27.254     0.000   120.803    26.956     0.000
   120.671    26.668     0.000   120.525    26.390     0.000   120.365    26.123     0.000   120.157    25.822     0.000
   119.929    25.537     0.000   119.684    25.265     0.000   119.421    25.006     0.000   119.141    24.756     0.000
   118.847    24.514     0.000   118.539    24.278     0.000   118.218    24.047     0.000   117.885    23.818     0.000
   117.541    23.590     0.000   117.188    23.361     0.000   116.826    23.130     0.000   116.457    22.893     0.000
   115.951    22.567     0.000   115.438    22.238     0.000   114.920    21.914     0.000   114.401    21.603     0.000
   113.883    21.313     0.000   113.369    21.053     0.000   112.861    20.830     0.000   112.360    20.652     0.000
   111.869    20.528     0.000   111.389    20.467     0.000   110.921    20.475     0.000   110.467    20.563     0.000
   110.027    20.738     0.000   109.918    20.798     0.000   109.809    20.863     0.000   109.700    20.932     0.000
   109.591    21.004     0.000   109.483    21.078     0.000   109.374    21.154     0.000   109.264    21.229     0.000
   109.153    21.303     0.000   109.041    21.375     0.000   108.928    21.444     0.000   108.813    21.508     0.000
   108.696    21.567     0.000   108.576    21.619     0.000   108.175    21.739     0.000   107.754    21.792     0.000
   107.317    21.790     0.000   106.868    21.745     0.000   106.414    21.671     0.000   105.957    21.579     0.000
   105.501    21.483     0.000   105.050    21.395     0.000   104.607    21.327     0.000   104.174    21.294     0.000
   103.755    21.306     0.000   103.352    21.379     0.000   102.967    21.523     0.000   102.946    21.534     0.000
   102.926    21.544     0.000   102.905    21.555     0.000   102.885    21.566     0.000   102.865    21.577     0.000
   102.844    21.588     0.000   102.824    21.599     0.000   102.804    21.611     0.000   102.784    21.622     0.000
   102.763    21.634     0.000   102.743    21.646     0.000   102.723    21.657     0.000   102.703    21.669     0.000
   102.703    21.669     0.000   102.429    21.867     0.000   102.179    22.078     0.000   101.955    22.302     0.000
   101.763    22.537     0.000   101.608    22.782     0.000   101.494    23.039     0.000   101.427    23.304     0.000
   101.409    23.512     0.000   101.418    23.723     0.000   101.452    23.938     0.000   101.510    24.155     0.000
   101.588    24.374     0.000   101.684    24.592     0.000   101.797    24.810     0.000   101.923    25.027     0.000
   102.061    25.241     0.000   102.208    25.452     0.000   102.361    25.658     0.000   102.519    25.858     0.000
   102.678    26.053     0.000   102.783    26.177     0.000   102.888    26.297     0.000   102.996    26.413     0.000
   103.107    26.524     0.000   103.223    26.629     0.000   103.346    26.727     0.000   103.475    26.819     0.000
   103.614    26.903     0.000   103.763    26.978     0.000   103.924    27.044     0.000   104.098    27.100     0.000
   104.286    27.146     0.000   104.489    27.180     0.000   104.602    27.193     0.000   104.718    27.203     0.000
   104.834    27.209     0.000   104.950    27.212     0.000   105.063    27.210     0.000   105.171    27.205     0.000
   105.273    27.196     0.000   105.367    27.183     0.000   105.450    27.166     0.000   105.521    27.145     0.000
   105.579    27.119     0.000   105.620    27.090     0.000   105.645    27.056     0.000   105.650    27.012     0.000
   105.632    26.962     0.000   105.594    26.907     0.000   105.540    26.846     0.000   105.473    26.781     0.000
   105.395    26.711     0.000   105.310    26.636     0.000   105.222    26.557     0.000   105.132    26.473     0.000
   105.045    26.386     0.000   104.962    26.295     0.000   104.889    26.201     0.000   104.826    26.104     0.000
   104.791    26.035     0.000   104.762    25.965     0.000   104.740    25.894     0.000   104.725    25.824     0.000
   104.716    25.754     0.000   104.714    25.685     0.000   104.718    25.618     0.000   104.728    25.553     0.000
   104.745    25.490     0.000   104.767    25.431     0.000   104.795    25.374     0.000   104.829    25.322     0.000
   104.869    25.274     0.000   104.912    25.233     0.000   104.960    25.195     0.000   105.012    25.162     0.000
   105.068    25.133     0.000   105.127    25.106     0.000   105.189    25.083     0.000   105.254    25.063     0.000
   105.321    25.045     0.000   105.390    25.030     0.000   105.460    25.017     0.000   105.531    25.006     0.000
   105.602    24.996     0.000   105.674    24.988     0.000   106.043    24.966     0.000   106.403    24.974     0.000
   106.754    25.010     0.000   107.099    25.072     0.000   107.436    25.157     0.000   107.768    25.263     0.000
   108.095    25.385     0.000   108.418    25.523     0.000   108.736    25.673     0.000   109.052    25.832     0.000
   109.364    25.999     0.000   109.674    26.169     0.000   109.982    26.341     0.000   110.307    26.523     0.000
   110.632    26.703     0.000   110.956    26.880     0.000   111.281    27.054     0.000   111.608    27.225     0.000
   111.937    27.391     0.000   112.269    27.553     0.000   112.606    27.709     0.000   112.948    27.860     0.000
   113.296    28.003     0.000   113.650    28.140     0.000   114.013    28.268     0.000   114.383    28.389     0.000
   114.721    28.488     0.000   115.064    28.584     0.000   115.409    28.678     0.000   115.753    28.774     0.000
   116.094    28.874     0.000   116.430    28.982     0.000   116.758    29.101     0.000   117.075    29.234     0.000
   117.380    29.384     0.000   117.670    29.555     0.000   117.942    29.750     0.000   118.194    29.973     0.000
   118.423    30.226     0.000   118.582    30.441     0.000   118.725    30.673     0.000   118.850    30.917     0.000
   118.956    31.172     0.000   119.040    31.432     0.000   119.101    31.694     0.000   119.136    31.956     0.000
   119.145    32.212     0.000   119.123    32.460     0.000   119.071    32.696     0.000   118.985    32.917     0.000
   118.864    33.117     0.000   118.706    33.295     0.000   118.617    33.370     0.000   118.521    33.439     0.000
   118.416    33.503     0.000   118.306    33.563     0.000   118.189    33.617     0.000   118.067    33.668     0.000
   117.940    33.715     0.000   117.810    33.759     0.000   117.677    33.801     0.000   117.541    33.840     0.000
   117.404    33.877     0.000   117.266    33.913     0.000   117.128    33.947     0.000   116.791    34.031     0.000
   116.458    34.111     0.000   116.126    34.188     0.000   115.797    34.261     0.000   115.470    34.329     0.000
   115.144    34.393     0.000   114.818    34.452     0.000   114.493    34.506     0.000   114.168    34.553     0.000
   113.842    34.594     0.000   113.516    34.629     0.000   113.189    34.656     0.000   112.860    34.675     0.000
   112.297    34.691     0.000   111.731    34.686     0.000   111.161    34.667     0.000   110.589    34.635     0.000
   110.015    34.596     0.000   109.442    34.554     0.000   108.867    34.511     0.000   108.294    34.474     0.000
   107.721    34.444     0.000   107.149    34.427     0.000   106.577    34.426     0.000   106.006    34.446     0.000
   105.436    34.491     0.000   105.216    34.515     0.000   104.997    34.544     0.000   104.779    34.577     0.000
   104.561    34.615     0.000   104.345    34.658     0.000   104.130    34.705     0.000   103.917    34.758     0.000
   103.706    34.816     0.000   103.498    34.879     0.000   103.292    34.948     0.000   103.089    35.022     0.000
   102.890    35.102     0.000   102.695    35.188     0.000   102.679    35.195     0.000   102.663    35.203     0.000
   102.647    35.210     0.000   102.632    35.217     0.000   102.616    35.225     0.000   102.600    35.232     0.000
   102.584    35.240     0.000   102.569    35.247     0.000   102.553    35.255     0.000   102.537    35.262     0.000
   102.522    35.270     0.000   102.506    35.277     0.000   102.490    35.285     0.000   102.490    35.285     0.000
   102.255    35.387     0.000   102.024    35.495     0.000   101.799    35.610     0.000   101.579    35.731     0.000
   101.574    35.734     0.000   101.569    35.737     0.000   101.564    35.740     0.000   101.559    35.742     0.000
   101.554    35.745     0.000   101.548    35.748     0.000   101.543    35.751     0.000   101.538    35.754     0.000
   101.533    35.757     0.000   101.528    35.760     0.000   101.523    35.763     0.000   101.518    35.766     0.000
   101.513    35.769     0.000   101.513    35.769     0.000   101.427    35.803     0.000   101.342    35.839     0.000
   101.261    35.877     0.000   101.184    35.916     0.000   101.113    35.956     0.000   101.049    35.998     0.000
   100.993    36.042     0.000   100.946    36.088     0.000   100.911    36.134     0.000   100.887    36.183     0.000
   100.877    36.233     0.000   100.879    36.276     0.000   100.890    36.319     0.000   100.910    36.363     0.000
   100.937    36.407     0.000   100.971    36.452     0.000   101.011    36.497     0.000   101.056    36.541     0.000
   101.106    36.585     0.000   101.158    36.629     0.000   101.214    36.672     0.000   101.272    36.713     0.000
   101.330    36.754     0.000   101.389    36.793     0.000   101.457    36.836     0.000   101.524    36.877     0.000
   101.591    36.915     0.000   101.659    36.950     0.000   101.726    36.982     0.000   101.795    37.010     0.000
   101.864    37.035     0.000   101.935    37.056     0.000   102.008    37.073     0.000   102.082    37.086     0.000
   102.158    37.094     0.000   102.237    37.097     0.000   102.319    37.095     0.000   102.407    37.088     0.000
   102.498    37.076     0.000   102.589    37.061     0.000   102.681    37.045     0.000   102.773    37.029     0.000
   102.863    37.015     0.000   102.950    37.004     0.000   103.034    36.997     0.000   103.113    36.996     0.000
   103.187    37.003     0.000   103.255    37.019     0.000   103.315    37.045     0.000   103.367    37.083     0.000
   103.386    37.101     0.000   103.402    37.122     0.000   103.418    37.144     0.000   103.431    37.167     0.000
   103.443    37.192     0.000   103.454    37.217     0.000   103.462    37.244     0.000   103.469    37.270     0.000
   103.474    37.297     0.000   103.478    37.324     0.000   103.479    37.351     0.000   103.478    37.377     0.000
   103.475    37.403     0.000   103.459    37.464     0.000   103.430    37.519     0.000   103.391    37.569     0.000
   103.340    37.615     0.000   103.281    37.656     0.000   103.214    37.694     0.000   103.140    37.728     0.000
   103.061    37.760     0.000   102.977    37.790     0.000   102.889    37.817     0.000   102.799    37.844     0.000
   102.708    37.870     0.000   102.617    37.895     0.000   102.168    38.025     0.000   101.744    38.158     0.000
   101.340    38.293     0.000   100.952    38.428     0.000   100.576    38.562     0.000   100.208    38.695     0.000
    99.844    38.825     0.000    99.479    38.950     0.000    99.110    39.069     0.000    98.732    39.181     0.000
    98.341    39.284     0.000    97.933    39.377     0.000    97.503    39.457     0.000    97.308    39.488     0.000
    97.110    39.515     0.000    96.909    39.537     0.000    96.708    39.552     0.000    96.507    39.560     0.000
    96.309    39.559     0.000    96.114    39.548     0.000    95.925    39.527     0.000    95.741    39.493     0.000
    95.566    39.445     0.000    95.400    39.383     0.000    95.245    39.305     0.000    95.102    39.211     0.000
    95.011    39.134     0.000    94.926    39.050     0.000    94.850    38.959     0.000    94.782    38.863     0.000
    94.724    38.762     0.000    94.676    38.659     0.000    94.639    38.553     0.000    94.613    38.446     0.000
    94.599    38.340     0.000    94.597    38.235     0.000    94.608    38.132     0.000    94.633    38.033     0.000
    94.673    37.939     0.000    94.708    37.876     0.000    94.750    37.816     0.000    94.797    37.758     0.000
    94.847    37.701     0.000    94.899    37.644     0.000    94.952    37.588     0.000    95.006    37.532     0.000
    95.058    37.474     0.000    95.108    37.416     0.000    95.155    37.355     0.000    95.197    37.293     0.000
    95.233    37.227     0.000    95.261    37.159     0.000    95.279    37.101     0.000    95.291    37.041     0.000
    95.298    36.980     0.000    95.300    36.918     0.000    95.297    36.857     0.000    95.290    36.796     0.000
    95.277    36.736     0.000    95.260    36.678     0.000    95.239    36.622     0.000    95.212    36.569     0.000
    95.182    36.520     0.000    95.147    36.476     0.000    95.108    36.436     0.000    95.021    36.373     0.000
    94.921    36.330     0.000    94.808    36.304     0.000    94.685    36.294     0.000    94.553    36.299     0.000
    94.414    36.317     0.000    94.269    36.347     0.000    94.120    36.388     0.000    93.970    36.439     0.000
    93.818    36.497     0.000    93.668    36.562     0.000    93.521    36.632     0.000    93.379    36.706     0.000
    93.109    36.863     0.000    92.862    37.029     0.000    92.635    37.201     0.000    92.423    37.376     0.000
    92.223    37.550     0.000    92.033    37.722     0.000    91.848    37.889     0.000    91.665    38.047     0.000
    91.481    38.194     0.000    91.293    38.326     0.000    91.096    38.442     0.000    90.888    38.538     0.000
    90.665    38.610     0.000    90.466    38.651     0.000    90.255    38.675     0.000    90.036    38.683     0.000
    89.808    38.676     0.000    89.575    38.655     0.000    89.337    38.621     0.000    89.096    38.576     0.000
    88.853    38.520     0.000    88.611    38.454     0.000    88.370    38.380     0.000    88.133    38.300     0.000
    87.901    38.213     0.000    87.674    38.122     0.000    87.423    38.013     0.000    87.181    37.900     0.000
    86.946    37.786     0.000    86.717    37.670     0.000    86.492    37.554     0.000    86.271    37.438     0.000
    86.051    37.325     0.000    85.831    37.215     0.000    85.610    37.109     0.000    85.386    37.009     0.000
    85.159    36.914     0.000    84.926    36.827     0.000    84.686    36.747     0.000    84.663    36.740     0.000
    84.640    36.733     0.000    84.617    36.726     0.000    84.593    36.719     0.000    84.570    36.712     0.000
    84.547    36.706     0.000    84.523    36.699     0.000    84.500    36.692     0.000    84.476    36.686     0.000
    84.453    36.679     0.000    84.429    36.672     0.000    84.406    36.666     0.000    84.382    36.659     0.000
    84.382    36.659     0.000    83.954    36.517     0.000    83.528    36.381     0.000    83.104    36.255     0.000
    82.680    36.142     0.000    82.338    36.062     0.000    81.995    35.993     0.000    81.650    35.935     0.000
    81.302    35.886     0.000    80.950    35.848     0.000    80.593    35.818     0.000    80.230    35.798     0.000
    79.860    35.787     0.000    79.482    35.783     0.000    79.095    35.788     0.000    78.699    35.801     0.000
    78.292    35.821     0.000    77.874    35.847     0.000    77.280    35.894     0.000    76.671    35.955     0.000
    76.057    36.029     0.000    75.447    36.119     0.000    74.850    36.227     0.000    74.276    36.353     0.000
    73.733    36.500     0.000    73.232    36.671     0.000    72.781    36.867     0.000    72.390    37.092     0.000
    72.069    37.347     0.000    71.828    37.636     0.000    71.678    37.960     0.000    71.638    38.157     0.000
    71.627    38.364     0.000    71.644    38.579     0.000    71.689    38.801     0.000    71.758    39.027     0.000
    71.851    39.257     0.000    71.965    39.488     0.000    72.100    39.718     0.000    72.254    39.946     0.000
    72.424    40.170     0.000    72.609    40.388     0.000    72.807    40.598     0.000    73.016    40.798     0.000
    73.359    41.087     0.000    73.723    41.348     0.000    74.107    41.582     0.000    74.511    41.790     0.000
    74.934    41.970     0.000    75.375    42.124     0.000    75.832    42.252     0.000    76.305    42.354     0.000
    76.792    42.431     0.000    77.293    42.481     0.000    77.807    42.506     0.000    77.807    42.506     0.000
    77.853    42.510     0.000    77.899    42.515     0.000    77.945    42.519     0.000    77.991    42.523     0.000
    78.036    42.526     0.000    78.082    42.530     0.000    78.128    42.533     0.000    78.174    42.535     0.000
    78.219    42.538     0.000    78.265    42.539     0.000    78.310    42.540     0.000    78.356    42.541     0.000
    78.401    42.541     0.000    78.581    42.533     0.000    78.759    42.515     0.000    78.935    42.487     0.000
    79.110    42.452     0.000    79.284    42.411     0.000    79.456    42.364     0.000    79.628    42.314     0.000
    79.800    42.261     0.000    79.971    42.207     0.000    79.971    42.207     0.000    79.994    42.202     0.000
    80.018    42.196     0.000    80.041    42.191     0.000    80.065    42.186     0.000    80.088    42.180     0.000
    80.112    42.175     0.000    80.135    42.170     0.000    80.159    42.165     0.000    80.182    42.160     0.000
    80.205    42.155     0.000    80.229    42.150     0.000    80.252    42.145     0.000    80.275    42.141     0.000
    80.518    42.099     0.000    80.759    42.069     0.000    80.999    42.048     0.000    81.239    42.037     0.000
    81.481    42.033     0.000    81.725    42.034     0.000    81.974    42.040     0.000    82.227    42.049     0.000
    82.486    42.058     0.000    82.752    42.067     0.000    83.025    42.074     0.000    83.308    42.078     0.000
    83.601    42.076     0.000    83.968    42.066     0.000    84.345    42.050     0.000    84.726    42.032     0.000
    85.106    42.016     0.000    85.479    42.006     0.000    85.839    42.007     0.000    86.181    42.022     0.000
    86.501    42.056     0.000    86.791    42.113     0.000    87.048    42.197     0.000    87.266    42.314     0.000
    87.439    42.467     0.000    87.562    42.661     0.000    87.596    42.751     0.000    87.622    42.847     0.000
    87.638    42.947     0.000    87.644    43.050     0.000    87.642    43.154     0.000    87.630    43.258     0.000
    87.609    43.360     0.000    87.578    43.459     0.000    87.537    43.552     0.000    87.487    43.639     0.000
    87.427    43.718     0.000    87.357    43.788     0.000    87.277    43.846     0.000    87.141    43.911     0.000
    86.985    43.951     0.000    86.814    43.972     0.000    86.629    43.977     0.000    86.433    43.971     0.000
    86.230    43.957     0.000    86.021    43.941     0.000    85.810    43.926     0.000    85.599    43.917     0.000
    85.391    43.917     0.000    85.188    43.932     0.000    84.993    43.966     0.000    84.807    44.023     0.000
    84.712    44.065     0.000    84.621    44.113     0.000    84.535    44.169     0.000    84.455    44.229     0.000
    84.382    44.294     0.000    84.317    44.363     0.000    84.261    44.435     0.000    84.214    44.509     0.000
    84.178    44.584     0.000    84.153    44.659     0.000    84.141    44.733     0.000    84.142    44.806     0.000
    84.157    44.877     0.000    84.182    44.935     0.000    84.216    44.990     0.000    84.260    45.043     0.000
    84.313    45.093     0.000    84.373    45.141     0.000    84.441    45.186     0.000    84.514    45.229     0.000
    84.593    45.269     0.000    84.676    45.306     0.000    84.762    45.340     0.000    84.852    45.371     0.000
    84.943    45.400     0.000    85.035    45.425     0.000    85.313    45.484     0.000    85.592    45.518     0.000
    85.870    45.528     0.000    86.146    45.516     0.000    86.419    45.485     0.000    86.689    45.434     0.000
    86.954    45.367     0.000    87.212    45.285     0.000    87.464    45.190     0.000    87.708    45.082     0.000
    87.943    44.965     0.000    88.169    44.839     0.000    88.385    44.706     0.000    88.502    44.629     0.000
    88.616    44.551     0.000    88.727    44.472     0.000    88.837    44.393     0.000    88.946    44.315     0.000
    89.053    44.238     0.000    89.161    44.162     0.000    89.268    44.088     0.000    89.377    44.017     0.000
    89.487    43.949     0.000    89.598    43.885     0.000    89.713    43.824     0.000    89.830    43.768     0.000
    90.054    43.678     0.000    90.288    43.603     0.000    90.533    43.541     0.000    90.786    43.490     0.000
    91.047    43.449     0.000    91.314    43.414     0.000    91.586    43.385     0.000    91.863    43.359     0.000
    92.142    43.335     0.000    92.423    43.310     0.000    92.704    43.283     0.000    92.984    43.252     0.000
    93.261    43.216     0.000    93.494    43.179     0.000    93.724    43.139     0.000    93.951    43.096     0.000
    94.177    43.051     0.000    94.400    43.007     0.000    94.623    42.965     0.000    94.844    42.925     0.000
    95.064    42.890     0.000    95.284    42.861     0.000    95.505    42.839     0.000    95.725    42.826     0.000
    95.947    42.823     0.000    96.170    42.832     0.000    96.196    42.834     0.000    96.223    42.836     0.000
    96.250    42.838     0.000    96.276    42.840     0.000    96.303    42.843     0.000    96.330    42.845     0.000
    96.356    42.848     0.000    96.383    42.850     0.000    96.410    42.853     0.000    96.437    42.856     0.000
    96.463    42.859     0.000    96.490    42.862     0.000    96.517    42.865     0.000    96.517    42.865     0.000
    96.940    42.949     0.000    97.365    43.034     0.000    97.793    43.119     0.000    98.223    43.202     0.000
    98.818    43.308     0.000    99.418    43.405     0.000   100.021    43.491     0.000   100.021    43.491     0.000
   100.054    43.494     0.000   100.086    43.497     0.000   100.119    43.501     0.000   100.152    43.504     0.000
   100.184    43.507     0.000   100.217    43.510     0.000   100.250    43.513     0.000   100.283    43.516     0.000
   100.315    43.519     0.000   100.348    43.522     0.000   100.381    43.525     0.000   100.413    43.528     0.000
   100.446    43.530     0.000   100.751    43.552     0.000   101.056    43.567     0.000   101.362    43.577     0.000
   101.668    43.582     0.000   101.974    43.584     0.000   102.281    43.582     0.000   102.588    43.578     0.000
   102.895    43.573     0.000   103.201    43.566     0.000   103.508    43.560     0.000   103.815    43.554     0.000
   104.121    43.550     0.000   104.427    43.547     0.000   104.635    43.547     0.000   104.843    43.549     0.000
   105.050    43.551     0.000   105.258    43.555     0.000   105.465    43.559     0.000   105.673    43.564     0.000
   105.881    43.569     0.000   106.088    43.575     0.000   106.296    43.581     0.000   106.504    43.587     0.000
   106.712    43.594     0.000   106.920    43.600     0.000   107.128    43.606     0.000
062 1
   107.185    43.713     0.000
7 217
   116.222    37.633     0.000   116.271    37.630     0.000   116.319    37.626     0.000   116.368    37.622     0.000
   116.416    37.618     0.000   116.464    37.613     0.000   116.511    37.608     0.000   116.558    37.602     0.000
   116.605    37.595     0.000   116.605    37.595     0.000   116.607    37.589     0.000   116.609    37.584     0.000
   116.612    37.579     0.000   116.614    37.573     0.000   116.616    37.568     0.000   116.619    37.563     0.000
   116.621    37.558     0.000   116.624    37.553     0.000   116.626    37.547     0.000   116.629    37.542     0.000
   116.632    37.538     0.000   116.635    37.533     0.000   116.638    37.528     0.000   116.662    37.498     0.000
   116.693    37.473     0.000   116.729    37.452     0.000   116.769    37.435     0.000   116.813    37.421     0.000
   116.860    37.409     0.000   116.910    37.400     0.000   116.962    37.392     0.000   117.015    37.385     0.000
   117.069    37.379     0.000   117.124    37.372     0.000   117.177    37.365     0.000   117.230    37.356     0.000
   117.308    37.340     0.000   117.382    37.320     0.000   117.453    37.296     0.000   117.520    37.270     0.000
   117.585    37.241     0.000   117.648    37.209     0.000   117.710    37.176     0.000   117.769    37.141     0.000
   117.828    37.106     0.000   117.887    37.070     0.000   117.945    37.033     0.000   118.004    36.997     0.000
   118.063    36.962     0.000   118.066    36.960     0.000   118.070    36.958     0.000   118.073    36.956     0.000
   118.076    36.954     0.000   118.079    36.952     0.000   118.082    36.951     0.000   118.086    36.949     0.000
   118.089    36.947     0.000   118.092    36.945     0.000   118.095    36.943     0.000   118.098    36.941     0.000
   118.102    36.940     0.000   118.105    36.938     0.000   118.105    36.938     0.000   118.143    36.915     0.000
   118.177    36.889     0.000   118.206    36.859     0.000   118.230    36.826     0.000   118.243    36.800     0.000
   118.254    36.772     0.000   118.261    36.743     0.000   118.266    36.713     0.000   118.267    36.682     0.000
   118.267    36.651     0.000   118.263    36.620     0.000   118.257    36.589     0.000   118.249    36.559     0.000
   118.238    36.531     0.000   118.225    36.503     0.000   118.210    36.478     0.000   118.193    36.455     0.000
   118.136    36.405     0.000   118.064    36.372     0.000   117.981    36.355     0.000   117.888    36.350     0.000
   117.787    36.355     0.000   117.680    36.366     0.000   117.568    36.382     0.000   117.454    36.400     0.000
   117.339    36.416     0.000   117.225    36.428     0.000   117.114    36.434     0.000   117.008    36.430     0.000
   116.910    36.415     0.000   116.852    36.398     0.000   116.797    36.375     0.000   116.747    36.348     0.000
   116.699    36.316     0.000   116.655    36.280     0.000   116.614    36.241     0.000   116.576    36.198     0.000
   116.541    36.153     0.000   116.509    36.106     0.000   116.479    36.056     0.000   116.453    36.006     0.000
   116.429    35.954     0.000   116.408    35.902     0.000   116.383    35.833     0.000   116.362    35.763     0.000
   116.343    35.694     0.000   116.326    35.626     0.000   116.310    35.558     0.000   116.294    35.491     0.000
   116.277    35.426     0.000   116.258    35.361     0.000   116.237    35.298     0.000   116.211    35.237     0.000
   116.182    35.178     0.000   116.147    35.120     0.000   116.105    35.065     0.000   116.071    35.026     0.000
   116.033    34.989     0.000   115.991    34.953     0.000   115.947    34.919     0.000   115.901    34.886     0.000
   115.851    34.856     0.000   115.800    34.827     0.000   115.747    34.801     0.000   115.693    34.777     0.000
   115.637    34.755     0.000   115.581    34.736     0.000   115.524    34.720     0.000   115.466    34.706     0.000
   115.465    34.706     0.000   115.464    34.706     0.000   115.463    34.706     0.000   115.462    34.705     0.000
   115.461    34.705     0.000   115.460    34.705     0.000   115.459    34.705     0.000   115.458    34.705     0.000
   115.457    34.704     0.000   115.456    34.704     0.000   115.455    34.704     0.000   115.454    34.704     0.000
   115.453    34.704     0.000   115.453    34.704     0.000   115.294    34.688     0.000   115.130    34.679     0.000
   114.962    34.677     0.000   114.792    34.680     0.000   114.622    34.687     0.000   114.453    34.698     0.000
   114.373    34.704     0.000   114.294    34.712     0.000   114.217    34.720     0.000   114.141    34.730     0.000
   114.068    34.741     0.000   113.998    34.755     0.000   113.930    34.771     0.000   113.866    34.790     0.000
   113.806    34.811     0.000   113.750    34.836     0.000   113.698    34.864     0.000   113.651    34.896     0.000
   113.610    34.931     0.000   113.567    34.980     0.000   113.532    35.035     0.000   113.504    35.095     0.000
   113.483    35.159     0.000   113.469    35.227     0.000   113.461    35.298     0.000   113.459    35.371     0.000
   113.462    35.446     0.000   113.470    35.522     0.000   113.483    35.599     0.000   113.499    35.675     0.000
   113.520    35.750     0.000   113.543    35.823     0.000   113.573    35.903     0.000   113.606    35.981     0.000
   113.642    36.056     0.000   113.682    36.129     0.000   113.725    36.199     0.000   113.770    36.267     0.000
   113.819    36.334     0.000   113.870    36.399     0.000   113.924    36.463     0.000   113.980    36.525     0.000
   114.038    36.586     0.000   114.099    36.647     0.000   114.162    36.707     0.000   114.236    36.775     0.000
   114.312    36.842     0.000   114.392    36.908     0.000   114.473    36.972     0.000   114.557    37.034     0.000
   114.644    37.094     0.000   114.733    37.151     0.000   114.825    37.204     0.000   114.919    37.254     0.000
   115.015    37.299     0.000   115.114    37.340     0.000   115.215    37.376     0.000   115.318    37.407     0.000
   115.403    37.428     0.000   115.489    37.445     0.000   115.576    37.459     0.000   115.665    37.470     0.000
   115.754    37.479     0.000   115.845    37.485     0.000   115.936    37.489     0.000   116.027    37.491     0.000
   116.120    37.492     0.000   116.212    37.491     0.000   116.305    37.490     0.000   116.398    37.488     0.000
   116.491    37.485     0.000
063 1
   116.222    37.633     0.000
5 202
   115.517    39.772     0.000   115.522    39.774     0.000   115.528    39.776     0.000   115.533    39.778     0.000
   115.539    39.780     0.000   115.544    39.782     0.000   115.550    39.784     0.000   115.555    39.786     0.000
   115.561    39.789     0.000   115.566    39.791     0.000   115.571    39.793     0.000   115.577    39.795     0.000
   115.582    39.797     0.000   115.587    39.800     0.000   115.626    39.821     0.000   115.661    39.845     0.000
   115.694    39.873     0.000   115.694    39.873     0.000   115.703    39.871     0.000   115.713    39.870     0.000
   115.722    39.869     0.000   115.732    39.868     0.000   115.741    39.867     0.000   115.751    39.866     0.000
   115.760    39.865     0.000   115.770    39.864     0.000   115.779    39.863     0.000   115.789    39.862     0.000
   115.798    39.862     0.000   115.807    39.862     0.000   115.816    39.862     0.000   115.862    39.864     0.000
   115.906    39.870     0.000   115.950    39.880     0.000   115.992    39.893     0.000   116.035    39.909     0.000
   116.077    39.927     0.000   116.119    39.946     0.000   116.161    39.966     0.000   116.203    39.986     0.000
   116.246    40.006     0.000   116.290    40.025     0.000   116.334    40.043     0.000   116.380    40.059     0.000
   116.412    40.068     0.000   116.444    40.077     0.000   116.476    40.083     0.000   116.509    40.089     0.000
   116.542    40.093     0.000   116.575    40.096     0.000   116.608    40.097     0.000   116.641    40.097     0.000
   116.674    40.095     0.000   116.706    40.091     0.000   116.738    40.085     0.000   116.769    40.078     0.000
   116.800    40.069     0.000   116.818    40.062     0.000   116.836    40.055     0.000   116.853    40.047     0.000
   116.870    40.038     0.000   116.887    40.028     0.000   116.903    40.019     0.000   116.918    40.008     0.000
   116.932    39.997     0.000   116.946    39.985     0.000   116.958    39.973     0.000   116.970    39.961     0.000
   116.980    39.948     0.000   116.990    39.935     0.000   117.001    39.914     0.000   117.011    39.894     0.000
   117.018    39.872     0.000   117.023    39.850     0.000   117.026    39.828     0.000   117.027    39.805     0.000
   117.026    39.782     0.000   117.024    39.759     0.000   117.021    39.735     0.000   117.016    39.712     0.000
   117.010    39.689     0.000   117.003    39.666     0.000   116.996    39.643     0.000   116.982    39.606     0.000
   116.966    39.570     0.000   116.948    39.535     0.000   116.929    39.500     0.000   116.908    39.467     0.000
   116.886    39.434     0.000   116.862    39.401     0.000   116.838    39.370     0.000   116.812    39.339     0.000
   116.785    39.308     0.000   116.757    39.278     0.000   116.728    39.249     0.000   116.699    39.220     0.000
   116.694    39.216     0.000   116.690    39.212     0.000   116.686    39.207     0.000   116.681    39.203     0.000
   116.677    39.199     0.000   116.672    39.195     0.000   116.668    39.191     0.000   116.663    39.187     0.000
   116.659    39.182     0.000   116.654    39.178     0.000   116.650    39.174     0.000   116.645    39.170     0.000
   116.641    39.166     0.000   116.641    39.166     0.000   116.609    39.142     0.000   116.548    39.101     0.000
   116.485    39.063     0.000   116.419    39.027     0.000   116.351    38.993     0.000   116.281    38.960     0.000
   116.209    38.928     0.000   116.137    38.898     0.000   116.064    38.867     0.000   115.991    38.838     0.000
   115.919    38.808     0.000   115.847    38.778     0.000   115.776    38.748     0.000   115.707    38.717     0.000
   115.639    38.684     0.000   115.573    38.650     0.000   115.509    38.615     0.000   115.447    38.577     0.000
   115.387    38.538     0.000   115.329    38.496     0.000   115.272    38.452     0.000   115.218    38.405     0.000
   115.165    38.355     0.000   115.114    38.301     0.000   115.064    38.245     0.000   115.017    38.184     0.000
   114.971    38.120     0.000   114.947    38.085     0.000   114.924    38.049     0.000   114.900    38.013     0.000
   114.877    37.978     0.000   114.853    37.944     0.000   114.829    37.911     0.000   114.804    37.881     0.000
   114.778    37.854     0.000   114.751    37.830     0.000   114.722    37.810     0.000   114.692    37.795     0.000
   114.660    37.785     0.000   114.626    37.780     0.000   114.602    37.781     0.000   114.576    37.784     0.000
   114.550    37.790     0.000   114.523    37.798     0.000   114.496    37.809     0.000   114.470    37.822     0.000
   114.444    37.836     0.000   114.418    37.852     0.000   114.394    37.870     0.000   114.370    37.889     0.000
   114.348    37.908     0.000   114.328    37.929     0.000   114.310    37.951     0.000   114.291    37.976     0.000
   114.275    38.002     0.000   114.261    38.028     0.000   114.250    38.055     0.000   114.242    38.082     0.000
   114.235    38.110     0.000   114.231    38.137     0.000   114.229    38.165     0.000   114.229    38.192     0.000
   114.231    38.220     0.000   114.234    38.247     0.000   114.239    38.274     0.000   114.245    38.301     0.000
   114.266    38.365     0.000   114.294    38.426     0.000   114.328    38.485     0.000   114.368    38.543     0.000
   114.414    38.599     0.000   114.463    38.654     0.000   114.516    38.707     0.000   114.572    38.759     0.000
   114.631    38.811     0.000   114.691    38.862     0.000   114.752    38.912     0.000   114.813    38.962     0.000
   114.874    39.013     0.000   114.940    39.068     0.000   115.005    39.124     0.000   115.069    39.180     0.000
   115.132    39.237     0.000   115.193    39.293     0.000   115.254    39.350     0.000   115.314    39.406     0.000
   115.374    39.463     0.000   115.433    39.520     0.000   115.492    39.577     0.000   115.550    39.634     0.000
   115.609    39.691     0.000   115.667    39.748     0.000
063 1
   115.517    39.772     0.000
STATION_SITUATION
WEATHER_REGION: 0
FILLAREA: 0
NOTES_SYMBOL: 0
WithProp_LINESYMBOLS: 0
