diamond 14 z:\diamond\update\zhyb\kw15051908.024
2015 5 19 6 0 
LINES: 0 
LINES_SYMBOL:  0 
SYMBOLS: 5 
201  81.068  37.623   0   0 
45  101.389  41.167   0   0 
45  106.465  38.265   0   0 
52  117.899  34.827   0   0 
52  106.024  30.12   0   0 
CLOSED_CONTOURS:  13 
 2  113 
 118.867  58.611  0 
 120.119  58.641  0 
 121.393  58.642  0 
 122.705  58.597  0 
 124.069  58.484  0 
 125.498  58.282  0 
 127.001  57.971  0 
 128.583  57.527  0 
 130.246  56.926  0 
 131.973  56.15  0 
 133.693  55.202  0 
 135.327  54.094  0 
 136.805  52.843  0 
 138.067  51.466  0 
 139.063  49.985  0 
 139.751  48.421  0 
 140.096  46.797  0 
 140.086  45.137  0 
 139.781  43.474  0 
 139.253  41.844  0 
 138.564  40.279  0 
 137.77  38.816  0 
 136.921  37.488  0 
 136.058  36.333  0 
 135.221  35.386  0 
 134.432  34.667  0 
 133.664  34.123  0 
 132.881  33.681  0 
 132.051  33.269  0 
 131.143  32.812  0 
 130.134  32.236  0 
 129.004  31.466  0 
 127.74  30.426  0 
 126.343  29.062  0 
 124.85  27.425  0 
 123.299  25.589  0 
 121.722  23.63  0 
 120.142  21.625  0 
 118.575  19.649  0 
 117.033  17.776  0 
 115.52  16.077  0 
 114.033  14.608  0 
 112.558  13.371  0 
 111.082  12.353  0 
 109.59  11.543  0 
 108.07  10.929  0 
 106.509  10.501  0 
 104.896  10.246  0 
 103.219  10.155  0 
 101.469  10.219  0 
 99.649  10.431  0 
 97.765  10.788  0 
 95.82  11.29  0 
 93.82  11.934  0 
 91.77  12.721  0 
 89.672  13.653  0 
 87.53  14.731  0 
 85.351  15.955  0 
 83.153  17.308  0 
 80.96  18.768  0 
 78.801  20.319  0 
 76.708  21.944  0 
 74.718  23.628  0 
 72.873  25.361  0 
 71.22  27.131  0 
 69.805  28.932  0 
 68.645  30.767  0 
 67.756  32.641  0 
 67.151  34.557  0 
 66.85  36.513  0 
 66.872  38.506  0 
 67.242  40.531  0 
 67.987  42.577  0 
 69.131  44.624  0 
 70.672  46.615  0 
 72.596  48.489  0 
 74.872  50.181  0 
 77.456  51.634  0 
 80.282  52.792  0 
 83.258  53.607  0 
 86.274  54.037  0 
 89.212  54.063  0 
 91.993  53.754  0 
 94.569  53.2  0 
 96.915  52.492  0 
 99.026  51.72  0 
 100.911  50.977  0 
 102.59  50.355  0 
 104.09  49.945  0 
 105.442  49.815  0 
 106.668  49.943  0 
 107.784  50.284  0 
 108.798  50.792  0 
 109.716  51.42  0 
 110.538  52.121  0 
 111.26  52.849  0 
 111.877  53.557  0 
 112.384  54.208  0 
 112.793  54.799  0 
 113.125  55.331  0 
 113.397  55.81  0 
 113.632  56.237  0 
 113.85  56.616  0 
 114.076  56.948  0 
 114.332  57.237  0 
 114.637  57.485  0 
 114.99  57.696  0 
 115.384  57.875  0 
 115.812  58.028  0 
 116.269  58.158  0 
 116.746  58.273  0 
 117.239  58.375  0 
 117.74  58.471  0 
 061  1 
 118.867  58.611  0 
 2  442 
 110.323  46.002  0 
 110.349  46.005  0 
 110.375  46.009  0 
 110.401  46.012  0 
 110.427  46.016  0 
 110.453  46.019  0 
 110.479  46.023  0 
 110.505  46.026  0 
 110.531  46.029  0 
 110.557  46.033  0 
 110.584  46.036  0 
 110.61  46.039  0 
 110.933  46.066  0 
 111.259  46.078  0 
 111.587  46.075  0 
 111.915  46.06  0 
 112.244  46.033  0 
 112.571  45.995  0 
 112.896  45.949  0 
 113.219  45.895  0 
 113.537  45.834  0 
 113.852  45.769  0 
 114.161  45.701  0 
 114.369  45.648  0 
 114.574  45.587  0 
 114.776  45.52  0 
 114.976  45.448  0 
 115.174  45.373  0 
 115.371  45.298  0 
 115.569  45.224  0 
 115.767  45.153  0 
 115.967  45.087  0 
 116.168  45.027  0 
 116.373  44.976  0 
 116.73  44.906  0 
 117.094  44.853  0 
 117.463  44.813  0 
 117.837  44.785  0 
 118.215  44.767  0 
 118.596  44.756  0 
 118.978  44.751  0 
 119.361  44.749  0 
 119.743  44.75  0 
 120.122  44.749  0 
 120.499  44.746  0 
 120.794  44.75  0 
 121.092  44.767  0 
 121.392  44.793  0 
 121.694  44.824  0 
 121.996  44.854  0 
 122.296  44.881  0 
 122.594  44.9  0 
 122.888  44.907  0 
 123.176  44.897  0 
 123.456  44.867  0 
 123.728  44.812  0 
 123.881  44.772  0 
 124.04  44.728  0 
 124.202  44.68  0 
 124.363  44.628  0 
 124.522  44.572  0 
 124.676  44.512  0 
 124.821  44.446  0 
 124.955  44.376  0 
 125.074  44.301  0 
 125.177  44.221  0 
 125.261  44.136  0 
 125.33  44.029  0 
 125.377  43.912  0 
 125.403  43.786  0 
 125.412  43.652  0 
 125.407  43.513  0 
 125.39  43.371  0 
 125.366  43.226  0 
 125.336  43.082  0 
 125.303  42.94  0 
 125.271  42.801  0 
 125.242  42.668  0 
 125.161  42.398  0 
 125.033  42.135  0 
 124.871  41.877  0 
 124.683  41.623  0 
 124.48  41.372  0 
 124.273  41.122  0 
 124.07  40.871  0 
 123.882  40.618  0 
 123.718  40.363  0 
 123.588  40.103  0 
 123.502  39.838  0 
 123.453  39.483  0 
 123.463  39.123  0 
 123.52  38.759  0 
 123.611  38.391  0 
 123.724  38.02  0 
 123.85  37.647  0 
 123.975  37.272  0 
 124.09  36.897  0 
 124.184  36.523  0 
 124.246  36.15  0 
 124.266  35.779  0 
 124.253  35.459  0 
 124.224  35.138  0 
 124.181  34.818  0 
 124.127  34.498  0 
 124.065  34.178  0 
 124.065  34.178  0 
 124.054  34.12  0 
 124.042  34.063  0 
 124.031  34.006  0 
 124.02  33.948  0 
 124.009  33.891  0 
 123.998  33.834  0 
 123.986  33.776  0 
 123.975  33.719  0 
 123.963  33.662  0 
 123.951  33.605  0 
 123.938  33.548  0 
 123.887  33.335  0 
 123.831  33.124  0 
 123.769  32.913  0 
 123.704  32.704  0 
 123.637  32.495  0 
 123.567  32.286  0 
 123.497  32.077  0 
 123.427  31.869  0 
 123.358  31.66  0 
 123.291  31.451  0 
 123.227  31.242  0 
 123.197  31.134  0 
 123.17  31.024  0 
 123.145  30.914  0 
 123.121  30.804  0 
 123.096  30.694  0 
 123.07  30.584  0 
 123.042  30.476  0 
 123.01  30.369  0 
 122.973  30.263  0 
 122.931  30.161  0 
 122.881  30.061  0 
 122.826  29.962  0 
 122.767  29.863  0 
 122.704  29.763  0 
 122.637  29.664  0 
 122.566  29.567  0 
 122.491  29.473  0 
 122.413  29.383  0 
 122.332  29.298  0 
 122.247  29.219  0 
 122.159  29.146  0 
 122.069  29.082  0 
 121.902  28.99  0 
 121.717  28.918  0 
 121.518  28.864  0 
 121.307  28.826  0 
 121.086  28.803  0 
 120.86  28.792  0 
 120.63  28.791  0 
 120.401  28.798  0 
 120.174  28.812  0 
 119.953  28.83  0 
 119.74  28.852  0 
 119.6  28.872  0 
 119.461  28.901  0 
 119.323  28.938  0 
 119.184  28.98  0 
 119.046  29.025  0 
 118.908  29.07  0 
 118.769  29.114  0 
 118.63  29.155  0 
 118.491  29.189  0 
 118.351  29.216  0 
 118.211  29.233  0 
 118.005  29.245  0 
 117.792  29.25  0 
 117.575  29.247  0 
 117.357  29.236  0 
 117.139  29.215  0 
 116.923  29.185  0 
 116.713  29.144  0 
 116.51  29.092  0 
 116.317  29.029  0 
 116.136  28.954  0 
 115.97  28.866  0 
 115.826  28.765  0 
 115.697  28.645  0 
 115.581  28.51  0 
 115.475  28.362  0 
 115.375  28.206  0 
 115.28  28.044  0 
 115.28  28.044  0 
 115.261  28.014  0 
 115.242  27.985  0 
 115.224  27.955  0 
 115.205  27.925  0 
 115.186  27.895  0 
 115.168  27.865  0 
 115.149  27.835  0 
 115.129  27.806  0 
 115.11  27.776  0 
 115.09  27.747  0 
 115.07  27.719  0 
 114.962  27.582  0 
 114.843  27.453  0 
 114.715  27.331  0 
 114.58  27.214  0 
 114.438  27.102  0 
 114.292  26.993  0 
 114.142  26.887  0 
 113.991  26.783  0 
 113.84  26.68  0 
 113.69  26.576  0 
 113.543  26.472  0 
 113.454  26.409  0 
 113.364  26.347  0 
 113.273  26.286  0 
 113.182  26.226  0 
 113.09  26.166  0 
 112.998  26.107  0 
 112.906  26.047  0 
 112.815  25.987  0 
 112.724  25.926  0 
 112.724  25.926  0 
 112.715  25.925  0 
 112.707  25.924  0 
 112.698  25.923  0 
 112.689  25.922  0 
 112.681  25.921  0 
 112.672  25.92  0 
 112.663  25.919  0 
 112.655  25.917  0 
 112.646  25.916  0 
 112.637  25.915  0 
 112.629  25.914  0 
 112.268  25.829  0 
 111.937  25.685  0 
 111.63  25.493  0 
 111.344  25.263  0 
 111.071  25.007  0 
 110.807  24.735  0 
 110.546  24.458  0 
 110.282  24.186  0 
 110.01  23.931  0 
 109.724  23.702  0 
 109.418  23.509  0 
 109.194  23.386  0 
 108.965  23.258  0 
 108.733  23.127  0 
 108.498  22.999  0 
 108.261  22.876  0 
 108.022  22.761  0 
 107.783  22.658  0 
 107.543  22.572  0 
 107.303  22.504  0 
 107.064  22.459  0 
 106.826  22.44  0 
 106.615  22.447  0 
 106.401  22.474  0 
 106.185  22.519  0 
 105.968  22.579  0 
 105.75  22.65  0 
 105.531  22.732  0 
 105.313  22.82  0 
 105.096  22.911  0 
 104.881  23.005  0 
 104.669  23.096  0 
 104.459  23.184  0 
 104.181  23.296  0 
 103.894  23.409  0 
 103.602  23.524  0 
 103.311  23.644  0 
 103.022  23.77  0 
 102.741  23.903  0 
 102.472  24.046  0 
 102.217  24.2  0 
 101.982  24.367  0 
 101.77  24.55  0 
 101.585  24.749  0 
 101.446  24.938  0 
 101.323  25.142  0 
 101.216  25.36  0 
 101.121  25.589  0 
 101.039  25.827  0 
 100.968  26.072  0 
 100.907  26.32  0 
 100.853  26.571  0 
 100.806  26.821  0 
 100.764  27.069  0 
 100.726  27.312  0 
 100.697  27.528  0 
 100.675  27.746  0 
 100.659  27.966  0 
 100.65  28.187  0 
 100.648  28.41  0 
 100.651  28.632  0 
 100.661  28.854  0 
 100.677  29.076  0 
 100.699  29.296  0 
 100.726  29.515  0 
 100.759  29.732  0 
 100.845  30.079  0 
 100.98  30.43  0 
 101.153  30.782  0 
 101.351  31.134  0 
 101.562  31.482  0 
 101.773  31.824  0 
 101.972  32.158  0 
 102.145  32.482  0 
 102.278  32.792  0 
 102.359  33.088  0 
 102.374  33.367  0 
 102.192  33.868  0 
 101.765  34.277  0 
 101.131  34.61  0 
 100.329  34.878  0 
 99.398  35.096  0 
 98.378  35.28  0 
 97.31  35.443  0 
 96.233  35.605  0 
 95.185  35.783  0 
 94.204  35.998  0 
 93.329  36.271  0 
 92.901  36.452  0 
 92.476  36.663  0 
 92.053  36.892  0 
 91.63  37.131  0 
 91.206  37.368  0 
 90.78  37.596  0 
 90.352  37.802  0 
 89.921  37.978  0 
 89.487  38.113  0 
 89.049  38.198  0 
 88.609  38.223  0 
 88.224  38.185  0 
 87.842  38.096  0 
 87.463  37.964  0 
 87.086  37.8  0 
 86.711  37.613  0 
 86.336  37.414  0 
 85.962  37.211  0 
 85.587  37.015  0 
 85.209  36.836  0 
 84.827  36.683  0 
 84.44  36.567  0 
 83.897  36.443  0 
 83.339  36.334  0 
 82.768  36.241  0 
 82.188  36.165  0 
 81.603  36.107  0 
 81.017  36.069  0 
 80.432  36.052  0 
 79.854  36.057  0 
 79.284  36.088  0 
 78.726  36.144  0 
 78.185  36.229  0 
 77.783  36.306  0 
 77.365  36.393  0 
 76.938  36.489  0 
 76.507  36.598  0 
 76.081  36.719  0 
 75.665  36.855  0 
 75.267  37.008  0 
 74.894  37.178  0 
 74.553  37.369  0 
 74.25  37.58  0 
 73.994  37.816  0 
 73.836  38  0 
 73.682  38.209  0 
 73.536  38.437  0 
 73.401  38.677  0 
 73.279  38.926  0 
 73.175  39.176  0 
 73.092  39.423  0 
 73.033  39.661  0 
 73.002  39.885  0 
 73.003  40.088  0 
 73.039  40.266  0 
 73.196  40.505  0 
 73.478  40.69  0 
 73.865  40.832  0 
 74.336  40.937  0 
 74.873  41.013  0 
 75.455  41.069  0 
 76.062  41.114  0 
 76.675  41.157  0 
 77.274  41.206  0 
 77.84  41.272  0 
 78.355  41.364  0 
 78.825  41.472  0 
 79.293  41.584  0 
 79.762  41.699  0 
 80.23  41.817  0 
 80.699  41.935  0 
 81.169  42.055  0 
 81.64  42.174  0 
 82.111  42.292  0 
 82.585  42.408  0 
 83.06  42.522  0 
 83.537  42.633  0 
 83.856  42.701  0 
 84.18  42.764  0 
 84.506  42.823  0 
 84.834  42.881  0 
 85.162  42.938  0 
 85.488  42.998  0 
 85.812  43.061  0 
 86.131  43.13  0 
 86.445  43.206  0 
 86.752  43.292  0 
 87.052  43.39  0 
 87.421  43.542  0 
 87.773  43.724  0 
 88.11  43.93  0 
 88.438  44.152  0 
 88.761  44.383  0 
 89.084  44.615  0 
 89.411  44.84  0 
 89.746  45.053  0 
 90.094  45.245  0 
 90.459  45.409  0 
 90.844  45.537  0 
 91.337  45.644  0 
 91.851  45.708  0 
 92.381  45.737  0 
 92.924  45.737  0 
 93.476  45.715  0 
 94.034  45.677  0 
 94.595  45.632  0 
 95.155  45.586  0 
 95.712  45.546  0 
 96.265  45.519  0 
 96.809  45.514  0 
 97.873  45.537  0 
 98.936  45.577  0 
 100  45.63  0 
 101.066  45.692  0 
 102.133  45.759  0 
 103.203  45.827  0 
 104.276  45.892  0 
 105.35  45.949  0 
 106.426  45.995  0 
 107.503  46.026  0 
 108.58  46.038  0 
 062  1 
 110.323  46.002  0 
 2  167 
 119.354  31.722  0 
 119.344  31.723  0 
 119.334  31.724  0 
 119.324  31.725  0 
 119.315  31.726  0 
 119.305  31.727  0 
 119.305  31.727  0 
 119.305  31.732  0 
 119.306  31.738  0 
 119.307  31.743  0 
 119.307  31.749  0 
 119.308  31.755  0 
 119.309  31.76  0 
 119.309  31.765  0 
 119.309  31.77  0 
 119.309  31.775  0 
 119.308  31.779  0 
 119.306  31.783  0 
 119.301  31.789  0 
 119.294  31.793  0 
 119.284  31.796  0 
 119.273  31.797  0 
 119.261  31.797  0 
 119.247  31.797  0 
 119.233  31.796  0 
 119.219  31.795  0 
 119.205  31.794  0 
 119.192  31.794  0 
 119.18  31.794  0 
 119.116  31.8  0 
 119.048  31.809  0 
 118.978  31.819  0 
 118.908  31.829  0 
 118.837  31.837  0 
 118.769  31.843  0 
 118.703  31.844  0 
 118.641  31.84  0 
 118.584  31.83  0 
 118.534  31.811  0 
 118.492  31.782  0 
 118.475  31.766  0 
 118.459  31.748  0 
 118.444  31.728  0 
 118.43  31.706  0 
 118.416  31.684  0 
 118.404  31.66  0 
 118.392  31.636  0 
 118.382  31.612  0 
 118.373  31.588  0 
 118.365  31.564  0 
 118.359  31.541  0 
 118.351  31.503  0 
 118.346  31.462  0 
 118.344  31.42  0 
 118.346  31.377  0 
 118.35  31.333  0 
 118.358  31.291  0 
 118.369  31.249  0 
 118.382  31.209  0 
 118.399  31.172  0 
 118.418  31.138  0 
 118.44  31.108  0 
 118.473  31.078  0 
 118.512  31.054  0 
 118.558  31.033  0 
 118.609  31.017  0 
 118.664  31.003  0 
 118.721  30.991  0 
 118.78  30.979  0 
 118.839  30.967  0 
 118.896  30.954  0 
 118.951  30.939  0 
 119.003  30.921  0 
 119.059  30.9  0 
 119.117  30.881  0 
 119.177  30.863  0 
 119.237  30.845  0 
 119.297  30.826  0 
 119.355  30.805  0 
 119.409  30.781  0 
 119.459  30.755  0 
 119.504  30.724  0 
 119.542  30.688  0 
 119.573  30.646  0 
 119.575  30.641  0 
 119.578  30.635  0 
 119.581  30.63  0 
 119.584  30.624  0 
 119.586  30.619  0 
 119.589  30.613  0 
 119.592  30.607  0 
 119.594  30.602  0 
 119.597  30.596  0 
 119.599  30.591  0 
 119.602  30.585  0 
 119.602  30.585  0 
 119.635  30.543  0 
 119.668  30.503  0 
 119.704  30.467  0 
 119.743  30.435  0 
 119.786  30.409  0 
 119.846  30.384  0 
 119.911  30.363  0 
 119.98  30.348  0 
 120.051  30.337  0 
 120.125  30.33  0 
 120.201  30.326  0 
 120.277  30.326  0 
 120.352  30.329  0 
 120.427  30.335  0 
 120.5  30.342  0 
 120.57  30.352  0 
 120.625  30.36  0 
 120.682  30.369  0 
 120.74  30.379  0 
 120.799  30.391  0 
 120.857  30.404  0 
 120.914  30.419  0 
 120.967  30.437  0 
 121.018  30.458  0 
 121.064  30.481  0 
 121.104  30.508  0 
 121.137  30.538  0 
 121.165  30.572  0 
 121.189  30.612  0 
 121.209  30.657  0 
 121.226  30.704  0 
 121.239  30.755  0 
 121.247  30.806  0 
 121.252  30.858  0 
 121.252  30.909  0 
 121.249  30.959  0 
 121.24  31.005  0 
 121.227  31.049  0 
 121.213  31.082  0 
 121.194  31.115  0 
 121.172  31.148  0 
 121.146  31.18  0 
 121.118  31.212  0 
 121.088  31.242  0 
 121.056  31.272  0 
 121.023  31.3  0 
 120.989  31.327  0 
 120.954  31.351  0 
 120.921  31.374  0 
 120.855  31.407  0 
 120.783  31.43  0 
 120.706  31.445  0 
 120.625  31.453  0 
 120.54  31.457  0 
 120.454  31.458  0 
 120.367  31.459  0 
 120.28  31.462  0 
 120.196  31.469  0 
 120.114  31.481  0 
 120.037  31.501  0 
 119.979  31.521  0 
 119.922  31.544  0 
 119.865  31.569  0 
 119.81  31.596  0 
 119.755  31.624  0 
 119.7  31.653  0 
 119.646  31.683  0 
 119.591  31.712  0 
 119.536  31.742  0 
 119.481  31.771  0 
 119.426  31.798  0 
 063  1 
 119.354  31.722  0 
 2  213 
 118.679  35.774  0 
 118.659  35.774  0 
 118.638  35.774  0 
 118.617  35.774  0 
 118.597  35.774  0 
 118.576  35.774  0 
 118.556  35.774  0 
 118.535  35.774  0 
 118.514  35.774  0 
 118.494  35.774  0 
 118.473  35.774  0 
 118.452  35.774  0 
 118.274  35.778  0 
 118.091  35.788  0 
 117.907  35.803  0 
 117.722  35.818  0 
 117.537  35.832  0 
 117.354  35.842  0 
 117.174  35.845  0 
 116.998  35.838  0 
 116.828  35.818  0 
 116.665  35.784  0 
 116.51  35.732  0 
 116.425  35.696  0 
 116.338  35.657  0 
 116.25  35.613  0 
 116.164  35.567  0 
 116.079  35.517  0 
 115.998  35.465  0 
 115.921  35.409  0 
 115.85  35.35  0 
 115.786  35.288  0 
 115.731  35.223  0 
 115.685  35.155  0 
 115.66  35.11  0 
 115.637  35.063  0 
 115.615  35.013  0 
 115.597  34.963  0 
 115.58  34.911  0 
 115.567  34.858  0 
 115.557  34.805  0 
 115.55  34.753  0 
 115.547  34.701  0 
 115.548  34.65  0 
 115.553  34.6  0 
 115.561  34.557  0 
 115.571  34.512  0 
 115.585  34.466  0 
 115.601  34.421  0 
 115.619  34.376  0 
 115.64  34.332  0 
 115.664  34.289  0 
 115.69  34.249  0 
 115.719  34.21  0 
 115.749  34.175  0 
 115.783  34.144  0 
 115.84  34.11  0 
 115.92  34.081  0 
 116.016  34.056  0 
 116.12  34.035  0 
 116.226  34.017  0 
 116.327  34.001  0 
 116.414  33.988  0 
 116.482  33.977  0 
 116.522  33.966  0 
 116.528  33.956  0 
 116.492  33.946  0 
 116.488  33.945  0 
 116.484  33.945  0 
 116.48  33.944  0 
 116.475  33.943  0 
 116.471  33.943  0 
 116.466  33.942  0 
 116.462  33.942  0 
 116.457  33.941  0 
 116.452  33.94  0 
 116.448  33.94  0 
 116.443  33.939  0 
 116.443  33.939  0 
 116.553  33.922  0 
 116.553  33.922  0 
 116.571  33.92  0 
 116.589  33.919  0 
 116.607  33.918  0 
 116.625  33.916  0 
 116.643  33.915  0 
 116.661  33.914  0 
 116.679  33.912  0 
 116.697  33.911  0 
 116.715  33.909  0 
 116.732  33.908  0 
 116.75  33.906  0 
 116.826  33.895  0 
 116.902  33.88  0 
 116.976  33.861  0 
 117.05  33.84  0 
 117.123  33.818  0 
 117.197  33.795  0 
 117.27  33.773  0 
 117.343  33.751  0 
 117.417  33.732  0 
 117.491  33.715  0 
 117.566  33.703  0 
 117.692  33.686  0 
 117.822  33.671  0 
 117.954  33.658  0 
 118.088  33.648  0 
 118.221  33.643  0 
 118.354  33.643  0 
 118.485  33.649  0 
 118.613  33.661  0 
 118.737  33.682  0 
 118.855  33.711  0 
 118.968  33.75  0 
 119.033  33.781  0 
 119.094  33.818  0 
 119.154  33.861  0 
 119.211  33.907  0 
 119.268  33.955  0 
 119.324  34.005  0 
 119.381  34.054  0 
 119.439  34.101  0 
 119.499  34.144  0 
 119.562  34.184  0 
 119.629  34.217  0 
 119.687  34.239  0 
 119.748  34.258  0 
 119.811  34.275  0 
 119.875  34.289  0 
 119.94  34.301  0 
 120.005  34.313  0 
 120.07  34.326  0 
 120.135  34.339  0 
 120.199  34.354  0 
 120.261  34.371  0 
 120.321  34.391  0 
 120.439  34.438  0 
 120.561  34.489  0 
 120.684  34.544  0 
 120.805  34.605  0 
 120.923  34.669  0 
 121.035  34.739  0 
 121.139  34.813  0 
 121.233  34.891  0 
 121.314  34.974  0 
 121.38  35.061  0 
 121.429  35.153  0 
 121.45  35.208  0 
 121.468  35.266  0 
 121.483  35.327  0 
 121.495  35.39  0 
 121.503  35.454  0 
 121.507  35.519  0 
 121.507  35.583  0 
 121.502  35.647  0 
 121.492  35.709  0 
 121.478  35.768  0 
 121.458  35.825  0 
 121.436  35.871  0 
 121.411  35.919  0 
 121.382  35.967  0 
 121.35  36.014  0 
 121.314  36.06  0 
 121.275  36.105  0 
 121.234  36.147  0 
 121.19  36.186  0 
 121.144  36.222  0 
 121.096  36.253  0 
 121.047  36.278  0 
 120.994  36.299  0 
 120.938  36.316  0 
 120.877  36.329  0 
 120.814  36.339  0 
 120.749  36.345  0 
 120.682  36.349  0 
 120.615  36.35  0 
 120.548  36.348  0 
 120.483  36.345  0 
 120.418  36.34  0 
 120.357  36.334  0 
 120.273  36.321  0 
 120.192  36.299  0 
 120.112  36.272  0 
 120.034  36.24  0 
 119.956  36.204  0 
 119.879  36.165  0 
 119.802  36.125  0 
 119.725  36.085  0 
 119.647  36.047  0 
 119.569  36.011  0 
 119.49  35.979  0 
 119.433  35.958  0 
 119.375  35.936  0 
 119.318  35.915  0 
 119.261  35.893  0 
 119.204  35.872  0 
 119.146  35.851  0 
 119.089  35.831  0 
 119.03  35.812  0 
 118.972  35.794  0 
 118.913  35.776  0 
 118.853  35.761  0 
 118.844  35.758  0 
 118.834  35.756  0 
 118.824  35.753  0 
 118.815  35.751  0 
 118.805  35.749  0 
 118.795  35.747  0 
 118.786  35.744  0 
 118.776  35.742  0 
 118.766  35.74  0 
 118.757  35.737  0 
 118.747  35.735  0 
 063  1 
 118.679  35.774  0 
 2  146 
 118.435  35.43  0 
 118.363  35.413  0 
 118.363  35.413  0 
 118.356  35.41  0 
 118.349  35.407  0 
 118.342  35.404  0 
 118.335  35.401  0 
 118.328  35.399  0 
 118.321  35.396  0 
 118.314  35.393  0 
 118.307  35.39  0 
 118.3  35.388  0 
 118.293  35.385  0 
 118.286  35.383  0 
 118.21  35.362  0 
 118.132  35.351  0 
 118.051  35.348  0 
 117.969  35.351  0 
 117.886  35.359  0 
 117.802  35.37  0 
 117.718  35.382  0 
 117.634  35.392  0 
 117.55  35.401  0 
 117.467  35.404  0 
 117.385  35.402  0 
 117.265  35.395  0 
 117.14  35.387  0 
 117.013  35.379  0 
 116.885  35.369  0 
 116.758  35.356  0 
 116.634  35.338  0 
 116.514  35.313  0 
 116.402  35.282  0 
 116.298  35.243  0 
 116.204  35.193  0 
 116.122  35.133  0 
 116.087  35.1  0 
 116.051  35.064  0 
 116.015  35.026  0 
 115.98  34.987  0 
 115.948  34.945  0 
 115.918  34.903  0 
 115.891  34.859  0 
 115.869  34.816  0 
 115.851  34.772  0 
 115.839  34.729  0 
 115.833  34.687  0 
 115.834  34.647  0 
 115.84  34.605  0 
 115.85  34.563  0 
 115.865  34.52  0 
 115.883  34.476  0 
 115.904  34.434  0 
 115.928  34.392  0 
 115.953  34.352  0 
 115.979  34.315  0 
 116.006  34.28  0 
 116.033  34.248  0 
 116.121  34.177  0 
 116.231  34.129  0 
 116.36  34.101  0 
 116.504  34.089  0 
 116.66  34.092  0 
 116.824  34.105  0 
 116.992  34.126  0 
 117.161  34.15  0 
 117.327  34.176  0 
 117.487  34.2  0 
 117.636  34.218  0 
 117.742  34.23  0 
 117.847  34.244  0 
 117.953  34.26  0 
 118.058  34.278  0 
 118.163  34.298  0 
 118.268  34.319  0 
 118.373  34.341  0 
 118.477  34.366  0 
 118.58  34.391  0 
 118.683  34.418  0 
 118.784  34.446  0 
 118.888  34.474  0 
 118.995  34.502  0 
 119.102  34.53  0 
 119.21  34.56  0 
 119.317  34.591  0 
 119.422  34.624  0 
 119.524  34.661  0 
 119.622  34.701  0 
 119.715  34.746  0 
 119.802  34.796  0 
 119.882  34.851  0 
 119.945  34.902  0 
 120.008  34.956  0 
 120.071  35.014  0 
 120.132  35.075  0 
 120.19  35.138  0 
 120.243  35.204  0 
 120.29  35.271  0 
 120.33  35.339  0 
 120.362  35.408  0 
 120.384  35.478  0 
 120.394  35.547  0 
 120.396  35.589  0 
 120.396  35.634  0 
 120.394  35.681  0 
 120.389  35.729  0 
 120.381  35.778  0 
 120.371  35.825  0 
 120.357  35.87  0 
 120.341  35.911  0 
 120.321  35.948  0 
 120.298  35.98  0 
 120.27  36.005  0 
 120.228  36.027  0 
 120.175  36.039  0 
 120.114  36.042  0 
 120.047  36.039  0 
 119.975  36.03  0 
 119.9  36.016  0 
 119.824  36  0 
 119.747  35.981  0 
 119.672  35.961  0 
 119.601  35.942  0 
 119.535  35.925  0 
 119.447  35.899  0 
 119.363  35.868  0 
 119.281  35.831  0 
 119.201  35.79  0 
 119.121  35.747  0 
 119.043  35.702  0 
 118.964  35.658  0 
 118.885  35.614  0 
 118.804  35.572  0 
 118.722  35.533  0 
 118.638  35.499  0 
 118.627  35.496  0 
 118.617  35.492  0 
 118.606  35.488  0 
 118.595  35.484  0 
 118.584  35.48  0 
 118.574  35.477  0 
 118.563  35.473  0 
 118.552  35.469  0 
 118.542  35.465  0 
 118.531  35.462  0 
 118.52  35.458  0 
 064  1 
 118.435  35.43  0 
 2  197 
 114.22  31.053  0 
 114.21  31.051  0 
 114.201  31.048  0 
 114.191  31.046  0 
 114.181  31.044  0 
 114.172  31.041  0 
 114.162  31.039  0 
 114.152  31.037  0 
 114.143  31.034  0 
 114.133  31.032  0 
 114.124  31.03  0 
 114.124  31.03  0 
 114.118  31.031  0 
 114.112  31.033  0 
 114.106  31.035  0 
 114.099  31.037  0 
 114.093  31.039  0 
 114.087  31.041  0 
 114.081  31.042  0 
 114.075  31.044  0 
 114.069  31.046  0 
 114.063  31.048  0 
 114.063  31.048  0 
 114.058  31.045  0 
 114.053  31.043  0 
 114.048  31.04  0 
 114.044  31.038  0 
 114.039  31.035  0 
 114.034  31.033  0 
 114.029  31.03  0 
 114.024  31.028  0 
 114.019  31.026  0 
 114.014  31.023  0 
 114.009  31.021  0 
 113.96  31.001  0 
 113.91  30.984  0 
 113.858  30.97  0 
 113.805  30.958  0 
 113.751  30.949  0 
 113.696  30.94  0 
 113.641  30.933  0 
 113.586  30.926  0 
 113.531  30.919  0 
 113.477  30.91  0 
 113.423  30.901  0 
 113.328  30.885  0 
 113.231  30.872  0 
 113.133  30.863  0 
 113.035  30.854  0 
 112.936  30.845  0 
 112.839  30.835  0 
 112.743  30.822  0 
 112.649  30.805  0 
 112.557  30.783  0 
 112.469  30.755  0 
 112.385  30.719  0 
 112.346  30.7  0 
 112.306  30.68  0 
 112.264  30.66  0 
 112.223  30.638  0 
 112.182  30.616  0 
 112.143  30.593  0 
 112.106  30.568  0 
 112.072  30.543  0 
 112.042  30.516  0 
 112.017  30.487  0 
 111.997  30.457  0 
 111.982  30.422  0 
 111.97  30.383  0 
 111.962  30.341  0 
 111.958  30.298  0 
 111.958  30.253  0 
 111.96  30.208  0 
 111.966  30.164  0 
 111.976  30.121  0 
 111.988  30.082  0 
 112.003  30.047  0 
 112.021  30.017  0 
 112.056  29.98  0 
 112.104  29.951  0 
 112.161  29.929  0 
 112.227  29.912  0 
 112.299  29.901  0 
 112.376  29.893  0 
 112.455  29.887  0 
 112.535  29.883  0 
 112.614  29.88  0 
 112.69  29.876  0 
 112.762  29.871  0 
 112.842  29.863  0 
 112.923  29.856  0 
 113.005  29.851  0 
 113.087  29.847  0 
 113.169  29.845  0 
 113.251  29.845  0 
 113.333  29.847  0 
 113.415  29.852  0 
 113.496  29.859  0 
 113.576  29.87  0 
 113.656  29.884  0 
 113.666  29.886  0 
 113.677  29.888  0 
 113.688  29.891  0 
 113.699  29.893  0 
 113.71  29.896  0 
 113.721  29.898  0 
 113.732  29.901  0 
 113.743  29.903  0 
 113.753  29.906  0 
 113.764  29.908  0 
 113.775  29.91  0 
 113.775  29.91  0 
 113.868  29.926  0 
 113.961  29.942  0 
 114.055  29.957  0 
 114.148  29.97  0 
 114.241  29.98  0 
 114.335  29.985  0 
 114.429  29.985  0 
 114.441  29.984  0 
 114.453  29.984  0 
 114.465  29.983  0 
 114.477  29.982  0 
 114.489  29.981  0 
 114.501  29.981  0 
 114.513  29.98  0 
 114.525  29.979  0 
 114.538  29.978  0 
 114.55  29.978  0 
 114.562  29.977  0 
 114.562  29.977  0 
 114.646  29.981  0 
 114.73  29.989  0 
 114.813  29.998  0 
 114.897  30.011  0 
 114.979  30.026  0 
 115.06  30.045  0 
 115.139  30.066  0 
 115.216  30.089  0 
 115.269  30.106  0 
 115.326  30.124  0 
 115.385  30.142  0 
 115.445  30.161  0 
 115.503  30.181  0 
 115.559  30.204  0 
 115.611  30.228  0 
 115.658  30.255  0 
 115.698  30.284  0 
 115.73  30.316  0 
 115.752  30.352  0 
 115.763  30.383  0 
 115.77  30.418  0 
 115.773  30.455  0 
 115.773  30.495  0 
 115.769  30.535  0 
 115.763  30.576  0 
 115.753  30.617  0 
 115.741  30.656  0 
 115.725  30.693  0 
 115.708  30.726  0 
 115.688  30.756  0 
 115.66  30.786  0 
 115.626  30.813  0 
 115.587  30.836  0 
 115.543  30.858  0 
 115.496  30.877  0 
 115.446  30.894  0 
 115.394  30.909  0 
 115.342  30.923  0 
 115.29  30.937  0 
 115.24  30.949  0 
 115.191  30.961  0 
 115.132  30.975  0 
 115.073  30.989  0 
 115.012  31.001  0 
 114.95  31.012  0 
 114.888  31.021  0 
 114.826  31.027  0 
 114.764  31.031  0 
 114.702  31.032  0 
 114.64  31.029  0 
 114.58  31.022  0 
 114.52  31.011  0 
 114.515  31.01  0 
 114.509  31.008  0 
 114.504  31.007  0 
 114.499  31.006  0 
 114.494  31.004  0 
 114.488  31.003  0 
 114.483  31.002  0 
 114.478  31  0 
 114.473  30.999  0 
 114.467  30.997  0 
 114.462  30.996  0 
 114.462  30.996  0 
 114.408  30.988  0 
 114.354  30.98  0 
 063  1 
 114.22  31.053  0 
 2  168 
 113.12  35.095  0 
 113.081  35.085  0 
 113.04  35.077  0 
 112.999  35.069  0 
 112.957  35.061  0 
 112.916  35.053  0 
 112.875  35.045  0 
 112.834  35.035  0 
 112.795  35.025  0 
 112.758  35.012  0 
 112.722  34.998  0 
 112.688  34.98  0 
 112.655  34.961  0 
 112.621  34.939  0 
 112.588  34.915  0 
 112.555  34.89  0 
 112.524  34.863  0 
 112.495  34.835  0 
 112.469  34.806  0 
 112.446  34.777  0 
 112.427  34.746  0 
 112.413  34.716  0 
 112.404  34.685  0 
 112.402  34.662  0 
 112.401  34.638  0 
 112.404  34.614  0 
 112.408  34.588  0 
 112.414  34.563  0 
 112.422  34.537  0 
 112.431  34.512  0 
 112.441  34.487  0 
 112.453  34.462  0 
 112.465  34.438  0 
 112.477  34.416  0 
 112.494  34.389  0 
 112.513  34.364  0 
 112.535  34.34  0 
 112.558  34.316  0 
 112.583  34.293  0 
 112.609  34.271  0 
 112.636  34.248  0 
 112.663  34.226  0 
 112.69  34.204  0 
 112.716  34.181  0 
 112.741  34.159  0 
 112.778  34.121  0 
 112.815  34.082  0 
 112.851  34.041  0 
 112.887  33.999  0 
 112.924  33.958  0 
 112.961  33.919  0 
 112.999  33.881  0 
 113.038  33.847  0 
 113.079  33.816  0 
 113.122  33.791  0 
 113.168  33.771  0 
 113.229  33.753  0 
 113.296  33.74  0 
 113.368  33.734  0 
 113.443  33.732  0 
 113.52  33.736  0 
 113.597  33.744  0 
 113.673  33.756  0 
 113.747  33.773  0 
 113.818  33.794  0 
 113.884  33.819  0 
 113.944  33.847  0 
 113.98  33.868  0 
 114.014  33.891  0 
 114.047  33.918  0 
 114.079  33.946  0 
 114.11  33.976  0 
 114.141  34.007  0 
 114.17  34.039  0 
 114.198  34.072  0 
 114.227  34.105  0 
 114.255  34.137  0 
 114.282  34.169  0 
 114.3  34.19  0 
 114.316  34.212  0 
 114.332  34.234  0 
 114.347  34.257  0 
 114.362  34.28  0 
 114.377  34.302  0 
 114.393  34.324  0 
 114.409  34.346  0 
 114.427  34.367  0 
 114.446  34.386  0 
 114.467  34.405  0 
 114.471  34.408  0 
 114.475  34.411  0 
 114.478  34.414  0 
 114.482  34.417  0 
 114.486  34.42  0 
 114.49  34.422  0 
 114.494  34.425  0 
 114.498  34.428  0 
 114.502  34.431  0 
 114.506  34.434  0 
 114.509  34.437  0 
 114.533  34.453  0 
 114.558  34.468  0 
 114.584  34.483  0 
 114.611  34.498  0 
 114.638  34.512  0 
 114.664  34.527  0 
 114.689  34.542  0 
 114.712  34.557  0 
 114.733  34.574  0 
 114.75  34.592  0 
 114.763  34.611  0 
 114.774  34.636  0 
 114.782  34.663  0 
 114.786  34.693  0 
 114.787  34.725  0 
 114.785  34.757  0 
 114.78  34.789  0 
 114.773  34.821  0 
 114.763  34.851  0 
 114.751  34.88  0 
 114.737  34.907  0 
 114.722  34.931  0 
 114.701  34.955  0 
 114.675  34.976  0 
 114.645  34.997  0 
 114.612  35.015  0 
 114.576  35.033  0 
 114.539  35.048  0 
 114.5  35.062  0 
 114.46  35.075  0 
 114.421  35.086  0 
 114.382  35.097  0 
 114.345  35.105  0 
 114.294  35.113  0 
 114.242  35.116  0 
 114.189  35.115  0 
 114.135  35.11  0 
 114.08  35.103  0 
 114.025  35.095  0 
 113.97  35.086  0 
 113.915  35.078  0 
 113.86  35.071  0 
 113.805  35.068  0 
 113.751  35.068  0 
 113.714  35.07  0 
 113.677  35.074  0 
 113.641  35.079  0 
 113.604  35.085  0 
 113.567  35.092  0 
 113.53  35.098  0 
 113.493  35.104  0 
 113.456  35.109  0 
 113.42  35.112  0 
 113.383  35.114  0 
 113.346  35.114  0 
 113.337  35.113  0 
 113.328  35.113  0 
 113.319  35.112  0 
 113.31  35.112  0 
 113.302  35.111  0 
 113.293  35.11  0 
 113.284  35.109  0 
 113.275  35.108  0 
 113.267  35.108  0 
 113.258  35.107  0 
 113.249  35.106  0 
 113.249  35.106  0 
 113.172  35.102  0 
 063  1 
 113.12  35.095  0 
 2  159 
 113.055  43.422  0 
 113.017  43.404  0 
 112.978  43.386  0 
 112.939  43.369  0 
 112.9  43.352  0 
 112.861  43.334  0 
 112.822  43.317  0 
 112.784  43.299  0 
 112.746  43.281  0 
 112.709  43.262  0 
 112.673  43.242  0 
 112.638  43.222  0 
 112.57  43.18  0 
 112.501  43.137  0 
 112.432  43.091  0 
 112.364  43.043  0 
 112.299  42.993  0 
 112.238  42.942  0 
 112.184  42.889  0 
 112.136  42.835  0 
 112.097  42.78  0 
 112.068  42.723  0 
 112.05  42.665  0 
 112.044  42.626  0 
 112.043  42.586  0 
 112.045  42.545  0 
 112.051  42.502  0 
 112.06  42.459  0 
 112.071  42.417  0 
 112.085  42.374  0 
 112.101  42.332  0 
 112.118  42.292  0 
 112.137  42.252  0 
 112.157  42.215  0 
 112.207  42.141  0 
 112.268  42.07  0 
 112.341  42.003  0 
 112.423  41.939  0 
 112.513  41.879  0 
 112.609  41.823  0 
 112.71  41.77  0 
 112.815  41.721  0 
 112.922  41.675  0 
 113.029  41.634  0 
 113.135  41.596  0 
 113.14  41.594  0 
 113.144  41.593  0 
 113.149  41.591  0 
 113.154  41.59  0 
 113.158  41.588  0 
 113.163  41.587  0 
 113.168  41.585  0 
 113.172  41.584  0 
 113.177  41.582  0 
 113.181  41.581  0 
 113.186  41.579  0 
 113.186  41.579  0 
 113.285  41.52  0 
 113.384  41.462  0 
 113.485  41.405  0 
 113.586  41.349  0 
 113.688  41.295  0 
 113.804  41.233  0 
 113.921  41.17  0 
 114.039  41.107  0 
 114.159  41.044  0 
 114.279  40.984  0 
 114.401  40.926  0 
 114.524  40.871  0 
 114.648  40.822  0 
 114.773  40.778  0 
 114.899  40.742  0 
 115.027  40.713  0 
 115.208  40.684  0 
 115.397  40.666  0 
 115.592  40.659  0 
 115.791  40.66  0 
 115.992  40.672  0 
 116.194  40.693  0 
 116.392  40.722  0 
 116.587  40.761  0 
 116.775  40.808  0 
 116.954  40.864  0 
 117.123  40.928  0 
 117.208  40.964  0 
 117.297  41.003  0 
 117.388  41.044  0 
 117.478  41.088  0 
 117.567  41.134  0 
 117.652  41.182  0 
 117.732  41.233  0 
 117.805  41.286  0 
 117.869  41.34  0 
 117.923  41.397  0 
 117.965  41.456  0 
 117.999  41.531  0 
 118.017  41.611  0 
 118.021  41.697  0 
 118.014  41.787  0 
 117.996  41.879  0 
 117.97  41.973  0 
 117.938  42.067  0 
 117.902  42.16  0 
 117.902  42.16  0 
 117.894  42.175  0 
 117.885  42.189  0 
 117.877  42.204  0 
 117.869  42.219  0 
 117.86  42.233  0 
 117.852  42.248  0 
 117.843  42.263  0 
 117.835  42.277  0 
 117.826  42.292  0 
 117.818  42.307  0 
 117.809  42.321  0 
 117.764  42.394  0 
 117.718  42.468  0 
 117.671  42.542  0 
 117.622  42.615  0 
 117.571  42.688  0 
 117.517  42.759  0 
 117.461  42.828  0 
 117.401  42.895  0 
 117.338  42.959  0 
 117.271  43.02  0 
 117.2  43.076  0 
 117.098  43.146  0 
 116.986  43.21  0 
 116.867  43.269  0 
 116.741  43.323  0 
 116.609  43.373  0 
 116.473  43.418  0 
 116.335  43.46  0 
 116.194  43.499  0 
 116.053  43.534  0 
 115.913  43.567  0 
 115.774  43.597  0 
 115.606  43.633  0 
 115.432  43.669  0 
 115.254  43.704  0 
 115.073  43.735  0 
 114.891  43.76  0 
 114.709  43.779  0 
 114.529  43.788  0 
 114.351  43.786  0 
 114.177  43.772  0 
 114.01  43.743  0 
 113.849  43.699  0 
 113.83  43.692  0 
 113.81  43.685  0 
 113.791  43.678  0 
 113.772  43.67  0 
 113.753  43.662  0 
 113.734  43.654  0 
 113.715  43.647  0 
 113.696  43.639  0 
 113.677  43.631  0 
 113.658  43.623  0 
 113.639  43.615  0 
 063  1 
 113.055  43.422  0 
 2  129 
 105.481  30.244  0 
 105.46  30.205  0 
 105.438  30.166  0 
 105.416  30.127  0 
 105.393  30.089  0 
 105.371  30.05  0 
 105.349  30.011  0 
 105.328  29.973  0 
 105.308  29.933  0 
 105.289  29.894  0 
 105.272  29.854  0 
 105.257  29.814  0 
 105.231  29.739  0 
 105.204  29.659  0 
 105.179  29.576  0 
 105.156  29.491  0 
 105.137  29.405  0 
 105.124  29.321  0 
 105.118  29.24  0 
 105.121  29.163  0 
 105.134  29.092  0 
 105.158  29.028  0 
 105.196  28.973  0 
 105.231  28.94  0 
 105.273  28.907  0 
 105.321  28.875  0 
 105.374  28.846  0 
 105.43  28.818  0 
 105.489  28.793  0 
 105.55  28.772  0 
 105.61  28.755  0 
 105.67  28.743  0 
 105.727  28.736  0 
 105.78  28.735  0 
 105.835  28.741  0 
 105.891  28.754  0 
 105.948  28.773  0 
 106.004  28.798  0 
 106.061  28.828  0 
 106.116  28.861  0 
 106.17  28.897  0 
 106.222  28.936  0 
 106.272  28.975  0 
 106.319  29.015  0 
 106.362  29.055  0 
 106.382  29.075  0 
 106.401  29.095  0 
 106.419  29.116  0 
 106.436  29.138  0 
 106.453  29.16  0 
 106.469  29.182  0 
 106.486  29.204  0 
 106.503  29.226  0 
 106.52  29.248  0 
 106.538  29.269  0 
 106.557  29.289  0 
 106.621  29.348  0 
 106.695  29.4  0 
 106.774  29.447  0 
 106.858  29.491  0 
 106.943  29.533  0 
 107.029  29.576  0 
 107.111  29.619  0 
 107.189  29.666  0 
 107.26  29.717  0 
 107.322  29.774  0 
 107.372  29.839  0 
 107.39  29.868  0 
 107.408  29.898  0 
 107.426  29.93  0 
 107.443  29.962  0 
 107.46  29.994  0 
 107.474  30.027  0 
 107.487  30.06  0 
 107.498  30.093  0 
 107.506  30.126  0 
 107.511  30.158  0 
 107.512  30.19  0 
 107.508  30.233  0 
 107.498  30.278  0 
 107.482  30.324  0 
 107.461  30.37  0 
 107.435  30.415  0 
 107.406  30.459  0 
 107.374  30.501  0 
 107.341  30.541  0 
 107.306  30.578  0 
 107.27  30.61  0 
 107.235  30.639  0 
 107.161  30.678  0 
 107.076  30.701  0 
 106.982  30.709  0 
 106.879  30.704  0 
 106.771  30.691  0 
 106.659  30.67  0 
 106.545  30.645  0 
 106.43  30.618  0 
 106.317  30.593  0 
 106.207  30.571  0 
 106.101  30.556  0 
 106.061  30.553  0 
 106.021  30.552  0 
 105.979  30.552  0 
 105.937  30.553  0 
 105.896  30.553  0 
 105.855  30.552  0 
 105.815  30.549  0 
 105.776  30.544  0 
 105.74  30.535  0 
 105.705  30.522  0 
 105.674  30.503  0 
 105.671  30.501  0 
 105.667  30.499  0 
 105.664  30.496  0 
 105.661  30.493  0 
 105.657  30.491  0 
 105.654  30.488  0 
 105.651  30.486  0 
 105.648  30.483  0 
 105.644  30.48  0 
 105.641  30.478  0 
 105.638  30.475  0 
 105.638  30.475  0 
 105.587  30.458  0 
 105.537  30.44  0 
 105.487  30.423  0 
 105.436  30.405  0 
 105.386  30.388  0 
 105.335  30.371  0 
 063  1 
 105.481  30.244  0 
 2  554 
 88.82  42.981  0 
 88.924  43.021  0 
 89.028  43.062  0 
 89.132  43.104  0 
 89.236  43.146  0 
 89.34  43.188  0 
 89.445  43.229  0 
 89.55  43.269  0 
 89.656  43.307  0 
 89.763  43.343  0 
 89.871  43.376  0 
 89.98  43.407  0 
 90.171  43.452  0 
 90.367  43.491  0 
 90.565  43.524  0 
 90.767  43.551  0 
 90.97  43.572  0 
 91.175  43.589  0 
 91.381  43.602  0 
 91.587  43.611  0 
 91.792  43.616  0 
 91.997  43.619  0 
 92.2  43.619  0 
 92.422  43.613  0 
 92.645  43.597  0 
 92.867  43.573  0 
 93.089  43.543  0 
 93.31  43.51  0 
 93.532  43.475  0 
 93.753  43.44  0 
 93.973  43.409  0 
 94.194  43.382  0 
 94.414  43.362  0 
 94.634  43.352  0 
 94.995  43.357  0 
 95.356  43.386  0 
 95.719  43.434  0 
 96.082  43.495  0 
 96.446  43.563  0 
 96.81  43.633  0 
 97.175  43.699  0 
 97.539  43.756  0 
 97.902  43.797  0 
 98.263  43.817  0 
 98.621  43.811  0 
 99.043  43.772  0 
 99.46  43.706  0 
 99.873  43.618  0 
 100.283  43.511  0 
 100.689  43.389  0 
 101.091  43.257  0 
 101.491  43.118  0 
 101.889  42.975  0 
 102.285  42.834  0 
 102.681  42.697  0 
 103.077  42.568  0 
 103.535  42.438  0 
 104.013  42.322  0 
 104.503  42.213  0 
 104.995  42.106  0 
 105.483  41.994  0 
 105.959  41.872  0 
 106.413  41.734  0 
 106.838  41.573  0 
 107.225  41.386  0 
 107.565  41.165  0 
 107.852  40.906  0 
 107.956  40.789  0 
 108.057  40.666  0 
 108.154  40.539  0 
 108.247  40.407  0 
 108.334  40.272  0 
 108.414  40.134  0 
 108.487  39.994  0 
 108.55  39.852  0 
 108.604  39.711  0 
 108.604  39.711  0 
 108.608  39.693  0 
 108.611  39.674  0 
 108.614  39.656  0 
 108.618  39.638  0 
 108.621  39.62  0 
 108.624  39.602  0 
 108.628  39.584  0 
 108.631  39.566  0 
 108.634  39.548  0 
 108.637  39.53  0 
 108.64  39.512  0 
 108.656  39.421  0 
 108.672  39.33  0 
 108.688  39.238  0 
 108.703  39.145  0 
 108.717  39.053  0 
 108.728  38.961  0 
 108.735  38.87  0 
 108.738  38.779  0 
 108.735  38.69  0 
 108.726  38.603  0 
 108.71  38.517  0 
 108.655  38.365  0 
 108.567  38.22  0 
 108.454  38.082  0 
 108.321  37.949  0 
 108.174  37.819  0 
 108.018  37.691  0 
 107.86  37.563  0 
 107.706  37.433  0 
 107.56  37.299  0 
 107.429  37.161  0 
 107.319  37.016  0 
 107.245  36.888  0 
 107.183  36.752  0 
 107.131  36.61  0 
 107.084  36.465  0 
 107.04  36.319  0 
 106.994  36.176  0 
 106.944  36.037  0 
 106.886  35.905  0 
 106.816  35.784  0 
 106.732  35.674  0 
 106.63  35.58  0 
 106.507  35.498  0 
 106.368  35.426  0 
 106.216  35.365  0 
 106.052  35.312  0 
 105.88  35.267  0 
 105.702  35.229  0 
 105.52  35.197  0 
 105.337  35.169  0 
 105.154  35.146  0 
 104.975  35.126  0 
 104.803  35.109  0 
 104.634  35.095  0 
 104.463  35.085  0 
 104.29  35.079  0 
 104.29  35.079  0 
 104.282  35.078  0 
 104.274  35.076  0 
 104.265  35.075  0 
 104.257  35.073  0 
 104.249  35.071  0 
 104.24  35.07  0 
 104.232  35.068  0 
 104.224  35.066  0 
 104.215  35.065  0 
 104.207  35.063  0 
 104.198  35.062  0 
 104.045  35.037  0 
 103.889  35.017  0 
 103.73  35.003  0 
 103.57  34.993  0 
 103.41  34.99  0 
 103.25  34.992  0 
 103.092  34.999  0 
 102.936  35.014  0 
 102.783  35.034  0 
 102.634  35.061  0 
 102.49  35.095  0 
 102.342  35.139  0 
 102.195  35.193  0 
 102.049  35.255  0 
 101.906  35.324  0 
 101.765  35.4  0 
 101.627  35.482  0 
 101.494  35.569  0 
 101.366  35.659  0 
 101.244  35.753  0 
 101.129  35.849  0 
 101.021  35.946  0 
 100.905  36.071  0 
 100.807  36.209  0 
 100.724  36.356  0 
 100.651  36.51  0 
 100.586  36.67  0 
 100.524  36.831  0 
 100.461  36.993  0 
 100.393  37.153  0 
 100.316  37.308  0 
 100.227  37.456  0 
 100.121  37.594  0 
 100.035  37.693  0 
 99.946  37.792  0 
 99.853  37.891  0 
 99.757  37.99  0 
 99.658  38.086  0 
 99.556  38.179  0 
 99.449  38.268  0 
 99.339  38.352  0 
 99.226  38.43  0 
 99.108  38.5  0 
 98.986  38.562  0 
 98.797  38.641  0 
 98.59  38.712  0 
 98.37  38.773  0 
 98.14  38.822  0 
 97.904  38.859  0 
 97.665  38.883  0 
 97.427  38.892  0 
 97.194  38.886  0 
 96.97  38.863  0 
 96.758  38.823  0 
 96.563  38.763  0 
 96.461  38.724  0 
 96.355  38.679  0 
 96.248  38.629  0 
 96.14  38.574  0 
 96.036  38.515  0 
 95.936  38.451  0 
 95.844  38.384  0 
 95.761  38.314  0 
 95.69  38.241  0 
 95.632  38.166  0 
 95.591  38.088  0 
 95.574  38.022  0 
 95.572  37.951  0 
 95.583  37.877  0 
 95.602  37.8  0 
 95.627  37.721  0 
 95.654  37.642  0 
 95.678  37.563  0 
 95.697  37.485  0 
 95.708  37.41  0 
 95.706  37.338  0 
 95.688  37.27  0 
 95.657  37.205  0 
 95.617  37.139  0 
 95.57  37.072  0 
 95.515  37.007  0 
 95.455  36.943  0 
 95.39  36.882  0 
 95.322  36.825  0 
 95.251  36.774  0 
 95.178  36.729  0 
 95.104  36.691  0 
 95.031  36.662  0 
 94.937  36.637  0 
 94.834  36.625  0 
 94.724  36.623  0 
 94.61  36.631  0 
 94.493  36.647  0 
 94.373  36.669  0 
 94.254  36.697  0 
 94.136  36.729  0 
 94.022  36.765  0 
 93.912  36.802  0 
 93.809  36.839  0 
 93.729  36.873  0 
 93.651  36.911  0 
 93.577  36.954  0 
 93.503  36.999  0 
 93.431  37.047  0 
 93.36  37.097  0 
 93.289  37.147  0 
 93.217  37.197  0 
 93.144  37.245  0 
 93.07  37.292  0 
 92.994  37.335  0 
 92.985  37.34  0 
 92.976  37.345  0 
 92.967  37.35  0 
 92.958  37.355  0 
 92.949  37.359  0 
 92.94  37.364  0 
 92.931  37.369  0 
 92.922  37.374  0 
 92.913  37.379  0 
 92.904  37.383  0 
 92.895  37.388  0 
 92.895  37.388  0 
 92.816  37.433  0 
 92.68  37.503  0 
 92.542  37.571  0 
 92.403  37.636  0 
 92.261  37.7  0 
 92.119  37.762  0 
 91.975  37.823  0 
 91.831  37.883  0 
 91.686  37.943  0 
 91.542  38.004  0 
 91.398  38.065  0 
 91.255  38.127  0 
 91.172  38.165  0 
 91.09  38.204  0 
 91.008  38.244  0 
 90.926  38.285  0 
 90.845  38.325  0 
 90.762  38.365  0 
 90.68  38.403  0 
 90.596  38.44  0 
 90.511  38.473  0 
 90.425  38.504  0 
 90.338  38.531  0 
 90.198  38.566  0 
 90.055  38.596  0 
 89.909  38.62  0 
 89.761  38.639  0 
 89.61  38.652  0 
 89.459  38.66  0 
 89.307  38.664  0 
 89.155  38.662  0 
 89.003  38.656  0 
 88.853  38.646  0 
 88.705  38.631  0 
 88.693  38.629  0 
 88.68  38.628  0 
 88.668  38.626  0 
 88.655  38.624  0 
 88.643  38.623  0 
 88.631  38.621  0 
 88.618  38.619  0 
 88.606  38.618  0 
 88.593  38.616  0 
 88.581  38.614  0 
 88.569  38.613  0 
 88.569  38.613  0 
 88.436  38.592  0 
 88.303  38.57  0 
 88.17  38.548  0 
 88.038  38.524  0 
 87.907  38.498  0 
 87.777  38.469  0 
 87.648  38.437  0 
 87.521  38.403  0 
 87.395  38.364  0 
 87.383  38.36  0 
 87.37  38.355  0 
 87.358  38.351  0 
 87.345  38.347  0 
 87.333  38.343  0 
 87.32  38.338  0 
 87.308  38.334  0 
 87.295  38.33  0 
 87.283  38.325  0 
 87.27  38.321  0 
 87.258  38.317  0 
 87.258  38.317  0 
 87.248  38.316  0 
 87.238  38.315  0 
 87.229  38.314  0 
 87.219  38.314  0 
 87.209  38.313  0 
 87.2  38.312  0 
 87.19  38.312  0 
 87.18  38.311  0 
 87.17  38.31  0 
 87.161  38.31  0 
 87.151  38.309  0 
 87.151  38.309  0 
 87.019  38.274  0 
 86.894  38.226  0 
 86.772  38.169  0 
 86.653  38.104  0 
 86.537  38.035  0 
 86.422  37.963  0 
 86.307  37.891  0 
 86.307  37.891  0 
 86.23  37.846  0 
 86.153  37.801  0 
 86.076  37.756  0 
 85.999  37.711  0 
 85.921  37.666  0 
 85.844  37.622  0 
 85.766  37.579  0 
 85.644  37.513  0 
 85.521  37.448  0 
 85.397  37.385  0 
 85.272  37.323  0 
 85.146  37.262  0 
 85.019  37.202  0 
 84.891  37.144  0 
 84.744  37.078  0 
 84.595  37.014  0 
 84.445  36.953  0 
 84.294  36.896  0 
 84.14  36.844  0 
 83.985  36.797  0 
 83.827  36.757  0 
 83.621  36.717  0 
 83.412  36.687  0 
 83.2  36.665  0 
 82.986  36.651  0 
 82.77  36.642  0 
 82.553  36.636  0 
 82.335  36.631  0 
 82.082  36.611  0 
 81.829  36.596  0 
 81.577  36.588  0 
 81.326  36.587  0 
 81.077  36.592  0 
 80.927  36.598  0 
 80.775  36.605  0 
 80.623  36.614  0 
 80.471  36.626  0 
 80.318  36.639  0 
 80.166  36.656  0 
 80.016  36.675  0 
 79.866  36.698  0 
 79.718  36.725  0 
 79.573  36.756  0 
 79.43  36.792  0 
 79.286  36.833  0 
 79.145  36.879  0 
 79.005  36.93  0 
 78.866  36.985  0 
 78.728  37.044  0 
 78.592  37.106  0 
 78.457  37.17  0 
 78.324  37.236  0 
 78.192  37.303  0 
 78.061  37.371  0 
 77.931  37.439  0 
 77.834  37.491  0 
 77.738  37.544  0 
 77.642  37.597  0 
 77.546  37.652  0 
 77.452  37.707  0 
 77.358  37.764  0 
 77.265  37.822  0 
 77.173  37.88  0 
 77.083  37.94  0 
 76.994  38.001  0 
 76.906  38.063  0 
 76.831  38.116  0 
 76.755  38.169  0 
 76.679  38.223  0 
 76.602  38.277  0 
 76.527  38.332  0 
 76.454  38.389  0 
 76.383  38.446  0 
 76.315  38.506  0 
 76.252  38.567  0 
 76.193  38.63  0 
 76.141  38.696  0 
 76.097  38.754  0 
 76.053  38.815  0 
 76.008  38.877  0 
 75.965  38.942  0 
 75.925  39.007  0 
 75.89  39.073  0 
 75.861  39.139  0 
 75.839  39.205  0 
 75.827  39.269  0 
 75.825  39.333  0 
 75.836  39.394  0 
 75.846  39.428  0 
 75.86  39.465  0 
 75.875  39.503  0 
 75.894  39.542  0 
 75.914  39.58  0 
 75.938  39.617  0 
 75.963  39.652  0 
 75.991  39.683  0 
 76.022  39.709  0 
 76.055  39.731  0 
 76.091  39.746  0 
 76.121  39.754  0 
 76.154  39.758  0 
 76.19  39.758  0 
 76.227  39.756  0 
 76.265  39.752  0 
 76.305  39.746  0 
 76.344  39.739  0 
 76.384  39.732  0 
 76.424  39.725  0 
 76.463  39.719  0 
 76.501  39.713  0 
 76.603  39.697  0 
 76.705  39.673  0 
 76.807  39.644  0 
 76.909  39.611  0 
 77.009  39.577  0 
 77.109  39.544  0 
 77.208  39.513  0 
 77.306  39.487  0 
 77.403  39.466  0 
 77.498  39.454  0 
 77.592  39.452  0 
 77.735  39.469  0 
 77.874  39.507  0 
 78.011  39.561  0 
 78.145  39.63  0 
 78.277  39.71  0 
 78.407  39.798  0 
 78.536  39.891  0 
 78.664  39.987  0 
 78.791  40.081  0 
 78.918  40.171  0 
 79.045  40.254  0 
 79.175  40.338  0 
 79.3  40.427  0 
 79.423  40.52  0 
 79.544  40.614  0 
 79.664  40.71  0 
 79.785  40.804  0 
 79.907  40.897  0 
 80.033  40.985  0 
 80.163  41.069  0 
 80.299  41.147  0 
 80.441  41.217  0 
 80.56  41.267  0 
 80.682  41.314  0 
 80.807  41.358  0 
 80.935  41.398  0 
 81.065  41.437  0 
 81.196  41.473  0 
 81.328  41.507  0 
 81.461  41.54  0 
 81.595  41.572  0 
 81.728  41.604  0 
 81.86  41.635  0 
 82.096  41.689  0 
 82.335  41.74  0 
 82.575  41.788  0 
 82.817  41.832  0 
 83.06  41.872  0 
 83.305  41.908  0 
 83.55  41.939  0 
 83.797  41.966  0 
 84.044  41.987  0 
 84.291  42.004  0 
 84.538  42.015  0 
 84.656  42.016  0 
 84.775  42.014  0 
 84.893  42.009  0 
 85.013  42.003  0 
 85.132  41.995  0 
 85.251  41.988  0 
 85.369  41.982  0 
 85.487  41.978  0 
 85.604  41.978  0 
 85.72  41.982  0 
 85.834  41.991  0 
 86.029  42.021  0 
 86.219  42.066  0 
 86.406  42.124  0 
 86.59  42.192  0 
 86.772  42.267  0 
 86.954  42.345  0 
 87.137  42.425  0 
 87.321  42.503  0 
 87.508  42.575  0 
 87.697  42.64  0 
 87.892  42.694  0 
 87.964  42.711  0 
 88.037  42.727  0 
 88.11  42.743  0 
 88.183  42.758  0 
 88.256  42.773  0 
 88.33  42.787  0 
 88.404  42.802  0 
 88.478  42.816  0 
 88.551  42.83  0 
 88.625  42.845  0 
 88.699  42.859  0 
 063  1 
 88.82  42.981  0 
 2  161 
 106.104  39.321  0 
 106.066  39.263  0 
 106.028  39.204  0 
 105.991  39.145  0 
 105.955  39.085  0 
 105.918  39.026  0 
 105.881  38.967  0 
 105.843  38.908  0 
 105.804  38.85  0 
 105.764  38.794  0 
 105.721  38.738  0 
 105.676  38.684  0 
 105.569  38.568  0 
 105.454  38.456  0 
 105.331  38.348  0 
 105.201  38.243  0 
 105.065  38.143  0 
 104.923  38.046  0 
 104.778  37.955  0 
 104.628  37.867  0 
 104.477  37.784  0 
 104.323  37.707  0 
 104.169  37.634  0 
 104.031  37.574  0 
 103.889  37.518  0 
 103.744  37.465  0 
 103.596  37.416  0 
 103.445  37.371  0 
 103.293  37.328  0 
 103.139  37.289  0 
 102.984  37.253  0 
 102.829  37.22  0 
 102.674  37.19  0 
 102.519  37.163  0 
 102.409  37.15  0 
 102.29  37.145  0 
 102.166  37.145  0 
 102.039  37.148  0 
 101.914  37.152  0 
 101.791  37.155  0 
 101.675  37.152  0 
 101.568  37.143  0 
 101.474  37.125  0 
 101.395  37.095  0 
 101.334  37.052  0 
 101.295  37.001  0 
 101.266  36.938  0 
 101.245  36.866  0 
 101.233  36.787  0 
 101.229  36.704  0 
 101.231  36.617  0 
 101.24  36.53  0 
 101.254  36.445  0 
 101.272  36.364  0 
 101.295  36.289  0 
 101.321  36.222  0 
 101.389  36.111  0 
 101.488  36.009  0 
 101.612  35.917  0 
 101.758  35.833  0 
 101.92  35.758  0 
 102.094  35.69  0 
 102.275  35.63  0 
 102.46  35.576  0 
 102.643  35.528  0 
 102.821  35.486  0 
 102.988  35.45  0 
 103.184  35.415  0 
 103.386  35.391  0 
 103.593  35.376  0 
 103.803  35.372  0 
 104.016  35.377  0 
 104.23  35.39  0 
 104.444  35.411  0 
 104.656  35.44  0 
 104.865  35.476  0 
 105.069  35.518  0 
 105.267  35.567  0 
 105.358  35.59  0 
 105.452  35.613  0 
 105.547  35.637  0 
 105.643  35.661  0 
 105.737  35.688  0 
 105.83  35.717  0 
 105.92  35.749  0 
 106.006  35.784  0 
 106.086  35.825  0 
 106.159  35.87  0 
 106.225  35.921  0 
 106.265  35.96  0 
 106.301  36.003  0 
 106.334  36.049  0 
 106.364  36.097  0 
 106.392  36.147  0 
 106.419  36.198  0 
 106.445  36.25  0 
 106.472  36.302  0 
 106.498  36.353  0 
 106.526  36.404  0 
 106.557  36.453  0 
 106.63  36.561  0 
 106.705  36.668  0 
 106.783  36.774  0 
 106.862  36.879  0 
 106.943  36.984  0 
 107.024  37.089  0 
 107.104  37.193  0 
 107.184  37.299  0 
 107.263  37.405  0 
 107.339  37.511  0 
 107.413  37.619  0 
 107.465  37.691  0 
 107.52  37.763  0 
 107.579  37.835  0 
 107.639  37.908  0 
 107.697  37.98  0 
 107.752  38.053  0 
 107.803  38.126  0 
 107.847  38.2  0 
 107.882  38.274  0 
 107.907  38.349  0 
 107.919  38.425  0 
 107.92  38.485  0 
 107.917  38.547  0 
 107.909  38.61  0 
 107.897  38.674  0 
 107.88  38.738  0 
 107.859  38.802  0 
 107.834  38.864  0 
 107.805  38.924  0 
 107.772  38.982  0 
 107.736  39.037  0 
 107.696  39.087  0 
 107.642  39.147  0 
 107.58  39.209  0 
 107.51  39.272  0 
 107.435  39.334  0 
 107.354  39.392  0 
 107.269  39.443  0 
 107.181  39.487  0 
 107.091  39.519  0 
 107.001  39.539  0 
 106.911  39.543  0 
 106.822  39.531  0 
 106.814  39.528  0 
 106.806  39.526  0 
 106.799  39.524  0 
 106.791  39.521  0 
 106.783  39.519  0 
 106.775  39.516  0 
 106.767  39.514  0 
 106.759  39.511  0 
 106.751  39.508  0 
 106.744  39.506  0 
 106.736  39.503  0 
 106.736  39.503  0 
 106.64  39.492  0 
 106.544  39.48  0 
 106.449  39.469  0 
 106.355  39.461  0 
 106.265  39.457  0 
 064  1 
 106.104  39.321  0 
 2  133 
 99.323  41.943  0 
 99.358  41.863  0 
 99.389  41.782  0 
 99.418  41.699  0 
 99.446  41.615  0 
 99.475  41.532  0 
 99.505  41.45  0 
 99.538  41.37  0 
 99.576  41.292  0 
 99.619  41.219  0 
 99.67  41.151  0 
 99.729  41.088  0 
 99.813  41.02  0 
 99.91  40.96  0 
 100.017  40.907  0 
 100.132  40.86  0 
 100.254  40.817  0 
 100.381  40.777  0 
 100.51  40.739  0 
 100.64  40.701  0 
 100.769  40.663  0 
 100.894  40.622  0 
 101.014  40.579  0 
 101.201  40.501  0 
 101.387  40.417  0 
 101.572  40.33  0 
 101.758  40.241  0 
 101.943  40.153  0 
 102.128  40.069  0 
 102.315  39.991  0 
 102.502  39.921  0 
 102.691  39.863  0 
 102.883  39.819  0 
 103.076  39.79  0 
 103.27  39.774  0 
 103.478  39.762  0 
 103.695  39.757  0 
 103.917  39.76  0 
 104.139  39.771  0 
 104.357  39.793  0 
 104.565  39.826  0 
 104.761  39.872  0 
 104.938  39.932  0 
 105.092  40.008  0 
 105.219  40.102  0 
 105.28  40.161  0 
 105.339  40.227  0 
 105.397  40.3  0 
 105.451  40.377  0 
 105.5  40.457  0 
 105.543  40.54  0 
 105.579  40.624  0 
 105.606  40.709  0 
 105.623  40.792  0 
 105.628  40.873  0 
 105.62  40.95  0 
 105.609  40.996  0 
 105.593  41.043  0 
 105.572  41.09  0 
 105.548  41.138  0 
 105.521  41.185  0 
 105.491  41.231  0 
 105.458  41.277  0 
 105.424  41.321  0 
 105.388  41.364  0 
 105.351  41.404  0 
 105.313  41.442  0 
 105.206  41.526  0 
 105.08  41.594  0 
 104.937  41.648  0 
 104.781  41.691  0 
 104.614  41.725  0 
 104.44  41.753  0 
 104.261  41.777  0 
 104.082  41.799  0 
 103.904  41.823  0 
 103.731  41.851  0 
 103.731  41.851  0 
 103.727  41.853  0 
 103.722  41.855  0 
 103.718  41.857  0 
 103.714  41.859  0 
 103.709  41.861  0 
 103.705  41.863  0 
 103.701  41.865  0 
 103.696  41.867  0 
 103.692  41.869  0 
 103.688  41.871  0 
 103.683  41.873  0 
 103.537  41.934  0 
 103.386  41.985  0 
 103.228  42.027  0 
 103.067  42.062  0 
 102.903  42.091  0 
 102.736  42.117  0 
 102.567  42.14  0 
 102.399  42.163  0 
 102.23  42.186  0 
 102.063  42.211  0 
 101.898  42.24  0 
 101.799  42.26  0 
 101.699  42.283  0 
 101.599  42.308  0 
 101.499  42.333  0 
 101.398  42.357  0 
 101.298  42.38  0 
 101.198  42.401  0 
 101.097  42.419  0 
 100.997  42.432  0 
 100.897  42.44  0 
 100.796  42.442  0 
 100.708  42.439  0 
 100.619  42.434  0 
 100.529  42.426  0 
 100.439  42.415  0 
 100.349  42.401  0 
 100.259  42.385  0 
 100.171  42.366  0 
 100.084  42.345  0 
 99.999  42.32  0 
 99.916  42.293  0 
 99.836  42.264  0 
 99.807  42.252  0 
 99.779  42.24  0 
 99.751  42.227  0 
 99.723  42.214  0 
 99.695  42.2  0 
 99.668  42.186  0 
 99.64  42.172  0 
 99.613  42.158  0 
 99.585  42.144  0 
 99.558  42.13  0 
 99.53  42.117  0 
 064  1 
 99.323  41.943  0 
 2  215 
 81.26  39.895  0 
 81.354  39.895  0 
 81.447  39.896  0 
 81.541  39.897  0 
 81.635  39.899  0 
 81.729  39.9  0 
 81.822  39.901  0 
 81.916  39.901  0 
 82.009  39.9  0 
 82.102  39.896  0 
 82.195  39.891  0 
 82.287  39.883  0 
 82.405  39.87  0 
 82.523  39.854  0 
 82.641  39.836  0 
 82.759  39.815  0 
 82.876  39.792  0 
 82.993  39.766  0 
 83.108  39.738  0 
 83.221  39.707  0 
 83.333  39.674  0 
 83.442  39.638  0 
 83.549  39.599  0 
 83.655  39.556  0 
 83.757  39.508  0 
 83.857  39.456  0 
 83.955  39.401  0 
 84.051  39.344  0 
 84.146  39.285  0 
 84.24  39.225  0 
 84.334  39.166  0 
 84.429  39.106  0 
 84.525  39.049  0 
 84.622  38.993  0 
 84.732  38.939  0 
 84.854  38.889  0 
 84.985  38.841  0 
 85.118  38.795  0 
 85.25  38.748  0 
 85.376  38.699  0 
 85.491  38.647  0 
 85.591  38.59  0 
 85.671  38.527  0 
 85.726  38.457  0 
 85.752  38.379  0 
 85.755  38.341  0 
 85.754  38.302  0 
 85.749  38.26  0 
 85.741  38.217  0 
 85.73  38.174  0 
 85.717  38.13  0 
 85.701  38.087  0 
 85.683  38.045  0 
 85.663  38.005  0 
 85.641  37.966  0 
 85.618  37.931  0 
 85.567  37.873  0 
 85.505  37.823  0 
 85.432  37.777  0 
 85.351  37.737  0 
 85.264  37.701  0 
 85.171  37.667  0 
 85.076  37.636  0 
 84.98  37.605  0 
 84.885  37.574  0 
 84.792  37.543  0 
 84.705  37.509  0 
 84.578  37.459  0 
 84.451  37.41  0 
 84.323  37.362  0 
 84.194  37.316  0 
 84.064  37.271  0 
 83.933  37.228  0 
 83.802  37.186  0 
 83.67  37.146  0 
 83.538  37.107  0 
 83.406  37.069  0 
 83.273  37.033  0 
 83.085  36.983  0 
 82.894  36.932  0 
 82.702  36.881  0 
 82.508  36.832  0 
 82.314  36.787  0 
 82.119  36.746  0 
 81.924  36.712  0 
 81.729  36.685  0 
 81.536  36.667  0 
 81.343  36.66  0 
 81.153  36.665  0 
 81.006  36.676  0 
 80.857  36.692  0 
 80.706  36.713  0 
 80.556  36.739  0 
 80.405  36.77  0 
 80.256  36.805  0 
 80.109  36.845  0 
 79.964  36.89  0 
 79.823  36.939  0 
 79.686  36.993  0 
 79.555  37.052  0 
 79.477  37.086  0 
 79.393  37.12  0 
 79.306  37.155  0 
 79.218  37.19  0 
 79.132  37.227  0 
 79.051  37.266  0 
 78.976  37.309  0 
 78.91  37.357  0 
 78.857  37.409  0 
 78.817  37.468  0 
 78.794  37.533  0 
 78.794  37.535  0 
 78.793  37.538  0 
 78.793  37.54  0 
 78.793  37.542  0 
 78.792  37.544  0 
 78.792  37.547  0 
 78.791  37.549  0 
 78.791  37.551  0 
 78.791  37.553  0 
 78.79  37.556  0 
 78.79  37.558  0 
 78.79  37.558  0 
 78.716  37.642  0 
 78.685  37.684  0 
 78.656  37.728  0 
 78.627  37.773  0 
 78.601  37.819  0 
 78.576  37.867  0 
 78.553  37.915  0 
 78.532  37.964  0 
 78.514  38.013  0 
 78.498  38.062  0 
 78.485  38.112  0 
 78.475  38.161  0 
 78.469  38.196  0 
 78.464  38.232  0 
 78.459  38.269  0 
 78.456  38.306  0 
 78.453  38.343  0 
 78.453  38.38  0 
 78.455  38.416  0 
 78.459  38.453  0 
 78.465  38.489  0 
 78.475  38.524  0 
 78.488  38.558  0 
 78.49  38.563  0 
 78.493  38.568  0 
 78.495  38.574  0 
 78.498  38.579  0 
 78.5  38.584  0 
 78.503  38.589  0 
 78.506  38.594  0 
 78.508  38.599  0 
 78.511  38.604  0 
 78.513  38.609  0 
 78.516  38.614  0 
 78.516  38.614  0 
 78.573  38.7  0 
 78.644  38.784  0 
 78.726  38.863  0 
 78.816  38.939  0 
 78.912  39.009  0 
 79.022  39.08  0 
 79.136  39.144  0 
 79.253  39.203  0 
 79.373  39.256  0 
 79.495  39.305  0 
 79.62  39.35  0 
 79.748  39.393  0 
 79.893  39.438  0 
 80.039  39.483  0 
 80.184  39.528  0 
 80.328  39.576  0 
 80.468  39.629  0 
 80.468  39.629  0 
 80.484  39.638  0 
 80.499  39.647  0 
 80.514  39.657  0 
 80.53  39.666  0 
 80.545  39.676  0 
 80.56  39.685  0 
 80.576  39.694  0 
 80.592  39.703  0 
 80.608  39.711  0 
 80.624  39.719  0 
 80.641  39.727  0 
 80.668  39.736  0 
 80.698  39.742  0 
 80.731  39.747  0 
 80.764  39.75  0 
 80.798  39.753  0 
 80.831  39.756  0 
 80.862  39.76  0 
 80.89  39.766  0 
 80.913  39.775  0 
 80.932  39.786  0 
 80.944  39.802  0 
 80.947  39.81  0 
 80.949  39.818  0 
 80.95  39.826  0 
 80.951  39.835  0 
 80.951  39.845  0 
 80.951  39.854  0 
 80.95  39.864  0 
 80.949  39.874  0 
 80.949  39.883  0 
 80.949  39.893  0 
 80.949  39.902  0 
 80.949  39.902  0 
 81.018  39.957  0 
 81.085  40.013  0 
 81.151  40.07  0 
 81.217  40.128  0 
 81.276  40.18  0 
 064  1 
 81.26  39.895  0 
STATION_SITUATION 
WEATHER_REGION:  0 
FILLAREA:  0 
NOTES_SYMBOL:  0 
WithProp_LINESYMBOLS:  0 
