diamond 14 /disk2/diamond/update/zhyb/kw15020408.024
2015 2 4 4 0
LINES: 0
LINES_SYMBOL: 0
SYMBOLS: 0
CLOSED_CONTOURS: 16
7 248
   119.399    32.841     0.000   119.567    32.822     0.000   119.733    32.801     0.000   119.897    32.775     0.000
   120.057    32.744     0.000   120.213    32.703     0.000   120.362    32.653     0.000   120.503    32.590     0.000
   120.593    32.540     0.000   120.678    32.485     0.000   120.759    32.425     0.000   120.836    32.359     0.000
   120.909    32.290     0.000   120.977    32.216     0.000   121.040    32.139     0.000   121.135    32.004     0.000
   121.215    31.862     0.000   121.215    31.862     0.000   121.242    31.802     0.000   121.268    31.742     0.000
   121.294    31.682     0.000   121.318    31.621     0.000   121.340    31.560     0.000   121.361    31.498     0.000
   121.378    31.435     0.000   121.414    31.250     0.000   121.425    31.061     0.000   121.412    30.871     0.000
   121.374    30.683     0.000   121.312    30.502     0.000   121.224    30.331     0.000   121.111    30.172     0.000
   121.055    30.110     0.000   120.995    30.051     0.000   120.930    29.996     0.000   120.860    29.946     0.000
   120.786    29.901     0.000   120.707    29.862     0.000   120.623    29.830     0.000   120.555    29.809     0.000
   120.484    29.794     0.000   120.413    29.783     0.000   120.342    29.778     0.000   120.271    29.780     0.000
   120.202    29.788     0.000   120.135    29.804     0.000   120.070    29.828     0.000   120.009    29.860     0.000
   119.953    29.899     0.000   119.901    29.945     0.000   119.855    29.997     0.000   119.815    30.054     0.000
   119.781    30.117     0.000   119.739    30.226     0.000   119.708    30.341     0.000   119.681    30.456     0.000
   119.653    30.563     0.000   119.616    30.658     0.000   119.563    30.734     0.000   119.489    30.785     0.000
   119.437    30.800     0.000   119.379    30.807     0.000   119.316    30.809     0.000   119.249    30.806     0.000
   119.180    30.800     0.000   119.110    30.792     0.000   119.042    30.785     0.000   119.003    30.782     0.000
   118.965    30.779     0.000   118.928    30.776     0.000   118.891    30.774     0.000   118.854    30.772     0.000
   118.818    30.770     0.000   118.782    30.768     0.000   118.625    30.714     0.000   118.473    30.651     0.000
   118.323    30.586     0.000   118.170    30.524     0.000   118.010    30.471     0.000   117.936    30.453     0.000
   117.860    30.438     0.000   117.784    30.427     0.000   117.708    30.422     0.000   117.632    30.424     0.000
   117.558    30.432     0.000   117.486    30.449     0.000   117.435    30.467     0.000   117.386    30.489     0.000
   117.339    30.515     0.000   117.295    30.546     0.000   117.255    30.580     0.000   117.217    30.617     0.000
   117.184    30.658     0.000   117.123    30.757     0.000   117.077    30.864     0.000   117.039    30.974     0.000
   117.002    31.082     0.000   116.960    31.183     0.000   116.906    31.272     0.000   116.832    31.343     0.000
   116.770    31.379     0.000   116.697    31.406     0.000   116.616    31.425     0.000   116.530    31.438     0.000
   116.440    31.446     0.000   116.347    31.449     0.000   116.255    31.451     0.000   116.255    31.451     0.000
   116.205    31.458     0.000   116.155    31.464     0.000   116.104    31.470     0.000   116.053    31.476     0.000
   116.001    31.481     0.000   115.949    31.486     0.000   115.895    31.491     0.000   115.737    31.499     0.000
   115.575    31.499     0.000   115.414    31.489     0.000   115.259    31.467     0.000   115.115    31.432     0.000
   114.987    31.381     0.000   114.880    31.312     0.000   114.765    31.176     0.000   114.694    31.008     0.000
   114.651    30.817     0.000   114.622    30.614     0.000   114.591    30.409     0.000   114.545    30.213     0.000
   114.469    30.034     0.000   114.398    29.933     0.000   114.313    29.840     0.000   114.215    29.754     0.000
   114.111    29.672     0.000   114.001    29.592     0.000   113.892    29.510     0.000   113.785    29.426     0.000
   113.681    29.332     0.000   113.586    29.232     0.000   113.503    29.126     0.000   113.435    29.013     0.000
   113.383    28.895     0.000   113.349    28.769     0.000   113.337    28.638     0.000   113.341    28.540     0.000
   113.351    28.442     0.000   113.362    28.344     0.000   113.366    28.250     0.000   113.360    28.162     0.000
   113.337    28.082     0.000   113.291    28.012     0.000   113.257    27.980     0.000   113.217    27.953     0.000
   113.172    27.929     0.000   113.123    27.909     0.000   113.072    27.894     0.000   113.019    27.883     0.000
   112.965    27.877     0.000   112.907    27.877     0.000   112.851    27.883     0.000   112.795    27.893     0.000
   112.742    27.908     0.000   112.690    27.928     0.000   112.640    27.950     0.000   112.592    27.976     0.000
   112.456    28.072     0.000   112.341    28.187     0.000   112.244    28.318     0.000   112.161    28.460     0.000
   112.088    28.611     0.000   112.023    28.765     0.000   111.961    28.919     0.000   111.895    29.083     0.000
   111.825    29.242     0.000   111.750    29.397     0.000   111.666    29.548     0.000   111.571    29.695     0.000
   111.461    29.839     0.000   111.333    29.979     0.000   111.278    30.033     0.000   111.223    30.087     0.000
   111.170    30.141     0.000   111.123    30.196     0.000   111.084    30.253     0.000   111.057    30.311     0.000
   111.043    30.372     0.000   111.044    30.422     0.000   111.054    30.472     0.000   111.072    30.522     0.000
   111.097    30.572     0.000   111.127    30.620     0.000   111.163    30.666     0.000   111.202    30.709     0.000
   111.233    30.739     0.000   111.266    30.767     0.000   111.300    30.794     0.000   111.335    30.819     0.000
   111.371    30.843     0.000   111.407    30.867     0.000   111.444    30.890     0.000   111.624    30.998     0.000
   111.806    31.107     0.000   111.985    31.222     0.000   112.153    31.345     0.000   112.306    31.481     0.000
   112.437    31.633     0.000   112.539    31.805     0.000   112.568    31.874     0.000   112.595    31.944     0.000
   112.623    32.014     0.000   112.653    32.080     0.000   112.687    32.142     0.000   112.730    32.197     0.000
   112.782    32.243     0.000   112.825    32.269     0.000   112.874    32.290     0.000   112.927    32.307     0.000
   112.983    32.321     0.000   113.041    32.332     0.000   113.101    32.341     0.000   113.162    32.349     0.000
   113.418    32.377     0.000   113.669    32.396     0.000   113.915    32.408     0.000   114.158    32.413     0.000
   114.398    32.414     0.000   114.637    32.412     0.000   114.874    32.408     0.000   115.035    32.397     0.000
   115.194    32.391     0.000   115.371    32.396     0.000   115.544    32.412     0.000   115.714    32.437     0.000
   115.883    32.468     0.000   116.050    32.503     0.000   116.217    32.538     0.000   116.385    32.571     0.000
   116.541    32.598     0.000   116.697    32.621     0.000   116.855    32.641     0.000   117.013    32.660     0.000
   117.171    32.676     0.000   117.330    32.691     0.000   117.489    32.705     0.000   117.847    32.735     0.000
   118.209    32.758     0.000   118.575    32.775     0.000   118.943    32.788     0.000   119.313    32.797     0.000

064 3
   119.399    32.841     0.000   116.530    31.438     0.000   119.313    32.797     0.000
7 339
   119.997    35.442     0.000   120.074    35.249     0.000   120.148    35.055     0.000   120.212    34.859     0.000
   120.264    34.661     0.000   120.299    34.460     0.000   120.312    34.256     0.000   120.301    34.047     0.000
   120.290    33.963     0.000   120.277    33.879     0.000   120.266    33.797     0.000   120.260    33.716     0.000
   120.263    33.637     0.000   120.277    33.562     0.000   120.305    33.490     0.000   120.326    33.455     0.000
   120.351    33.421     0.000   120.380    33.388     0.000   120.411    33.356     0.000   120.444    33.324     0.000
   120.479    33.293     0.000   120.514    33.262     0.000   120.676    33.090     0.000   120.835    32.915     0.000
   120.991    32.737     0.000   121.143    32.553     0.000   121.258    32.408     0.000   121.366    32.260     0.000
   121.467    32.108     0.000   121.555    31.954     0.000   121.630    31.796     0.000   121.687    31.636     0.000
   121.725    31.472     0.000   121.737    31.368     0.000   121.741    31.262     0.000   121.739    31.156     0.000
   121.732    31.049     0.000   121.722    30.942     0.000   121.708    30.834     0.000   121.694    30.726     0.000
   121.588    30.400     0.000   121.439    30.082     0.000   121.251    29.778     0.000   121.028    29.491     0.000
   120.772    29.224     0.000   120.488    28.985     0.000   120.179    28.776     0.000   120.179    28.776     0.000
   119.983    28.718     0.000   119.787    28.660     0.000   119.592    28.600     0.000   119.398    28.540     0.000
   119.205    28.477     0.000   119.013    28.413     0.000   118.822    28.346     0.000   118.440    28.203     0.000
   118.062    28.055     0.000   117.686    27.904     0.000   117.309    27.756     0.000   116.930    27.615     0.000
   116.545    27.485     0.000   116.153    27.369     0.000   115.782    27.278     0.000   115.406    27.194     0.000
   115.032    27.109     0.000   114.665    27.015     0.000   114.309    26.903     0.000   113.969    26.765     0.000
   113.653    26.592     0.000   113.576    26.541     0.000   113.502    26.489     0.000   113.428    26.434     0.000
   113.356    26.378     0.000   113.284    26.320     0.000   113.213    26.262     0.000   113.142    26.203     0.000
   113.001    26.072     0.000   112.862    25.939     0.000   112.722    25.808     0.000   112.579    25.680     0.000
   112.433    25.557     0.000   112.280    25.440     0.000   112.112    25.326     0.000   111.939    25.220     0.000
   111.761    25.117     0.000   111.583    25.017     0.000   111.406    24.916     0.000   111.232    24.812     0.000
   111.065    24.702     0.000   110.936    24.608     0.000   110.811    24.510     0.000   110.688    24.409     0.000
   110.566    24.305     0.000   110.443    24.201     0.000   110.317    24.097     0.000   110.186    23.994     0.000
   110.138    23.958     0.000   110.090    23.924     0.000   110.041    23.892     0.000   109.990    23.864     0.000
   109.938    23.840     0.000   109.884    23.821     0.000   109.829    23.809     0.000   109.744    23.804     0.000
   109.657    23.815     0.000   109.571    23.839     0.000   109.486    23.874     0.000   109.407    23.920     0.000
   109.334    23.973     0.000   109.270    24.034     0.000   109.191    24.138     0.000   109.137    24.252     0.000
   109.106    24.375     0.000   109.095    24.503     0.000   109.103    24.636     0.000   109.127    24.771     0.000
   109.166    24.906     0.000   109.374    25.333     0.000   109.664    25.740     0.000   109.986    26.128     0.000
   110.288    26.497     0.000   110.517    26.850     0.000   110.618    27.191     0.000   110.537    27.521     0.000
   110.487    27.597     0.000   110.426    27.672     0.000   110.356    27.746     0.000   110.279    27.819     0.000
   110.198    27.891     0.000   110.115    27.962     0.000   110.032    28.032     0.000   109.995    28.063     0.000
   109.958    28.093     0.000   109.921    28.123     0.000   109.884    28.152     0.000   109.847    28.181     0.000
   109.808    28.209     0.000   109.769    28.235     0.000   109.639    28.312     0.000   109.500    28.377     0.000
   109.354    28.431     0.000   109.201    28.474     0.000   109.044    28.505     0.000   108.885    28.525     0.000
   108.727    28.533     0.000   108.617    28.532     0.000   108.508    28.526     0.000   108.399    28.516     0.000
   108.292    28.503     0.000   108.184    28.487     0.000   108.077    28.469     0.000   107.970    28.451     0.000
   107.819    28.421     0.000   107.670    28.388     0.000   107.521    28.352     0.000   107.372    28.315     0.000
   107.223    28.277     0.000   107.053    28.263     0.000   106.881    28.257     0.000   106.708    28.257     0.000
   106.533    28.263     0.000   106.358    28.272     0.000   106.183    28.284     0.000   106.007    28.297     0.000
   105.735    28.361     0.000   105.477    28.450     0.000   105.242    28.567     0.000   105.037    28.714     0.000
   104.870    28.891     0.000   104.758    29.076     0.000   104.681    29.280     0.000   104.640    29.497     0.000
   104.633    29.721     0.000   104.660    29.943     0.000   104.720    30.158     0.000   104.812    30.358     0.000
   104.949    30.553     0.000   105.119    30.725     0.000   105.317    30.876     0.000   105.540    31.010     0.000
   105.783    31.128     0.000   106.040    31.234     0.000   106.307    31.330     0.000   106.550    31.409     0.000
   106.795    31.479     0.000   106.795    31.479     0.000   106.886    31.502     0.000   106.977    31.525     0.000
   107.068    31.546     0.000   107.159    31.565     0.000   107.251    31.580     0.000   107.342    31.591     0.000
   107.434    31.597     0.000   107.630    31.592     0.000   107.826    31.563     0.000   107.826    31.563     0.000
   108.010    31.488     0.000   108.010    31.488     0.000   108.123    31.442     0.000   108.237    31.395     0.000
   108.350    31.349     0.000   108.464    31.303     0.000   108.578    31.257     0.000   108.692    31.212     0.000
   108.806    31.167     0.000   108.886    31.135     0.000   108.967    31.105     0.000   109.048    31.075     0.000
   109.129    31.047     0.000   109.210    31.020     0.000   109.292    30.995     0.000   109.375    30.973     0.000
   109.543    30.936     0.000   109.713    30.908     0.000   109.886    30.891     0.000   110.062    30.882     0.000
   110.240    30.881     0.000   110.422    30.887     0.000   110.607    30.899     0.000   110.764    30.914     0.000
   110.920    30.935     0.000   111.073    30.963     0.000   111.219    31.001     0.000   111.356    31.050     0.000
   111.480    31.113     0.000   111.588    31.190     0.000   111.660    31.261     0.000   111.723    31.341     0.000
   111.780    31.427     0.000   111.832    31.518     0.000   111.881    31.611     0.000   111.931    31.704     0.000
   111.984    31.796     0.000   112.048    31.898     0.000   112.118    31.995     0.000   112.191    32.090     0.000
   112.268    32.183     0.000   112.345    32.275     0.000   112.424    32.366     0.000   112.502    32.458     0.000
   112.572    32.544     0.000   112.641    32.630     0.000   112.709    32.718     0.000   112.777    32.805     0.000
   112.844    32.894     0.000   112.910    32.983     0.000   112.977    33.072     0.000   113.053    33.262     0.000
   113.112    33.467     0.000   113.154    33.688     0.000   113.166    33.785     0.000   113.173    33.882     0.000
   113.171    33.976     0.000   113.158    34.063     0.000   113.132    34.140     0.000   113.089    34.204     0.000
   113.028    34.252     0.000   112.959    34.278     0.000   112.879    34.295     0.000   112.792    34.306     0.000
   112.701    34.316     0.000   112.613    34.330     0.000   112.530    34.352     0.000   112.458    34.388     0.000
   112.433    34.406     0.000   112.410    34.427     0.000   112.390    34.450     0.000   112.373    34.474     0.000
   112.358    34.500     0.000   112.346    34.527     0.000   112.337    34.555     0.000   112.330    34.593     0.000
   112.329    34.631     0.000   112.332    34.668     0.000   112.339    34.706     0.000   112.350    34.743     0.000
   112.365    34.780     0.000   112.383    34.815     0.000   112.425    34.881     0.000   112.476    34.942     0.000
   112.534    34.998     0.000   112.599    35.050     0.000   112.670    35.097     0.000   112.746    35.139     0.000
   112.825    35.178     0.000   112.825    35.178     0.000   112.881    35.195     0.000   112.938    35.213     0.000
   112.994    35.231     0.000   113.050    35.250     0.000   113.105    35.269     0.000   113.160    35.290     0.000
   113.214    35.312     0.000   113.326    35.363     0.000   113.434    35.421     0.000   113.538    35.485     0.000
   113.636    35.555     0.000   113.730    35.630     0.000   113.818    35.711     0.000   113.901    35.796     0.000
   114.009    35.924     0.000   114.109    36.058     0.000   114.206    36.192     0.000   114.303    36.324     0.000
   114.404    36.450     0.000   114.513    36.565     0.000   114.635    36.666     0.000   114.841    36.783     0.000
   115.076    36.866     0.000   115.336    36.920     0.000   115.615    36.951     0.000   115.910    36.965     0.000
   116.213    36.966     0.000   116.522    36.961     0.000   116.792    36.994     0.000   117.067    37.006     0.000
   117.341    36.999     0.000   117.607    36.977     0.000   117.750    36.958     0.000   117.891    36.937     0.000
   118.031    36.915     0.000   118.172    36.892     0.000   118.315    36.870     0.000   118.462    36.850     0.000
   118.614    36.834     0.000   118.809    36.819     0.000   119.007    36.806     0.000   119.202    36.791     0.000
   119.389    36.769     0.000   119.561    36.735     0.000   119.711    36.685     0.000   119.832    36.615     0.000
   119.923    36.517     0.000   119.983    36.396     0.000   120.016    36.257     0.000   120.028    36.102     0.000
   120.024    35.936     0.000   120.010    35.763     0.000   119.991    35.586     0.000
063 1
   119.997    35.442     0.000
7 413
   121.310    38.341     0.000   121.502    38.237     0.000   121.693    38.133     0.000   121.884    38.028     0.000
   122.076    37.923     0.000   122.267    37.817     0.000   122.459    37.710     0.000   122.651    37.602     0.000
   122.777    37.530     0.000   122.900    37.457     0.000   123.020    37.380     0.000   123.132    37.299     0.000
   123.236    37.212     0.000   123.329    37.118     0.000   123.408    37.014     0.000   123.480    36.886     0.000
   123.530    36.749     0.000   123.561    36.607     0.000   123.570    36.463     0.000   123.559    36.322     0.000
   123.526    36.187     0.000   123.472    36.061     0.000   123.336    35.879     0.000   123.151    35.725     0.000
   122.930    35.591     0.000   122.687    35.467     0.000   122.432    35.344     0.000   122.179    35.212     0.000
   121.940    35.063     0.000   121.733    34.897     0.000   121.555    34.711     0.000   121.408    34.510     0.000
   121.298    34.298     0.000   121.227    34.080     0.000   121.200    33.860     0.000   121.218    33.642     0.000
   121.235    33.571     0.000   121.257    33.500     0.000   121.282    33.430     0.000   121.311    33.360     0.000
   121.342    33.290     0.000   121.375    33.221     0.000   121.408    33.152     0.000   121.604    32.735     0.000
   121.758    32.309     0.000   121.867    31.877     0.000   121.928    31.441     0.000   121.940    31.248     0.000
   121.943    31.056     0.000   121.939    30.864     0.000   121.930    30.671     0.000   121.917    30.479     0.000
   121.901    30.286     0.000   121.884    30.094     0.000   121.763    29.442     0.000   121.552    28.808     0.000
   121.265    28.191     0.000   120.913    27.591     0.000   120.506    27.008     0.000   120.057    26.441     0.000
   119.574    25.889     0.000   118.718    25.008     0.000   117.808    24.189     0.000   116.850    23.454     0.000
   115.850    22.821     0.000   114.811    22.312     0.000   113.737    21.946     0.000   112.628    21.743     0.000
   112.094    21.708     0.000   111.555    21.701     0.000   111.011    21.708     0.000   110.465    21.716     0.000
   109.921    21.713     0.000   109.381    21.686     0.000   108.849    21.621     0.000   108.478    21.547     0.000
   108.111    21.453     0.000   107.747    21.344     0.000   107.386    21.225     0.000   107.026    21.102     0.000
   106.664    20.979     0.000   106.300    20.861     0.000   105.657    20.682     0.000   105.004    20.543     0.000
   104.345    20.455     0.000   103.680    20.425     0.000   103.013    20.464     0.000   102.346    20.581     0.000
   101.680    20.787     0.000   101.409    20.899     0.000   101.144    21.026     0.000   100.894    21.168     0.000
   100.663    21.324     0.000   100.460    21.493     0.000   100.290    21.675     0.000   100.162    21.868     0.000
   100.040    22.289     0.000   100.078    22.747     0.000   100.239    23.236     0.000   100.486    23.747     0.000
   100.784    24.272     0.000   101.093    24.804     0.000   101.374    25.335     0.000   101.585    25.834     0.000
   101.747    26.328     0.000   101.872    26.818     0.000   101.972    27.306     0.000   102.062    27.793     0.000
   102.155    28.280     0.000   102.266    28.768     0.000   102.306    28.920     0.000   102.349    29.071     0.000
   102.395    29.222     0.000   102.443    29.374     0.000   102.494    29.525     0.000   102.548    29.676     0.000
   102.605    29.827     0.000   102.661    29.968     0.000   102.720    30.109     0.000   102.782    30.248     0.000
   102.849    30.385     0.000   102.922    30.520     0.000   103.000    30.652     0.000   103.085    30.780     0.000
   103.235    30.976     0.000   103.398    31.166     0.000   103.565    31.354     0.000   103.731    31.544     0.000
   103.889    31.741     0.000   104.030    31.949     0.000   104.149    32.172     0.000   104.211    32.328     0.000
   104.258    32.489     0.000   104.289    32.653     0.000   104.302    32.815     0.000   104.295    32.973     0.000
   104.266    33.123     0.000   104.214    33.263     0.000   104.077    33.461     0.000   103.882    33.627     0.000
   103.639    33.766     0.000   103.356    33.882     0.000   103.045    33.982     0.000   102.714    34.069     0.000
   102.372    34.150     0.000   102.140    34.232     0.000   101.906    34.308     0.000   101.675    34.384     0.000
   101.456    34.466     0.000   101.254    34.559     0.000   101.076    34.671     0.000   100.929    34.806     0.000
   100.846    34.921     0.000   100.781    35.049     0.000   100.735    35.187     0.000   100.706    35.332     0.000
   100.694    35.481     0.000   100.699    35.631     0.000   100.719    35.780     0.000   100.750    35.910     0.000
   100.793    36.036     0.000   100.850    36.156     0.000   100.921    36.270     0.000   101.006    36.377     0.000
   101.107    36.476     0.000   101.224    36.567     0.000   101.310    36.621     0.000   101.403    36.670     0.000
   101.500    36.711     0.000   101.601    36.744     0.000   101.704    36.767     0.000   101.807    36.778     0.000
   101.909    36.776     0.000   102.087    36.739     0.000   102.258    36.669     0.000   102.258    36.669     0.000
   102.348    36.609     0.000   102.439    36.551     0.000   102.530    36.495     0.000   102.623    36.445     0.000
   102.719    36.400     0.000   102.817    36.364     0.000   102.919    36.337     0.000   103.017    36.321     0.000
   103.118    36.315     0.000   103.221    36.318     0.000   103.325    36.330     0.000   103.430    36.350     0.000
   103.534    36.379     0.000   103.637    36.416     0.000   103.762    36.473     0.000   103.880    36.540     0.000
   103.988    36.616     0.000   104.081    36.699     0.000   104.157    36.785     0.000   104.211    36.875     0.000
   104.240    36.965     0.000   104.233    37.088     0.000   104.178    37.208     0.000   104.081    37.325     0.000
   104.081    37.325     0.000   103.997    37.399     0.000   103.912    37.473     0.000   103.826    37.544     0.000
   103.737    37.613     0.000   103.646    37.677     0.000   103.550    37.737     0.000   103.451    37.792     0.000
   103.205    37.892     0.000   102.939    37.966     0.000   102.660    38.020     0.000   102.373    38.063     0.000
   102.085    38.104     0.000   101.801    38.149     0.000   101.527    38.208     0.000   101.297    38.277     0.000
   101.073    38.357     0.000   100.852    38.444     0.000   100.627    38.531     0.000   100.394    38.614     0.000
   100.148    38.685     0.000    99.884    38.741     0.000    99.657    38.771     0.000    99.425    38.796     0.000
    99.198    38.823     0.000    98.985    38.861     0.000    98.797    38.919     0.000    98.642    39.006     0.000
    98.530    39.130     0.000    98.507    39.175     0.000    98.488    39.223     0.000    98.475    39.272     0.000
    98.469    39.322     0.000    98.468    39.370     0.000    98.474    39.417     0.000    98.488    39.461     0.000
    98.556    39.555     0.000    98.666    39.622     0.000    98.810    39.667     0.000    98.980    39.693     0.000
    99.165    39.701     0.000    99.165    39.701     0.000    99.532    39.680     0.000    99.898    39.654     0.000
    99.898    39.654     0.000    99.951    39.648     0.000   100.005    39.642     0.000   100.058    39.636     0.000
   100.111    39.630     0.000   100.164    39.623     0.000   100.216    39.615     0.000   100.269    39.607     0.000
   100.462    39.569     0.000   100.652    39.521     0.000   100.838    39.466     0.000   101.023    39.404     0.000
   101.206    39.339     0.000   101.389    39.272     0.000   101.572    39.205     0.000   101.791    39.129     0.000
   102.012    39.056     0.000   102.235    38.990     0.000   102.460    38.929     0.000   102.687    38.877     0.000
   102.916    38.833     0.000   103.147    38.800     0.000   103.319    38.782     0.000   103.493    38.770     0.000
   103.668    38.762     0.000   103.843    38.758     0.000   104.018    38.757     0.000   104.194    38.759     0.000
   104.369    38.761     0.000   104.406    38.762     0.000   104.443    38.763     0.000   104.480    38.763     0.000
   104.517    38.764     0.000   104.554    38.765     0.000   104.591    38.765     0.000   104.628    38.766     0.000
   104.987    38.759     0.000   105.320    38.721     0.000   105.613    38.639     0.000   105.899    38.470     0.000
   106.129    38.234     0.000   106.318    37.946     0.000   106.481    37.622     0.000   106.633    37.279     0.000
   106.788    36.931     0.000   106.963    36.594     0.000   107.082    36.406     0.000   107.212    36.228     0.000
   107.355    36.063     0.000   107.510    35.911     0.000   107.679    35.775     0.000   107.861    35.657     0.000
   108.057    35.557     0.000   108.243    35.484     0.000   108.439    35.424     0.000   108.643    35.375     0.000
   108.851    35.334     0.000   109.064    35.298     0.000   109.277    35.264     0.000   109.489    35.230     0.000
   109.784    35.179     0.000   110.075    35.127     0.000   110.364    35.079     0.000   110.655    35.041     0.000
   110.950    35.019     0.000   111.252    35.017     0.000   111.563    35.039     0.000   111.769    35.070     0.000
   111.975    35.112     0.000   112.173    35.167     0.000   112.173    35.167     0.000   112.268    35.204     0.000
   112.362    35.242     0.000   112.455    35.281     0.000   112.547    35.321     0.000   112.637    35.363     0.000
   112.724    35.407     0.000   112.809    35.455     0.000   112.980    35.569     0.000   113.139    35.697     0.000
   113.287    35.836     0.000   113.287    35.836     0.000   113.357    35.907     0.000   113.427    35.979     0.000
   113.497    36.051     0.000   113.566    36.124     0.000   113.634    36.198     0.000   113.701    36.273     0.000
   113.767    36.350     0.000   113.871    36.478     0.000   113.969    36.610     0.000   114.058    36.746     0.000
   114.135    36.885     0.000   114.199    37.028     0.000   114.248    37.173     0.000   114.277    37.322     0.000
   114.286    37.433     0.000   114.288    37.546     0.000   114.285    37.659     0.000   114.282    37.771     0.000
   114.283    37.884     0.000   114.291    37.995     0.000   114.311    38.104     0.000   114.345    38.212     0.000
   114.393    38.317     0.000   114.455    38.418     0.000   114.529    38.515     0.000   114.616    38.608     0.000
   114.713    38.695     0.000   114.821    38.776     0.000   114.896    38.826     0.000   114.975    38.872     0.000
   115.057    38.913     0.000   115.141    38.950     0.000   115.227    38.980     0.000   115.314    39.003     0.000
   115.402    39.019     0.000   115.613    39.026     0.000   115.824    38.993     0.000   115.824    38.993     0.000
   115.878    38.978     0.000   115.931    38.963     0.000   115.984    38.947     0.000   116.035    38.930     0.000
   116.086    38.912     0.000   116.135    38.892     0.000   116.182    38.869     0.000   116.247    38.832     0.000
   116.308    38.790     0.000   116.365    38.744     0.000   116.418    38.694     0.000   116.466    38.642     0.000
   116.511    38.586     0.000   116.553    38.528     0.000   116.585    38.479     0.000   116.617    38.429     0.000
   116.648    38.379     0.000   116.680    38.331     0.000   116.715    38.285     0.000   116.754    38.242     0.000
   116.797    38.202     0.000   116.869    38.153     0.000   116.951    38.113     0.000   117.042    38.080     0.000
   117.138    38.056     0.000   117.240    38.038     0.000   117.343    38.026     0.000   117.446    38.020     0.000
   117.671    38.025     0.000   117.889    38.050     0.000   118.102    38.089     0.000   118.313    38.136     0.000
   118.522    38.186     0.000   118.733    38.232     0.000   118.946    38.270     0.000   118.993    38.276     0.000
   119.040    38.282     0.000   119.087    38.287     0.000   119.135    38.292     0.000   119.182    38.296     0.000
   119.230    38.301     0.000   119.277    38.305     0.000   119.362    38.315     0.000   119.446    38.326     0.000
   119.530    38.337     0.000   119.614    38.348     0.000   120.138    38.352     0.000   120.662    38.351     0.000
   121.186    38.347     0.000
062 3
   121.310    38.341     0.000    98.469    39.322     0.000   121.186    38.347     0.000
7 171
   129.270    53.016     0.000   130.338    52.908     0.000   131.381    52.780     0.000   132.381    52.621     0.000
   133.315    52.420     0.000   134.162    52.169     0.000   134.904    51.857     0.000   135.518    51.476     0.000
   135.980    51.033     0.000   136.319    50.528     0.000   136.549    49.974     0.000   136.687    49.384     0.000
   136.747    48.768     0.000   136.746    48.140     0.000   136.696    47.511     0.000   136.497    46.307     0.000
   136.175    45.147     0.000   135.735    44.034     0.000   135.181    42.970     0.000   134.517    41.957     0.000
   133.744    40.996     0.000   132.866    40.087     0.000   132.124    39.420     0.000   131.350    38.773     0.000
   130.574    38.131     0.000   129.824    37.484     0.000   129.130    36.821     0.000   128.519    36.133     0.000
   128.018    35.411     0.000   127.553    34.414     0.000   127.257    33.363     0.000   127.074    32.272     0.000
   126.951    31.158     0.000   126.836    30.033     0.000   126.683    28.912     0.000   126.446    27.808     0.000
   126.065    26.660     0.000   125.558    25.557     0.000   124.941    24.513     0.000   124.229    23.538     0.000
   123.433    22.646     0.000   122.566    21.846     0.000   121.635    21.152     0.000   120.497    20.490     0.000
   119.296    19.955     0.000   118.040    19.522     0.000   116.741    19.165     0.000   115.411    18.861     0.000
   114.061    18.588     0.000   112.706    18.324     0.000   111.306    18.044     0.000   109.920    17.777     0.000
   108.549    17.548     0.000   107.192    17.380     0.000   105.849    17.299     0.000   104.515    17.331     0.000
   103.184    17.499     0.000   102.949    17.545     0.000   102.714    17.596     0.000   102.480    17.653     0.000
   102.247    17.715     0.000   102.016    17.784     0.000   101.788    17.859     0.000   101.562    17.941     0.000
   100.892    18.234     0.000   100.250    18.586     0.000    99.633    18.989     0.000    99.038    19.436     0.000
    98.461    19.919     0.000    97.900    20.431     0.000    97.353    20.964     0.000    96.823    21.502     0.000
    96.297    22.044     0.000    95.767    22.581     0.000    95.225    23.104     0.000    94.664    23.602     0.000
    94.077    24.067     0.000    93.456    24.487     0.000    92.564    24.970     0.000    91.611    25.371     0.000
    90.607    25.707     0.000    89.564    25.994     0.000    88.491    26.251     0.000    87.398    26.495     0.000
    86.293    26.745     0.000    85.224    27.008     0.000    84.163    27.301     0.000    83.122    27.633     0.000
    82.114    28.012     0.000    81.149    28.446     0.000    80.240    28.946     0.000    79.400    29.521     0.000
    78.663    30.151     0.000    77.983    30.845     0.000    77.339    31.590     0.000    76.714    32.370     0.000
    76.089    33.168     0.000    75.445    33.968     0.000    74.763    34.752     0.000    74.299    35.240     0.000
    73.823    35.720     0.000    73.346    36.197     0.000    72.880    36.677     0.000    72.438    37.168     0.000
    72.031    37.676     0.000    71.672    38.207     0.000    71.332    38.854     0.000    71.073    39.534     0.000
    70.899    40.238     0.000    70.810    40.959     0.000    70.810    41.687     0.000    70.902    42.415     0.000
    71.089    43.131     0.000    71.398    43.883     0.000    71.398    43.883     0.000    71.992    44.366     0.000
    72.600    44.844     0.000    73.224    45.317     0.000    73.868    45.782     0.000    74.534    46.238     0.000
    75.225    46.684     0.000    75.946    47.116     0.000    77.209    47.798     0.000    78.557    48.424     0.000
    79.986    48.977     0.000    81.489    49.442     0.000    83.054    49.803     0.000    84.670    50.044     0.000
    86.320    50.150     0.000    86.679    50.154     0.000    87.038    50.151     0.000    87.397    50.143     0.000
    87.756    50.130     0.000    88.114    50.111     0.000    88.472    50.089     0.000    88.829    50.064     0.000
    89.937    49.966     0.000    91.035    49.848     0.000    92.127    49.718     0.000    93.216    49.584     0.000
    94.306    49.455     0.000    95.401    49.337     0.000    96.506    49.238     0.000    99.075    49.110     0.000
   101.688    49.122     0.000   104.309    49.280     0.000   106.900    49.592     0.000   109.426    50.072     0.000
   111.852    50.736     0.000   114.141    51.605     0.000   115.034    52.021     0.000   115.915    52.454     0.000
   116.799    52.884     0.000   117.704    53.287     0.000   118.641    53.643     0.000   119.625    53.930     0.000
   120.665    54.124     0.000   121.281    54.186     0.000   121.913    54.215     0.000   122.557    54.215     0.000
   123.206    54.191     0.000   123.858    54.146     0.000   124.508    54.086     0.000   125.151    54.014     0.000
   125.667    53.949     0.000   126.177    53.881     0.000   126.682    53.809     0.000   127.182    53.733     0.000
   127.679    53.655     0.000   128.172    53.574     0.000   128.663    53.491     0.000
061 1
   129.270    53.016     0.000
7 60
   106.867    30.575     0.000   106.957    30.567     0.000   107.047    30.556     0.000   107.135    30.544     0.000
   107.222    30.527     0.000   107.305    30.504     0.000   107.384    30.476     0.000   107.459    30.439     0.000
   107.506    30.410     0.000   107.549    30.378     0.000   107.590    30.342     0.000   107.627    30.304     0.000
   107.661    30.263     0.000   107.690    30.219     0.000   107.715    30.173     0.000   107.753    30.064     0.000
   107.768    29.949     0.000   107.762    29.832     0.000   107.737    29.716     0.000   107.696    29.604     0.000
   107.640    29.500     0.000   107.572    29.406     0.000   107.458    29.296     0.000   107.324    29.209     0.000
   107.174    29.140     0.000   107.008    29.084     0.000   106.830    29.036     0.000   106.639    28.991     0.000
   106.440    28.944     0.000   106.303    28.910     0.000   106.166    28.877     0.000   106.033    28.850     0.000
   105.908    28.833     0.000   105.793    28.830     0.000   105.693    28.846     0.000   105.611    28.886     0.000
   105.556    28.942     0.000   105.516    29.015     0.000   105.489    29.102     0.000   105.474    29.200     0.000
   105.470    29.304     0.000   105.475    29.411     0.000   105.487    29.518     0.000   105.511    29.637     0.000
   105.543    29.750     0.000   105.585    29.856     0.000   105.636    29.955     0.000   105.697    30.046     0.000
   105.768    30.129     0.000   105.850    30.204     0.000   105.934    30.265     0.000   106.026    30.320     0.000
   106.124    30.370     0.000   106.228    30.416     0.000   106.335    30.458     0.000   106.445    30.498     0.000
   106.557    30.537     0.000   106.614    30.544     0.000   106.673    30.550     0.000   106.731    30.556     0.000

064 1
   106.867    30.575     0.000
7 61
    87.312    44.463     0.000    87.398    44.438     0.000    87.483    44.411     0.000    87.566    44.382     0.000
    87.647    44.348     0.000    87.725    44.308     0.000    87.798    44.262     0.000    87.866    44.206     0.000
    87.935    44.133     0.000    87.993    44.051     0.000    88.036    43.966     0.000    88.061    43.882     0.000
    88.065    43.804     0.000    88.044    43.735     0.000    87.995    43.681     0.000    87.944    43.654     0.000
    87.882    43.636     0.000    87.810    43.626     0.000    87.733    43.622     0.000    87.654    43.625     0.000
    87.574    43.634     0.000    87.497    43.649     0.000    87.414    43.672     0.000    87.337    43.700     0.000
    87.267    43.734     0.000    87.201    43.771     0.000    87.139    43.812     0.000    87.079    43.854     0.000
    87.020    43.897     0.000    86.900    43.933     0.000    86.774    43.965     0.000    86.641    43.989     0.000
    86.499    44.005     0.000    86.410    44.010     0.000    86.320    44.015     0.000    86.233    44.021     0.000
    86.150    44.030     0.000    86.076    44.047     0.000    86.011    44.072     0.000    85.961    44.108     0.000
    85.933    44.144     0.000    85.914    44.185     0.000    85.904    44.230     0.000    85.903    44.277     0.000
    85.911    44.324     0.000    85.927    44.368     0.000    85.953    44.408     0.000    86.006    44.457     0.000
    86.075    44.495     0.000    86.157    44.521     0.000    86.248    44.539     0.000    86.345    44.549     0.000
    86.445    44.553     0.000    86.544    44.554     0.000    86.634    44.552     0.000    86.721    44.548     0.000
    86.805    44.542     0.000    86.887    44.536     0.000    86.968    44.528     0.000    87.047    44.520     0.000
    87.127    44.511     0.000
063 2
    87.312    44.463     0.000    87.127    44.511     0.000
7 173
    84.006    45.645     0.000    84.271    45.710     0.000    84.536    45.773     0.000    84.800    45.828     0.000
    85.062    45.875     0.000    85.323    45.910     0.000    85.580    45.929     0.000    85.834    45.931     0.000
    86.310    45.881     0.000    86.772    45.768     0.000    87.222    45.607     0.000    87.665    45.410     0.000
    88.104    45.192     0.000    88.543    44.965     0.000    88.989    44.743     0.000    89.205    44.642     0.000
    89.419    44.541     0.000    89.625    44.439     0.000    89.817    44.331     0.000    89.991    44.215     0.000
    90.140    44.088     0.000    90.261    43.946     0.000    90.368    43.738     0.000    90.420    43.510     0.000
    90.419    43.271     0.000    90.368    43.030     0.000    90.271    42.796     0.000    90.130    42.578     0.000
    89.947    42.385     0.000    89.784    42.261     0.000    89.607    42.150     0.000    89.422    42.046     0.000
    89.236    41.945     0.000    89.058    41.841     0.000    88.895    41.729     0.000    88.753    41.602     0.000
    88.624    41.436     0.000    88.522    41.252     0.000    88.437    41.059     0.000    88.358    40.865     0.000
    88.273    40.677     0.000    88.174    40.505     0.000    88.048    40.355     0.000    87.833    40.202     0.000
    87.566    40.090     0.000    87.259    40.011     0.000    86.923    39.954     0.000    86.568    39.911     0.000
    86.207    39.870     0.000    85.851    39.823     0.000    85.361    39.733     0.000    84.901    39.615     0.000
    84.464    39.476     0.000    84.046    39.320     0.000    83.641    39.151     0.000    83.244    38.975     0.000
    82.849    38.795     0.000    82.429    38.606     0.000    82.003    38.422     0.000    81.571    38.245     0.000
    81.131    38.080     0.000    80.681    37.929     0.000    80.220    37.796     0.000    79.744    37.684     0.000
    79.365    37.614     0.000    78.979    37.561     0.000    78.593    37.530     0.000    78.209    37.525     0.000
    77.832    37.547     0.000    77.465    37.603     0.000    77.113    37.694     0.000    76.993    37.735     0.000
    76.876    37.780     0.000    76.760    37.829     0.000    76.646    37.880     0.000    76.532    37.933     0.000
    76.418    37.988     0.000    76.305    38.043     0.000    75.836    38.379     0.000    75.450    38.759     0.000
    75.168    39.183     0.000    75.014    39.653     0.000    74.999    39.772     0.000    74.994    39.892     0.000
    75.000    40.011     0.000    75.019    40.127     0.000    75.052    40.239     0.000    75.100    40.344     0.000
    75.165    40.442     0.000    75.269    40.548     0.000    75.396    40.642     0.000    75.542    40.724     0.000
    75.704    40.797     0.000    75.877    40.863     0.000    76.057    40.924     0.000    76.240    40.982     0.000
    77.080    41.231     0.000    77.909    41.454     0.000    78.733    41.646     0.000    79.559    41.803     0.000
    80.391    41.920     0.000    81.236    41.992     0.000    82.097    42.015     0.000    82.389    42.011     0.000
    82.681    42.005     0.000    82.973    42.001     0.000    83.263    42.002     0.000    83.551    42.012     0.000
    83.836    42.035     0.000    84.115    42.075     0.000    84.401    42.136     0.000    84.684    42.210     0.000
    84.968    42.286     0.000    85.256    42.356     0.000    85.551    42.408     0.000    85.856    42.433     0.000
    86.172    42.422     0.000    86.397    42.390     0.000    86.623    42.346     0.000    86.846    42.301     0.000
    87.062    42.267     0.000    87.265    42.252     0.000    87.451    42.270     0.000    87.617    42.329     0.000
    87.700    42.385     0.000    87.774    42.455     0.000    87.836    42.536     0.000    87.884    42.624     0.000
    87.917    42.716     0.000    87.933    42.809     0.000    87.930    42.899     0.000    87.889    43.025     0.000
    87.807    43.138     0.000    87.691    43.241     0.000    87.550    43.333     0.000    87.390    43.417     0.000
    87.218    43.493     0.000    87.042    43.564     0.000    86.661    43.703     0.000    86.289    43.821     0.000
    85.918    43.921     0.000    85.545    44.003     0.000    85.162    44.070     0.000    84.764    44.122     0.000
    84.764    44.122     0.000    84.562    44.108     0.000    84.361    44.097     0.000    84.160    44.093     0.000
    83.959    44.099     0.000    83.758    44.121     0.000    83.558    44.160     0.000    83.358    44.221     0.000
    83.142    44.315     0.000    82.936    44.433     0.000    82.754    44.568     0.000    82.607    44.714     0.000
    82.506    44.863     0.000    82.465    45.010     0.000    82.496    45.147     0.000    82.548    45.217     0.000
    82.623    45.283     0.000    82.717    45.343     0.000    82.825    45.398     0.000    82.943    45.447     0.000
    83.068    45.491     0.000    83.194    45.530     0.000    83.307    45.560     0.000    83.419    45.586     0.000
    83.530    45.610     0.000    83.639    45.630     0.000    83.748    45.649     0.000    83.857    45.666     0.000
    83.965    45.683     0.000
062 1
    84.006    45.645     0.000
7 111
   129.789    47.161     0.000   129.875    47.090     0.000   129.961    47.019     0.000   130.045    46.947     0.000
   130.125    46.873     0.000   130.201    46.798     0.000   130.272    46.721     0.000   130.337    46.642     0.000
   130.383    46.577     0.000   130.425    46.511     0.000   130.461    46.444     0.000   130.493    46.375     0.000
   130.519    46.306     0.000   130.539    46.235     0.000   130.553    46.163     0.000   130.564    46.027     0.000
   130.553    45.889     0.000   130.523    45.752     0.000   130.475    45.617     0.000   130.410    45.486     0.000
   130.329    45.361     0.000   130.233    45.242     0.000   130.090    45.099     0.000   129.930    44.965     0.000
   129.759    44.838     0.000   129.584    44.713     0.000   129.411    44.586     0.000   129.245    44.453     0.000
   129.093    44.311     0.000   128.957    44.155     0.000   128.832    43.992     0.000   128.712    43.827     0.000
   128.589    43.668     0.000   128.454    43.519     0.000   128.301    43.387     0.000   128.120    43.277     0.000
   128.056    43.248     0.000   127.990    43.222     0.000   127.920    43.197     0.000   127.849    43.175     0.000
   127.776    43.153     0.000   127.702    43.132     0.000   127.628    43.112     0.000   127.495    43.056     0.000
   127.358    43.007     0.000   127.358    43.007     0.000   127.276    42.980     0.000   127.193    42.953     0.000
   127.111    42.927     0.000   127.028    42.904     0.000   126.944    42.883     0.000   126.859    42.865     0.000
   126.774    42.851     0.000   126.587    42.837     0.000   126.397    42.840     0.000   126.206    42.861     0.000
   126.017    42.897     0.000   125.832    42.946     0.000   125.655    43.006     0.000   125.487    43.075     0.000
   125.442    43.096     0.000   125.399    43.118     0.000   125.356    43.141     0.000   125.314    43.164     0.000
   125.273    43.189     0.000   125.233    43.214     0.000   125.193    43.241     0.000   125.104    43.308     0.000
   125.021    43.382     0.000   124.947    43.461     0.000   124.884    43.544     0.000   124.835    43.630     0.000
   124.803    43.718     0.000   124.789    43.806     0.000   124.792    43.876     0.000   124.807    43.946     0.000
   124.832    44.015     0.000   124.864    44.084     0.000   124.903    44.153     0.000   124.945    44.221     0.000
   124.990    44.288     0.000   125.094    44.441     0.000   125.200    44.590     0.000   125.307    44.737     0.000
   125.415    44.882     0.000   125.525    45.025     0.000   125.635    45.167     0.000   125.746    45.309     0.000
   125.809    45.418     0.000   125.873    45.526     0.000   125.960    45.668     0.000   126.049    45.809     0.000
   126.145    45.948     0.000   126.246    46.084     0.000   126.357    46.218     0.000   126.477    46.348     0.000
   126.609    46.474     0.000   126.771    46.609     0.000   126.947    46.735     0.000   127.138    46.852     0.000
   127.341    46.957     0.000   127.556    47.049     0.000   127.781    47.126     0.000   128.014    47.187     0.000
   128.228    47.225     0.000   128.447    47.251     0.000   128.670    47.266     0.000   128.896    47.272     0.000
   129.124    47.271     0.000   129.354    47.266     0.000   129.584    47.258     0.000
063 2
   129.789    47.161     0.000   130.553    46.163     0.000
6 138
   132.649    49.910     0.000   132.026    50.053     0.000   131.406    50.181     0.000   130.796    50.284     0.000
   130.205    50.350     0.000   129.639    50.368     0.000   129.109    50.328     0.000   128.622    50.218     0.000
   128.210    50.045     0.000   127.843    49.812     0.000   127.518    49.530     0.000   127.234    49.212     0.000
   126.987    48.867     0.000   126.773    48.507     0.000   126.590    48.143     0.000   126.434    47.790     0.000
   126.298    47.444     0.000   126.176    47.104     0.000   126.061    46.769     0.000   125.948    46.439     0.000
   125.831    46.113     0.000   125.706    45.790     0.000   125.706    45.790     0.000   125.650    45.689     0.000
   125.593    45.587     0.000   125.535    45.487     0.000   125.477    45.386     0.000   125.417    45.286     0.000
   125.355    45.187     0.000   125.291    45.089     0.000   125.104    44.827     0.000   124.907    44.568     0.000
   124.711    44.309     0.000   124.527    44.046     0.000   124.365    43.775     0.000   124.235    43.491     0.000
   124.147    43.190     0.000   124.122    43.042     0.000   124.102    42.893     0.000   124.079    42.747     0.000
   124.048    42.605     0.000   124.002    42.472     0.000   123.934    42.351     0.000   123.837    42.245     0.000
   123.771    42.194     0.000   123.696    42.149     0.000   123.614    42.107     0.000   123.526    42.068     0.000
   123.434    42.031     0.000   123.339    41.996     0.000   123.242    41.961     0.000   123.064    41.910     0.000
   122.883    41.860     0.000   122.704    41.807     0.000   122.531    41.744     0.000   122.367    41.669     0.000
   122.252    41.601     0.000   122.148    41.523     0.000   122.057    41.436     0.000   121.982    41.341     0.000
   121.925    41.237     0.000   121.889    41.125     0.000   121.877    41.006     0.000   121.883    40.925     0.000
   121.900    40.843     0.000   121.928    40.766     0.000   121.967    40.695     0.000   122.017    40.634     0.000
   122.078    40.586     0.000   122.150    40.554     0.000   122.203    40.543     0.000   122.261    40.539     0.000
   122.322    40.541     0.000   122.385    40.548     0.000   122.449    40.559     0.000   122.514    40.572     0.000
   122.578    40.587     0.000   122.710    40.618     0.000   122.837    40.650     0.000   122.960    40.683     0.000
   123.080    40.717     0.000   123.197    40.754     0.000   123.312    40.792     0.000   123.427    40.834     0.000
   123.590    40.898     0.000   123.754    40.965     0.000   123.919    41.034     0.000   124.085    41.100     0.000
   124.252    41.163     0.000   124.422    41.217     0.000   124.593    41.262     0.000   124.956    41.316     0.000
   125.327    41.325     0.000   125.705    41.300     0.000   126.090    41.252     0.000   126.479    41.192     0.000
   126.874    41.130     0.000   127.273    41.077     0.000   128.065    41.030     0.000   128.861    41.056     0.000
   129.644    41.155     0.000   130.401    41.325     0.000   131.116    41.563     0.000   131.772    41.868     0.000
   132.353    42.241     0.000   132.439    42.307     0.000   132.523    42.375     0.000   132.605    42.445     0.000
   132.686    42.515     0.000   132.766    42.586     0.000   132.846    42.657     0.000   132.925    42.729     0.000
   133.401    43.277     0.000   133.826    43.878     0.000   134.220    44.519     0.000   134.597    45.185     0.000
   134.977    45.863     0.000   135.175    46.209     0.000   135.363    46.553     0.000   135.527    46.893     0.000
   135.651    47.228     0.000   135.719    47.557     0.000   135.716    47.879     0.000   135.624    48.192     0.000
   135.510    48.390     0.000   135.356    48.583     0.000   135.168    48.767     0.000   134.949    48.942     0.000
   134.705    49.106     0.000   134.440    49.257     0.000   134.162    49.393     0.000   133.972    49.475     0.000
   133.779    49.550     0.000   133.582    49.621     0.000   133.384    49.687     0.000   133.183    49.750     0.000
   132.981    49.811     0.000   132.778    49.870     0.000
062 2
   132.649    49.910     0.000   132.981    49.811     0.000
4 97
   109.175    34.826     0.000   109.146    34.808     0.000   109.118    34.789     0.000   109.089    34.772     0.000
   109.060    34.755     0.000   109.030    34.739     0.000   108.999    34.725     0.000   108.968    34.712     0.000
   108.932    34.700     0.000   108.895    34.690     0.000   108.857    34.682     0.000   108.819    34.676     0.000
   108.779    34.671     0.000   108.739    34.667     0.000   108.698    34.664     0.000   108.650    34.661     0.000
   108.603    34.659     0.000   108.557    34.655     0.000   108.512    34.649     0.000   108.469    34.639     0.000
   108.428    34.626     0.000   108.392    34.607     0.000   108.342    34.565     0.000   108.304    34.512     0.000
   108.277    34.450     0.000   108.263    34.384     0.000   108.262    34.318     0.000   108.275    34.257     0.000
   108.303    34.202     0.000   108.351    34.154     0.000   108.414    34.119     0.000   108.489    34.096     0.000
   108.574    34.084     0.000   108.663    34.079     0.000   108.754    34.082     0.000   108.843    34.091     0.000
   108.982    34.115     0.000   109.110    34.146     0.000   109.232    34.183     0.000   109.351    34.221     0.000
   109.351    34.221     0.000   109.389    34.236     0.000   109.428    34.251     0.000   109.466    34.267     0.000
   109.504    34.283     0.000   109.541    34.299     0.000   109.577    34.317     0.000   109.613    34.336     0.000
   109.652    34.359     0.000   109.691    34.384     0.000   109.729    34.410     0.000   109.766    34.436     0.000
   109.804    34.463     0.000   109.843    34.489     0.000   109.882    34.516     0.000   109.911    34.534     0.000
   109.940    34.551     0.000   109.970    34.567     0.000   110.001    34.580     0.000   110.033    34.592     0.000
   110.066    34.600     0.000   110.099    34.605     0.000   110.138    34.607     0.000   110.178    34.605     0.000
   110.219    34.601     0.000   110.259    34.597     0.000   110.300    34.595     0.000   110.340    34.597     0.000
   110.379    34.605     0.000   110.408    34.615     0.000   110.436    34.630     0.000   110.462    34.648     0.000
   110.485    34.668     0.000   110.503    34.690     0.000   110.517    34.714     0.000   110.524    34.739     0.000
   110.525    34.772     0.000   110.515    34.805     0.000   110.496    34.836     0.000   110.469    34.867     0.000
   110.437    34.894     0.000   110.401    34.919     0.000   110.363    34.941     0.000   110.315    34.962     0.000
   110.267    34.977     0.000   110.218    34.987     0.000   110.168    34.994     0.000   110.118    34.997     0.000
   110.068    34.997     0.000   110.018    34.994     0.000   109.919    34.983     0.000   109.821    34.966     0.000
   109.725    34.943     0.000   109.629    34.916     0.000   109.535    34.886     0.000   109.441    34.854     0.000
   109.347    34.820     0.000
063 1
   109.175    34.826     0.000
4 50
   127.616    46.253     0.000   127.621    46.206     0.000   127.626    46.158     0.000   127.631    46.111     0.000
   127.637    46.064     0.000   127.642    46.016     0.000   127.648    45.968     0.000   127.654    45.921     0.000
   127.664    45.846     0.000   127.673    45.770     0.000   127.677    45.695     0.000   127.674    45.621     0.000
   127.662    45.546     0.000   127.638    45.473     0.000   127.599    45.401     0.000   127.514    45.298     0.000
   127.401    45.204     0.000   127.267    45.122     0.000   127.120    45.057     0.000   126.968    45.014     0.000
   126.819    44.998     0.000   126.678    45.014     0.000   126.594    45.044     0.000   126.517    45.089     0.000
   126.449    45.145     0.000   126.390    45.209     0.000   126.341    45.280     0.000   126.303    45.354     0.000
   126.275    45.430     0.000   126.254    45.553     0.000   126.262    45.671     0.000   126.296    45.787     0.000
   126.353    45.900     0.000   126.430    46.010     0.000   126.525    46.117     0.000   126.633    46.223     0.000
   126.689    46.272     0.000   126.747    46.318     0.000   126.808    46.362     0.000   126.871    46.400     0.000
   126.937    46.431     0.000   127.006    46.454     0.000   127.078    46.467     0.000   127.140    46.470     0.000
   127.203    46.466     0.000   127.268    46.456     0.000   127.334    46.441     0.000   127.400    46.424     0.000
   127.467    46.404     0.000   127.534    46.382     0.000
064 1
   127.616    46.253     0.000
4 50
   127.085    46.094     0.000   127.106    46.072     0.000   127.127    46.050     0.000   127.147    46.027     0.000
   127.167    46.005     0.000   127.186    45.982     0.000   127.203    45.958     0.000   127.219    45.933     0.000
   127.234    45.905     0.000   127.247    45.875     0.000   127.256    45.845     0.000   127.263    45.815     0.000
   127.266    45.785     0.000   127.264    45.755     0.000   127.259    45.725     0.000   127.247    45.692     0.000
   127.228    45.659     0.000   127.203    45.628     0.000   127.173    45.599     0.000   127.138    45.571     0.000
   127.097    45.545     0.000   127.051    45.520     0.000   126.992    45.494     0.000   126.929    45.471     0.000
   126.865    45.453     0.000   126.801    45.440     0.000   126.742    45.434     0.000   126.688    45.435     0.000
   126.643    45.446     0.000   126.602    45.471     0.000   126.575    45.509     0.000   126.560    45.558     0.000
   126.554    45.614     0.000   126.555    45.675     0.000   126.561    45.740     0.000   126.568    45.806     0.000
   126.576    45.862     0.000   126.584    45.916     0.000   126.596    45.967     0.000   126.613    46.012     0.000
   126.636    46.052     0.000   126.668    46.084     0.000   126.710    46.107     0.000   126.742    46.117     0.000
   126.778    46.123     0.000   126.818    46.126     0.000   126.861    46.127     0.000   126.906    46.126     0.000
   126.952    46.125     0.000   126.999    46.122     0.000
065 1
   127.085    46.094     0.000
4 64
   113.757    23.828     0.000   113.797    23.787     0.000   113.837    23.746     0.000   113.877    23.705     0.000
   113.915    23.663     0.000   113.952    23.620     0.000   113.987    23.576     0.000   114.020    23.531     0.000
   114.070    23.451     0.000   114.112    23.368     0.000   114.145    23.281     0.000   114.169    23.191     0.000
   114.184    23.099     0.000   114.187    23.006     0.000   114.178    22.912     0.000   114.168    22.859     0.000
   114.153    22.807     0.000   114.135    22.756     0.000   114.113    22.708     0.000   114.086    22.663     0.000
   114.056    22.622     0.000   114.022    22.586     0.000   113.927    22.521     0.000   113.813    22.483     0.000
   113.685    22.467     0.000   113.547    22.467     0.000   113.403    22.479     0.000   113.257    22.497     0.000
   113.112    22.518     0.000   112.936    22.540     0.000   112.768    22.560     0.000   112.605    22.581     0.000
   112.445    22.603     0.000   112.288    22.632     0.000   112.129    22.668     0.000   111.968    22.714     0.000
   111.892    22.740     0.000   111.817    22.769     0.000   111.745    22.803     0.000   111.678    22.842     0.000
   111.617    22.888     0.000   111.565    22.940     0.000   111.524    22.999     0.000   111.501    23.049     0.000
   111.485    23.101     0.000   111.476    23.156     0.000   111.474    23.211     0.000   111.478    23.266     0.000
   111.490    23.319     0.000   111.508    23.369     0.000   111.556    23.445     0.000   111.621    23.508     0.000
   111.701    23.561     0.000   111.793    23.605     0.000   111.892    23.642     0.000   111.996    23.672     0.000
   112.103    23.698     0.000   112.335    23.745     0.000   112.562    23.780     0.000   112.784    23.805     0.000
   113.002    23.821     0.000   113.217    23.831     0.000   113.430    23.837     0.000   113.641    23.840     0.000

063 1
   113.757    23.828     0.000
4 70
   114.164    35.590     0.000   114.069    35.522     0.000   113.975    35.453     0.000   113.883    35.383     0.000
   113.796    35.310     0.000   113.713    35.235     0.000   113.636    35.157     0.000   113.567    35.075     0.000
   113.533    35.029     0.000   113.503    34.982     0.000   113.475    34.934     0.000   113.452    34.884     0.000
   113.433    34.832     0.000   113.420    34.778     0.000   113.412    34.721     0.000   113.410    34.690     0.000
   113.410    34.659     0.000   113.413    34.629     0.000   113.419    34.599     0.000   113.427    34.572     0.000
   113.440    34.547     0.000   113.456    34.525     0.000   113.488    34.498     0.000   113.528    34.479     0.000
   113.576    34.466     0.000   113.629    34.457     0.000   113.686    34.452     0.000   113.746    34.449     0.000
   113.807    34.447     0.000   113.872    34.442     0.000   113.935    34.440     0.000   113.997    34.442     0.000
   114.057    34.446     0.000   114.117    34.454     0.000   114.175    34.467     0.000   114.265    34.495     0.000
   114.353    34.533     0.000   114.437    34.579     0.000   114.517    34.632     0.000   114.593    34.690     0.000
   114.665    34.751     0.000   114.732    34.815     0.000   114.795    34.881     0.000   114.853    34.948     0.000
   114.906    35.018     0.000   114.954    35.090     0.000   114.998    35.165     0.000   115.037    35.245     0.000
   115.071    35.330     0.000   115.089    35.381     0.000   115.104    35.433     0.000   115.114    35.484     0.000
   115.118    35.535     0.000   115.115    35.583     0.000   115.102    35.627     0.000   115.079    35.667     0.000
   115.046    35.701     0.000   115.003    35.730     0.000   114.952    35.754     0.000   114.896    35.772     0.000
   114.835    35.786     0.000   114.773    35.794     0.000   114.712    35.798     0.000   114.623    35.795     0.000
   114.537    35.783     0.000   114.456    35.763     0.000   114.376    35.736     0.000   114.299    35.706     0.000
   114.224    35.672     0.000   114.148    35.636     0.000
064 1
   114.164    35.590     0.000
4 64
   118.470    35.176     0.000   118.511    35.167     0.000   118.552    35.158     0.000   118.593    35.147     0.000
   118.632    35.136     0.000   118.671    35.123     0.000   118.708    35.109     0.000   118.743    35.092     0.000
   118.793    35.062     0.000   118.838    35.027     0.000   118.878    34.987     0.000   118.913    34.943     0.000
   118.943    34.895     0.000   118.967    34.845     0.000   118.986    34.791     0.000   118.997    34.741     0.000
   119.004    34.690     0.000   119.005    34.640     0.000   119.001    34.591     0.000   118.990    34.545     0.000
   118.974    34.502     0.000   118.950    34.464     0.000   118.884    34.405     0.000   118.795    34.364     0.000
   118.688    34.339     0.000   118.569    34.323     0.000   118.442    34.314     0.000   118.313    34.308     0.000
   118.186    34.299     0.000   118.045    34.283     0.000   117.912    34.261     0.000   117.784    34.237     0.000
   117.659    34.214     0.000   117.533    34.195     0.000   117.404    34.182     0.000   117.270    34.178     0.000
   117.210    34.180     0.000   117.151    34.185     0.000   117.092    34.194     0.000   117.036    34.206     0.000
   116.983    34.223     0.000   116.935    34.245     0.000   116.892    34.273     0.000   116.846    34.321     0.000
   116.813    34.378     0.000   116.792    34.441     0.000   116.782    34.509     0.000   116.784    34.578     0.000
   116.797    34.647     0.000   116.820    34.713     0.000   116.841    34.754     0.000   116.866    34.793     0.000
   116.895    34.830     0.000   116.927    34.864     0.000   116.961    34.896     0.000   116.998    34.925     0.000
   117.036    34.953     0.000   117.193    35.038     0.000   117.366    35.098     0.000   117.552    35.136     0.000
   117.749    35.158     0.000   117.954    35.167     0.000   118.164    35.167     0.000   118.377    35.162     0.000

064 1
   118.470    35.176     0.000
4 78
   111.382    30.769     0.000   111.371    30.763     0.000   111.360    30.757     0.000   111.349    30.751     0.000
   111.338    30.745     0.000   111.327    30.739     0.000   111.316    30.733     0.000   111.305    30.726     0.000
   111.292    30.719     0.000   111.280    30.711     0.000   111.269    30.703     0.000   111.258    30.694     0.000
   111.248    30.685     0.000   111.239    30.675     0.000   111.231    30.665     0.000   111.222    30.646     0.000
   111.216    30.626     0.000   111.214    30.604     0.000   111.215    30.583     0.000   111.219    30.560     0.000
   111.225    30.539     0.000   111.233    30.517     0.000   111.276    30.442     0.000   111.336    30.380     0.000
   111.411    30.330     0.000   111.497    30.289     0.000   111.591    30.254     0.000   111.689    30.225     0.000
   111.790    30.199     0.000   111.986    30.151     0.000   112.178    30.109     0.000   112.365    30.075     0.000
   112.550    30.049     0.000   112.732    30.034     0.000   112.914    30.030     0.000   113.096    30.039     0.000
   113.224    30.055     0.000   113.352    30.077     0.000   113.479    30.107     0.000   113.606    30.144     0.000
   113.730    30.189     0.000   113.853    30.241     0.000   113.973    30.300     0.000   114.008    30.320     0.000
   114.043    30.340     0.000   114.076    30.362     0.000   114.107    30.385     0.000   114.134    30.410     0.000
   114.158    30.438     0.000   114.178    30.468     0.000   114.195    30.505     0.000   114.205    30.546     0.000
   114.209    30.587     0.000   114.208    30.629     0.000   114.201    30.671     0.000   114.190    30.711     0.000
   114.174    30.748     0.000   114.102    30.837     0.000   114.000    30.898     0.000   113.873    30.936     0.000
   113.729    30.956     0.000   113.572    30.964     0.000   113.410    30.964     0.000   113.248    30.962     0.000
   113.019    30.964     0.000   112.803    30.968     0.000   112.597    30.972     0.000   112.399    30.972     0.000
   112.206    30.964     0.000   112.015    30.944     0.000   111.826    30.909     0.000   111.766    30.894     0.000
   111.705    30.878     0.000   111.645    30.860     0.000   111.585    30.841     0.000   111.525    30.821     0.000
   111.464    30.801     0.000   111.404    30.780     0.000
065 1
   111.382    30.769     0.000
STATION_SITUATION
45001 62
45004 62
45005 61
45007 62
45009 61
45011 62
50136 61
50204 61
50246 61
50247 61
50349 61
50353 61
50425 61
50431 61
50434 61
50442 61
50445 61
50468 61
50514 61
50524 61
50525 61
50526 61
50527 61
50548 61
50557 61
50564 62
50566 62
50603 61
50618 61
50632 61
50639 61
50645 61
50646 61
50647 61
50655 61
50656 61
50658 61
50659 61
50673 62
50674 62
50727 61
50739 61
50741 61
50742 61
50745 61
50749 61
50750 61
50755 61
50756 62
50758 61
50767 62
50772 62
50774 62
50775 62
50776 62
50778 62
50779 62
50787 62
50788 62
50832 61
50833 61
50834 61
50838 61
50842 61
50844 61
50851 62
50852 62
50853 63
50854 61
50858 62
50859 62
50861 63
50862 63
50867 64
50871 63
50873 62
50877 63
50878 62
50879 63
50880 62
50884 62
50888 62
50892 62
50913 61
50915 61
50928 61
50934 61
50936 61
50937 61
50939 61
50940 61
50945 61
50946 61
50948 61
50949 61
50950 61
50953 65
50954 61
50955 64
50956 64
50958 65
50960 64
50962 63
50963 63
50964 63
50965 63
50968 63
50973 62
50978 62
50979 63
50983 62
50985 62
50987 62
51053 61
51057 61
51058 61
51059 61
51060 61
51068 61
51076 61
51087 61
51133 61
51137 61
51145 61
51156 61
51186 61
51232 62
51238 61
51241 61
51243 61
51288 61
51328 61
51329 61
51330 61
51334 62
51346 62
51352 62
51353 62
51356 63
51357 62
51358 62
51359 63
51365 63
51367 63
51368 63
51369 62
51377 62
51378 62
51379 62
51430 61
51431 61
51433 61
51434 61
51435 61
51436 61
51437 61
51438 61
51463 63
51465 62
51467 61
51468 61
51469 61
51470 62
51477 62
51482 62
51495 61
51526 62
51542 61
51559 62
51567 62
51568 62
51571 62
51572 62
51573 62
51581 62
51627 62
51628 62
51629 62
51633 62
51636 62
51639 62
51642 62
51644 62
51655 62
51656 62
51701 62
51704 62
51705 62
51707 62
51708 62
51709 62
51711 62
51716 62
51717 62
51720 62
51722 62
51730 62
51765 62
51777 61
51802 62
51804 61
51810 62
51811 62
51814 62
51815 62
51818 62
51826 61
51827 61
51828 61
51829 61
51839 61
51848 61
51855 61
51886 61
51931 61
52101 61
52112 61
52118 61
52203 61
52211 61
52267 61
52313 61
52323 61
52378 61
52418 61
52424 61
52436 61
52446 61
52447 61
52495 61
52515 61
52533 61
52546 62
52557 62
52575 61
52576 61
52602 61
52607 62
52633 61
52643 62
52645 61
52652 62
52656 62
52657 61
52661 62
52674 62
52675 62
52679 61
52681 62
52707 61
52713 61
52737 61
52740 61
52745 61
52749 61
52754 61
52765 61
52784 61
52787 61
52797 61
52815 61
52818 61
52825 61
52833 61
52835 61
52836 61
52842 61
52853 61
52854 61
52855 61
52856 61
52862 61
52863 61
52866 62
52868 62
52869 62
52874 62
52875 62
52876 62
52877 62
52885 61
52887 62
52889 62
52895 62
52896 62
52908 61
52941 61
52943 61
52955 62
52957 61
52963 62
52968 62
52972 62
52978 62
52980 62
52981 62
52982 62
52983 62
52984 62
52985 62
52986 62
52988 62
52993 62
52995 62
52996 62
52998 62
53068 61
53083 61
53149 61
53192 61
53194 61
53195 61
53201 61
53231 61
53272 61
53276 61
53289 61
53324 61
53336 61
53337 61
53343 61
53348 61
53352 61
53357 61
53362 61
53367 61
53368 61
53378 61
53384 61
53385 61
53391 61
53392 61
53397 61
53399 61
53419 61
53420 61
53424 61
53433 61
53446 61
53451 61
53455 61
53457 61
53463 61
53464 61
53466 61
53467 61
53469 61
53472 61
53475 61
53478 61
53480 61
53481 61
53483 61
53484 61
53486 61
53487 61
53488 61
53490 61
53491 61
53492 61
53498 61
53499 61
53502 61
53505 61
53512 61
53513 61
53517 61
53518 61
53519 61
53522 61
53529 61
53533 61
53543 61
53545 61
53547 61
53553 61
53562 61
53564 61
53565 61
53567 61
53573 61
53574 61
53575 61
53576 61
53577 61
53578 61
53579 61
53580 61
53582 61
53584 61
53585 61
53588 61
53590 61
53593 61
53594 61
53596 62
53599 61
53602 61
53610 61
53610 61
53611 61
53612 61
53614 61
53615 61
53617 62
53618 61
53644 61
53646 61
53651 61
53658 61
53659 61
53660 61
53662 61
53663 61
53664 61
53665 61
53666 61
53669 61
53673 61
53674 61
53676 61
53677 61
53678 61
53679 61
53680 62
53681 61
53682 61
53685 61
53687 61
53688 62
53689 62
53690 61
53691 62
53692 62
53693 61
53694 61
53695 62
53696 62
53697 62
53698 62
53699 62
53704 62
53705 62
53723 61
53725 61
53727 61
53730 61
53732 61
53735 61
53738 61
53740 61
53748 61
53750 61
53751 61
53753 61
53754 61
53756 61
53757 61
53759 61
53760 61
53763 61
53764 61
53767 61
53768 61
53769 61
53770 61
53771 61
53772 61
53773 63
53774 61
53775 61
53776 61
53777 61
53778 61
53780 61
53781 62
53782 61
53783 61
53784 62
53785 62
53786 61
53787 61
53788 61
53789 62
53790 62
53791 62
53792 62
53793 61
53794 62
53795 62
53796 62
53797 62
53798 62
53799 62
53806 62
53810 62
53817 62
53821 61
53829 61
53832 61
53833 62
53841 61
53845 61
53848 61
53850 61
53852 61
53853 61
53854 61
53856 61
53857 61
53859 61
53860 61
53861 61
53862 61
53863 61
53864 61
53865 61
53866 61
53868 61
53869 61
53871 61
53872 61
53873 61
53874 61
53875 61
53877 61
53878 61
53879 61
53880 61
53881 61
53882 61
53884 61
53885 61
53886 61
53888 61
53889 62
53890 62
53891 62
53892 62
53893 63
53894 62
53895 62
53896 63
53897 63
53898 63
53899 63
53903 62
53906 62
53908 62
53910 62
53914 62
53915 62
53916 62
53917 62
53923 62
53924 62
53925 62
53926 62
53927 62
53928 62
53929 62
53930 61
53931 61
53934 61
53935 61
53937 62
53938 62
53941 61
53942 61
53944 61
53945 61
53946 61
53947 62
53948 62
53949 61
53950 61
53953 61
53954 61
53955 61
53956 61
53957 61
53958 61
53959 61
53961 61
53962 61
53963 61
53964 61
53965 61
53966 61
53967 61
53968 61
53970 61
53972 63
53973 61
53974 64
53975 61
53976 61
53978 63
53979 63
53980 63
53981 62
53982 63
53983 64
53984 63
53985 63
53986 64
53987 63
53988 63
53989 64
53990 63
53991 63
53992 64
53993 63
53994 64
53995 64
53996 63
53997 64
53998 64
54001 61
54010 61
54012 61
54024 61
54026 61
54027 61
54031 61
54039 61
54041 61
54047 61
54049 61
54063 63
54064 63
54065 63
54069 63
54072 63
54705 62
54076 63
54080 63
54092 62
54093 62
54094 62
54096 62
54098 62
54099 62
54102 61
54103 61
54113 61
54115 61
54117 61
54122 61
54132 61
54134 61
54135 61
54142 61
54154 62
54155 61
54156 62
54157 62
54161 63
54164 63
54165 63
54169 63
54171 63
54172 63
54181 63
54186 62
54187 62
54192 62
54195 62
54204 61
54205 61
54208 61
54209 61
54213 61
54214 61
54218 61
54219 61
54223 61
54225 61
54226 61
54231 61
54234 61
54236 61
54237 61
54243 62
54244 61
54245 61
54247 62
54248 62
54249 61
54252 62
54254 62
54259 62
54260 62
54261 62
54263 63
54266 62
54267 62
54273 63
54274 62
54276 62
54284 62
54285 62
54286 62
54287 62
54290 62
54291 62
54292 62
54293 62
54301 61
54304 61
54305 61
54308 61
54311 61
54313 61
54316 61
54318 61
54319 61
54320 61
54321 61
54323 61
54324 61
54325 61
54326 61
54327 61
54328 61
54330 61
54331 61
54332 62
54333 61
54334 61
54335 61
54336 62
54337 61
54338 62
54339 62
54340 62
54342 62
54345 62
54346 62
54347 62
54348 62
54349 62
54351 62
54353 62
54362 62
54363 62
54365 61
54371 62
54374 62
54377 61
54386 62
54398 61
54399 61
54401 61
54404 61
54405 61
54406 61
54408 61
54409 61
54410 61
54412 61
54416 61
54419 61
54420 61
54421 61
54422 61
54423 61
54424 61
54425 61
54428 61
54429 61
54430 61
54431 61
54432 61
54433 61
54434 61
54436 61
54437 61
54438 61
54439 61
54449 61
54452 61
54453 61
54454 61
54455 61
54470 62
54471 62
54472 62
54474 61
54475 62
54476 61
54483 61
54486 61
54493 61
54494 61
54497 61
54499 61
54501 61
54502 61
54503 61
54504 61
54505 61
54506 61
54507 61
54508 61
54510 61
54511 61
54512 61
54513 61
54514 61
54515 61
54517 61
54518 61
54519 61
54520 61
54521 61
54522 61
54523 61
54525 61
54526 61
54527 61
54528 61
54529 61
54530 61
54531 61
54532 61
54533 61
54534 61
54535 61
54539 61
54540 61
54541 61
54563 61
54568 61
54569 61
54575 61
54579 61
54584 61
54587 61
54594 61
54596 61
54597 61
54601 62
54602 62
54603 62
54604 62
54605 62
54606 62
54607 62
54608 62
54609 62
54610 62
54611 62
54612 61
54613 61
54614 62
54615 61
54616 61
54617 62
54618 62
54619 61
54620 62
54621 62
54622 61
54623 61
54624 61
54626 62
54627 62
54628 61
54631 62
54632 62
54633 62
54636 61
54640 62
54644 62
54645 61
54646 61
54660 61
54662 61
54700 62
54701 62
54702 62
54703 62
54704 62
54706 62
54707 62
54707 62
54708 62
54709 62
54710 62
54711 62
54712 62
54713 62
54714 62
54715 62
54716 62
54717 62
54718 62
54719 62
54722 62
54723 62
54724 62
54725 62
54726 62
54727 63
54728 62
54729 62
54730 62
54731 62
54732 62
54734 62
54736 62
54737 62
54738 62
54744 62
54749 62
54751 62
54752 62
54753 62
54755 62
54759 62
54764 62
54765 62
54766 62
54774 62
54776 62
54777 62
54778 62
54800 62
54801 63
54802 63
54803 63
54804 63
54805 63
54806 63
54807 63
54808 63
54809 63
54810 63
54811 63
54812 63
54814 63
54815 63
54816 63
54817 63
54818 63
54819 63
54820 63
54821 63
54822 63
54823 63
54824 63
54825 63
54826 63
54827 63
54828 63
54829 63
54830 63
54831 63
54832 62
54833 62
54834 63
54835 63
54836 63
54837 63
54839 63
54841 62
54842 62
54843 63
54844 63
54846 63
54848 63
54849 62
54851 62
54852 62
54853 62
54855 62
54857 62
54861 62
54863 62
54868 62
54871 62
54900 64
54901 63
54902 63
54903 63
54904 63
54905 63
54906 63
54907 63
54908 63
54909 63
54910 63
54911 63
54912 63
54913 63
54914 63
54915 63
54916 63
54917 63
54918 63
54919 63
54920 63
54921 63
54922 63
54923 63
54925 63
54927 63
54929 63
54932 63
54935 63
54936 63
54938 64
54939 63
54940 63
54943 63
54945 63
54952 62
55228 61
55248 61
55279 61
55294 61
55299 61
55437 61
55472 61
55493 61
55569 61
55572 61
55578 61
55585 61
55589 61
55591 61
55593 61
55597 61
55598 61
55655 61
55664 61
55680 61
55681 61
55690 61
55696 61
55773 61
56004 61
56016 61
56018 61
56021 61
56029 61
56033 61
56034 61
56038 61
56041 61
56043 61
56045 61
56046 61
56065 62
56067 61
56071 62
56074 61
56079 61
56080 62
56081 62
56082 62
56084 62
56091 62
56092 62
56093 62
56094 62
56095 62
56096 62
56097 62
56106 61
56109 61
56116 61
56125 61
56128 61
56137 61
56144 61
56146 61
56147 61
56151 61
56152 61
56158 61
56164 61
56167 61
56168 61
56171 61
56172 61
56173 61
56178 61
56180 62
56181 62
56182 61
56183 61
56184 61
56185 61
56186 62
56187 62
56188 62
56189 62
56190 62
56192 62
56193 62
56194 62
56195 62
56196 62
56197 62
56198 62
56199 62
56202 61
56223 61
56227 61
56228 61
56247 61
56251 61
56257 61
56263 61
56267 61
56272 62
56273 62
56276 62
56278 62
56279 62
56280 62
56281 62
56284 62
56285 62
56286 62
56287 62
56288 62
56289 62
56290 62
56291 62
56294 62
56295 62
56296 62
56297 62
56298 62
56307 61
56312 61
56317 61
56331 61
56342 61
56357 61
56371 61
56373 62
56374 61
56376 62
56378 61
56380 62
56381 62
56382 62
56383 62
56384 62
56385 62
56386 62
56387 62
56389 62
56390 62
56391 62
56393 63
56394 62
56395 63
56396 63
56434 61
56441 61
56443 61
56444 61
56459 61
56462 61
56473 62
56474 61
56475 62
56478 62
56479 62
56480 62
56483 62
56485 62
56487 62
56489 62
56490 62
56491 62
56492 62
56493 62
56494 62
56495 62
56496 62
56497 62
56498 62
56499 62
56533 61
56543 61
56548 61
56565 61
56567 61
56569 62
56571 62
56575 62
56578 62
56580 62
56582 62
56584 62
56585 62
56586 62
56592 62
56593 62
56594 62
56595 62
56596 62
56598 62
56641 61
56643 61
56645 61
56646 61
56649 61
56651 61
56652 61
56654 61
56664 61
56665 61
56666 61
56669 62
56670 62
56671 62
56673 62
56674 61
56675 62
56684 62
56688 62
56691 62
56693 62
56697 62
56739 61
56741 61
56742 61
56745 61
56746 61
56748 61
56751 61
56752 61
56755 61
56756 61
56757 61
56761 61
56763 62
56764 61
56766 62
56767 62
56768 62
56772 62
56774 62
56775 62
56777 62
56778 62
56779 62
56781 62
56782 62
56783 62
56785 62
56786 62
56788 62
56790 62
56792 62
56793 62
56835 61
56836 61
56837 61
56838 61
56839 61
56840 61
56841 61
56842 61
56843 61
56844 61
56845 61
56846 61
56849 61
56851 61
56854 61
56856 61
56862 62
56863 62
56867 62
56869 62
56870 62
56871 62
56872 62
56873 62
56875 62
56876 62
56878 62
56879 62
56880 62
56881 62
56882 62
56883 62
56885 62
56886 62
56889 62
56891 62
56898 62
56944 61
56946 61
56948 61
56949 61
56950 61
56951 61
56952 62
56954 61
56956 62
56957 62
56958 62
56959 62
56961 62
56962 62
56964 62
56966 62
56969 62
56970 62
56973 62
56975 62
56976 62
56977 62
56978 62
56982 62
56984 62
56985 62
56986 62
56987 62
56989 62
56991 62
56992 62
56994 62
56995 62
56996 62
57001 62
57002 62
57003 62
57004 62
57006 62
57007 62
57008 62
57011 62
57012 62
57014 62
57016 62
57020 62
57021 62
57022 62
57023 62
57024 62
57025 62
57026 62
57027 62
57028 62
57029 63
57030 62
57031 62
57032 62
57033 63
57034 62
57035 62
57036 63
57037 62
57038 63
57039 63
57040 63
57041 63
57042 63
57043 63
57044 63
57045 63
57046 62
57047 62
57048 63
57049 63
57051 62
57052 63
57053 62
57054 62
57055 62
57056 62
57057 62
57060 61
57061 62
57063 62
57065 62
57066 62
57067 62
57070 62
57071 63
57072 63
57073 63
57074 62
57075 62
57076 63
57077 62
57078 62
57079 63
57080 63
57081 64
57082 63
57083 64
57085 63
57086 63
57087 63
57088 63
57089 63
57090 64
57091 64
57093 63
57094 63
57095 63
57096 63
57097 64
57098 63
57099 63
57102 62
57105 62
57106 62
57110 62
57111 62
57113 62
57119 62
57124 62
57126 62
57127 62
57128 62
57129 62
57132 63
57134 62
57137 62
57140 62
57143 62
57144 62
57153 62
57154 62
57155 62
57156 62
57162 62
57169 62
57171 63
57173 62
57175 62
57176 62
57177 63
57178 62
57179 62
57180 63
57181 62
57182 63
57183 63
57184 63
57185 63
57186 63
57187 63
57188 63
57189 63
57190 63
57191 63
57192 63
57193 63
57194 63
57195 63
57196 63
57197 63
57198 63
57204 62
57206 62
57208 62
57211 62
57213 62
57216 62
57217 62
57231 62
57232 62
57233 62
57237 62
57238 62
57242 62
57245 62
57247 62
57248 62
57249 62
57251 62
57253 62
57254 62
57256 62
57257 62
57259 62
57260 62
57261 62
57265 62
57268 62
57271 62
57273 63
57274 62
57277 62
57278 63
57279 64
57281 63
57285 63
57289 64
57290 63
57292 63
57293 63
57294 63
57295 63
57296 64
57297 64
57298 64
57299 64
57303 62
57304 62
57306 62
57307 62
57308 62
57309 63
57313 62
57314 62
57315 62
57317 63
57318 63
57320 62
57324 62
57326 63
57328 63
57329 63
57333 62
57338 63
57339 63
57343 62
57345 62
57348 62
57349 62
57355 62
57358 62
57359 62
57361 62
57362 62
57363 62
57368 63
57370 63
57377 64
57378 64
57381 64
57385 64
57387 64
57388 64
57389 64
57390 64
57395 64
57396 64
57398 64
57399 63
57401 63
57402 63
57405 63
57407 63
57408 63
57409 64
57411 63
57413 63
57414 63
57415 64
57416 64
57417 64
57420 63
57425 64
57426 63
57431 63
57432 63
57437 63
57438 63
57439 63
57445 63
57447 63
57451 63
57453 64
57458 63
57460 65
57461 65
57462 63
57464 64
57465 65
57466 65
57469 64
57474 65
57475 65
57476 65
57477 64
57481 65
57482 64
57483 65
57485 65
57486 65
57489 65
57491 64
57492 63
57493 64
57494 65
57496 63
57498 63
57499 63
57502 64
57503 63
57504 63
57505 64
57506 64
57507 63
57508 63
57509 63
57510 64
57511 64
57512 64
57513 64
57514 64
57516 64
57517 64
57518 64
57519 64
57520 64
57522 64
57523 64
57525 63
57536 63
57537 63
57540 63
57541 63
57543 63
57544 63
57545 63
57554 63
57558 63
57562 63
57564 63
57565 64
57566 63
57571 64
57573 64
57574 64
57575 64
57577 64
57581 64
57582 64
57583 64
57584 64
57585 64
57586 63
57589 63
57590 63
57595 63
57598 63
57600 63
57602 63
57603 63
57604 63
57605 62
57606 62
57608 62
57609 63
57612 64
57614 63
57622 63
57623 63
57625 63
57633 63
57634 63
57635 62
57636 63
57637 62
57640 63
57642 63
57643 63
57646 63
57647 62
57649 63
57655 63
57657 63
57658 63
57661 63
57662 63
57663 63
57666 64
57669 63
57671 64
57673 64
57674 64
57678 64
57679 64
57680 64
57682 63
57687 64
57688 63
57694 63
57696 63
57698 63
57699 63
57707 62
57708 62
57710 62
57713 62
57714 62
57717 62
57718 62
57719 62
57720 62
57722 62
57723 62
57728 62
57729 62
57730 62
57731 62
57732 62
57734 62
57735 62
57736 62
57737 62
57738 62
57739 62
57740 62
57741 62
57742 62
57743 62
57744 62
57745 62
57746 62
57749 62
57752 63
57754 62
57758 63
57760 63
57761 63
57762 63
57763 63
57766 63
57767 63
57768 63
57769 63
57771 63
57772 63
57773 63
57774 63
57776 63
57777 63
57778 63
57779 63
57780 63
57781 63
57782 63
57786 63
57789 63
57792 63
57793 63
57796 63
57797 62
57798 63
57799 63
57800 62
57803 62
57805 62
57806 62
57807 62
57808 62
57809 62
57811 62
57813 62
57814 62
57816 62
57818 62
57821 62
57822 62
57823 62
57824 62
57825 62
57826 62
57827 62
57828 62
57829 62
57832 62
57834 62
57835 62
57837 62
57839 62
57840 62
57841 62
57842 62
57844 62
57845 62
57846 62
57851 63
57853 63
57857 63
57859 63
57860 63
57865 63
57866 63
57867 63
57868 63
57870 63
57871 63
57872 63
57874 63
57875 63
57876 63
57881 63
57882 63
57883 62
57886 62
57887 62
57889 62
57891 63
57894 62
57895 62
57896 62
57899 62
57900 62
57902 62
57903 62
57905 62
57906 62
57907 62
57908 62
57909 62
57910 62
57911 62
57912 62
57913 62
57914 62
57915 62
57916 62
57921 62
57922 62
57923 62
57926 62
57927 62
57932 62
57936 62
57941 62
57942 63
57947 63
57948 62
57949 63
57954 63
57955 63
57956 63
57957 63
57958 63
57960 63
57962 63
57964 63
57965 63
57966 63
57969 63
57971 63
57972 62
57973 62
57974 63
57975 62
57976 62
57978 62
57980 62
57981 62
57985 62
57988 62
57989 62
57990 62
57991 62
57992 62
57993 62
57994 62
57995 62
57996 62
58001 63
58002 63
58003 63
58004 63
58005 63
58006 63
58007 63
58008 63
58009 63
58010 63
58011 63
58012 63
58013 64
58015 63
58016 63
58020 64
58021 64
58022 64
58024 64
58025 64
58026 64
58027 64
58028 64
58030 64
58032 64
58034 64
58035 64
58036 64
58038 63
58040 63
58041 63
58044 63
58045 63
58046 63
58047 63
58048 63
58049 63
58100 63
58101 63
58102 63
58104 63
58107 63
58108 63
58109 63
58111 63
58113 63
58114 63
58116 63
58117 63
58118 63
58122 63
58125 63
58126 63
58127 63
58128 63
58129 63
58130 63
58131 63
58132 63
58135 63
58138 63
58139 63
58140 63
58141 63
58143 63
58144 63
58145 63
58146 63
58147 63
58148 63
58150 63
58151 63
58154 63
58158 63
58202 63
58203 63
58205 63
58207 64
58208 64
58210 63
58212 63
58214 64
58215 64
58220 64
58221 63
58222 63
58223 63
58224 64
58225 64
58230 64
58234 64
58235 64
58236 64
58237 64
58238 64
58239 64
58240 64
58241 64
58242 64
58243 63
58244 64
58245 64
58246 64
58247 64
58248 64
58249 64
58250 64
58251 63
58252 64
58254 64
58255 64
58257 64
58259 64
58264 63
58265 62
58266 62
58268 64
58269 62
58301 64
58305 64
58306 64
58311 64
58314 63
58316 64
58317 63
58319 63
58320 64
58321 64
58323 64
58326 64
58327 64
58329 64
58330 64
58331 64
58333 64
58334 64
58335 64
58336 64
58337 64
58338 64
58339 64
58340 64
58341 64
58342 64
58343 64
58344 64
58345 64
58346 64
58349 64
58351 64
58352 64
58353 64
58354 64
58356 64
58357 64
58358 64
58359 64
58360 63
58361 64
58362 63
58364 63
58365 64
58366 63
58367 63
58369 62
58374 62
58376 61
58377 64
58401 63
58402 63
58404 63
58407 63
58408 63
58409 63
58414 63
58415 63
58416 63
58417 63
58418 63
58419 63
58420 64
58421 64
58423 64
58424 63
58426 63
58427 64
58428 63
58429 64
58431 64
58432 64
58433 64
58435 63
58436 63
58437 63
58438 63
58441 64
58442 64
58443 64
58445 63
58446 64
58447 63
58448 63
58449 64
58450 64
58451 64
58452 64
58453 64
58454 64
58455 64
58456 64
58457 64
58458 64
58459 64
58460 64
58461 64
58462 64
58463 63
58464 64
58467 63
58468 63
58472 61
58473 61
58477 61
58484 61
58500 63
58501 63
58502 63
58503 63
58506 63
58507 63
58508 63
58509 63
58510 63
58512 63
58514 63
58517 63
58518 63
58519 63
58520 63
58523 63
58527 63
58529 63
58530 63
58531 63
58534 63
58537 63
58542 63
58543 63
58544 63
58546 63
58547 63
58548 63
58549 63
58550 63
58553 64
58555 63
58556 63
58557 63
58558 63
58559 62
58562 62
58563 62
58565 62
58566 62
58567 62
58568 62
58569 61
58570 61
58590 61
58600 63
58601 63
58602 63
58605 63
58606 63
58607 63
58608 63
58609 63
58611 63
58612 63
58614 63
58615 63
58616 63
58617 63
58618 63
58620 63
58622 63
58623 63
58624 63
58625 63
58626 63
58627 63
58629 63
58631 63
58632 63
58633 63
58634 63
58635 63
58637 63
58642 63
58643 63
58644 63
58646 62
58647 62
58652 62
58653 62
58654 62
58656 61
58657 62
58658 62
58659 62
58660 62
58664 62
58665 61
58666 61
58667 61
58693 63
58701 63
58704 63
58705 63
58706 63
58707 63
58710 63
58712 62
58712 63
58713 62
58714 63
58715 62
58718 62
58724 62
58725 62
58730 62
58731 62
58734 62
58735 62
58736 62
58737 62
58742 62
58744 62
58745 62
58746 62
58747 62
58748 62
58749 62
58750 62
58751 62
58752 62
58754 62
58760 61
58804 62
58806 62
58813 62
58814 62
58818 62
58819 62
58820 62
58821 62
58822 62
58823 62
58824 62
58826 62
58828 62
58834 62
58836 62
58837 62
58839 62
58843 62
58844 62
58845 62
58846 62
58847 62
58848 62
58849 61
58900 62
58903 62
58905 62
58906 62
58907 62
58911 62
58912 62
58917 62
58918 62
58921 62
58923 62
58926 62
58927 62
58928 62
58929 62
58931 62
58932 61
58933 62
58934 62
58935 62
58936 62
58938 62
58940 62
58941 62
58942 61
58944 61
58945 61
58946 62
58965 61
58968 61
58969 61
58974 61
59001 62
59004 62
59007 62
59012 62
59015 62
59017 62
59021 62
59022 62
59023 62
59025 62
59027 62
59031 62
59033 62
59034 62
59037 62
59038 62
59041 63
59044 63
59045 63
59046 63
59047 63
59051 63
59052 63
59053 63
59055 63
59057 63
59058 62
59059 62
59061 63
59063 63
59064 62
59065 62
59071 62
59072 62
59074 62
59075 62
59081 62
59082 62
59087 62
59088 62
59090 62
59091 62
59092 62
59093 62
59094 62
59096 62
59097 62
59099 62
59102 62
59106 62
59107 62
59109 62
59113 62
59114 62
59116 62
59117 62
59122 62
59124 62
59125 62
59126 62
59127 62
59129 61
59130 61
59131 61
59133 61
59134 62
59135 62
59137 61
59152 61
59153 61
59155 61
59158 61
59162 61
59205 62
59209 62
59211 62
59213 62
59215 62
59218 62
59224 62
59227 62
59228 62
59229 62
59230 62
59235 62
59237 62
59238 62
59241 63
59242 62
59246 62
59249 62
59252 62
59254 62
59255 62
59256 62
59262 62
59264 62
59265 62
59266 62
59268 63
59269 63
59270 62
59271 63
59276 63
59278 63
59279 63
59280 63
59282 63
59284 63
59285 63
59287 63
59288 63
59289 63
59290 62
59293 62
59294 63
59297 62
59298 62
59303 62
59304 62
59306 62
59310 62
59312 62
59313 62
59314 61
59315 62
59316 61
59317 62
59318 61
59319 62
59320 62
59321 61
59322 61
59324 61
59327 61
59328 61
59345 61
59348 61
59353 61
59354 61
59358 61
59359 61
59362 61
59368 61
59399 63
59413 62
59417 62
59419 62
59421 62
59425 62
59426 62
59427 62
59428 62
59429 62
59431 62
59435 62
59441 62
59446 62
59448 62
59449 62
59451 62
59452 62
59453 62
59454 62
59456 62
59457 62
59462 62
59469 62
59470 63
59471 63
59473 63
59475 62
59476 62
59477 62
59478 62
59480 63
59481 63
59485 63
59487 62
59488 62
59492 62
59493 62
59500 62
59501 61
59502 62
59505 61
59553 61
59554 61
59556 61
59559 61
59562 61
59567 61
59605 61
59620 62
59626 62
59631 62
59632 62
59635 62
59640 61
59644 61
59647 61
59653 62
59654 61
59655 61
59656 61
59658 61
59659 61
59663 62
59664 61
59673 61
59681 61
59750 61
59752 61
59754 61
59757 61
59758 61
59792 61
59838 61
59842 61
59843 61
59845 61
59847 61
59848 61
59849 61
59851 61
59853 61
59854 61
59855 61
59856 61
59940 61
59941 61
59945 61
59948 61
59951 61
59954 61
51747 61
52974 62
WEATHER_REGION: 0
FILLAREA: 0
NOTES_SYMBOL: 0
WithProp_LINESYMBOLS: 0
