diamond 14 /disk2/diamond/update/rr020908.024
2015 2 9 6 0
LINES: 0
LINES_SYMBOL: 3
38 2 302
    91.508    25.518     0.000    91.510    25.522     0.000    91.512    25.526     0.000    91.514    25.530     0.000
    91.515    25.534     0.000    91.517    25.539     0.000    91.519    25.543     0.000    91.521    25.547     0.000
    91.547    25.604     0.000    91.573    25.662     0.000    91.599    25.719     0.000    91.625    25.777     0.000
    91.651    25.834     0.000    91.678    25.892     0.000    91.704    25.949     0.000    91.821    26.195     0.000
    91.943    26.440     0.000    92.070    26.683     0.000    92.204    26.923     0.000    92.346    27.161     0.000
    92.497    27.396     0.000    92.658    27.628     0.000    92.887    27.926     0.000    93.136    28.213     0.000
    93.406    28.486     0.000    93.699    28.739     0.000    94.015    28.969     0.000    94.354    29.172     0.000
    94.718    29.343     0.000    94.920    29.419     0.000    95.127    29.484     0.000    95.338    29.537     0.000
    95.553    29.577     0.000    95.769    29.604     0.000    95.986    29.615     0.000    96.201    29.612     0.000
    96.509    29.578     0.000    96.810    29.513     0.000    97.104    29.419     0.000    97.389    29.299     0.000
    97.664    29.155     0.000    97.929    28.991     0.000    98.183    28.808     0.000    98.346    28.675     0.000
    98.501    28.536     0.000    98.643    28.392     0.000    98.771    28.241     0.000    98.880    28.087     0.000
    98.969    27.928     0.000    99.033    27.765     0.000    99.069    27.610     0.000    99.083    27.452     0.000
    99.079    27.289     0.000    99.058    27.120     0.000    99.023    26.945     0.000    98.977    26.763     0.000
    98.921    26.572     0.000    98.865    26.389     0.000    98.811    26.204     0.000    98.770    26.024     0.000
    98.748    25.854     0.000    98.756    25.702     0.000    98.802    25.573     0.000    98.894    25.473     0.000
    98.954    25.439     0.000    99.023    25.412     0.000    99.100    25.392     0.000    99.182    25.380     0.000
    99.268    25.374     0.000    99.354    25.374     0.000    99.440    25.381     0.000    99.575    25.406     0.000
    99.701    25.445     0.000    99.820    25.498     0.000    99.932    25.563     0.000   100.035    25.636     0.000
   100.131    25.718     0.000   100.219    25.806     0.000   100.348    25.960     0.000   100.461    26.124     0.000
   100.561    26.296     0.000   100.653    26.473     0.000   100.742    26.652     0.000   100.832    26.833     0.000
   100.928    27.012     0.000   100.983    27.106     0.000   101.042    27.198     0.000   101.105    27.287     0.000
   101.173    27.373     0.000   101.246    27.454     0.000   101.327    27.529     0.000   101.414    27.599     0.000
   101.505    27.658     0.000   101.602    27.710     0.000   101.705    27.755     0.000   101.812    27.790     0.000
   101.923    27.817     0.000   102.037    27.833     0.000   102.152    27.838     0.000   102.261    27.833     0.000
   102.368    27.817     0.000   102.474    27.792     0.000   102.574    27.758     0.000   102.669    27.713     0.000
   102.756    27.659     0.000   102.833    27.596     0.000   102.939    27.470     0.000   103.023    27.326     0.000
   103.092    27.173     0.000   103.156    27.019     0.000   103.221    26.871     0.000   103.298    26.738     0.000
   103.394    26.629     0.000   103.526    26.542     0.000   103.684    26.487     0.000   103.864    26.456     0.000
   104.060    26.445     0.000   104.266    26.447     0.000   104.477    26.458     0.000   104.688    26.472     0.000
   104.818    26.480     0.000   104.945    26.489     0.000   105.068    26.503     0.000   105.184    26.523     0.000
   105.294    26.553     0.000   105.396    26.594     0.000   105.489    26.650     0.000   105.574    26.724     0.000
   105.647    26.813     0.000   105.707    26.913     0.000   105.752    27.022     0.000   105.781    27.137     0.000
   105.793    27.253     0.000   105.785    27.368     0.000   105.750    27.500     0.000   105.690    27.623     0.000
   105.608    27.737     0.000   105.507    27.840     0.000   105.391    27.930     0.000   105.262    28.006     0.000
   105.126    28.065     0.000   104.844    28.134     0.000   104.550    28.153     0.000   104.250    28.139     0.000
   103.950    28.112     0.000   103.655    28.090     0.000   103.369    28.093     0.000   103.098    28.137     0.000
   102.879    28.222     0.000   102.675    28.346     0.000   102.489    28.504     0.000   102.323    28.689     0.000
   102.179    28.894     0.000   102.060    29.114     0.000   101.967    29.341     0.000   101.939    29.427     0.000
   101.917    29.513     0.000   101.900    29.599     0.000   101.891    29.684     0.000   101.889    29.768     0.000
   101.895    29.850     0.000   101.911    29.930     0.000   101.948    30.035     0.000   102.002    30.135     0.000
   102.068    30.232     0.000   102.146    30.326     0.000   102.232    30.416     0.000   102.324    30.504     0.000
   102.419    30.589     0.000   102.599    30.740     0.000   102.781    30.885     0.000   102.964    31.026     0.000
   103.146    31.166     0.000   103.327    31.307     0.000   103.507    31.452     0.000   103.683    31.604     0.000
   103.859    31.765     0.000   104.034    31.930     0.000   104.211    32.093     0.000   104.393    32.250     0.000
   104.582    32.393     0.000   104.782    32.518     0.000   104.994    32.618     0.000   105.290    32.706     0.000
   105.607    32.749     0.000   105.939    32.754     0.000   106.280    32.728     0.000   106.625    32.676     0.000
   106.970    32.607     0.000   107.309    32.525     0.000   107.664    32.431     0.000   108.009    32.331     0.000
   108.344    32.226     0.000   108.671    32.114     0.000   108.991    31.996     0.000   109.306    31.872     0.000
   109.617    31.741     0.000   109.912    31.609     0.000   110.204    31.470     0.000   110.492    31.324     0.000
   110.776    31.170     0.000   111.055    31.007     0.000   111.329    30.835     0.000   111.597    30.654     0.000
   111.780    30.521     0.000   111.956    30.383     0.000   112.124    30.239     0.000   112.280    30.089     0.000
   112.422    29.931     0.000   112.547    29.766     0.000   112.652    29.593     0.000   112.716    29.459     0.000
   112.771    29.321     0.000   112.821    29.180     0.000   112.868    29.037     0.000   112.916    28.894     0.000
   112.968    28.750     0.000   113.028    28.608     0.000   113.106    28.450     0.000   113.192    28.294     0.000
   113.278    28.140     0.000   113.358    27.986     0.000   113.426    27.833     0.000   113.476    27.681     0.000
   113.502    27.527     0.000   113.500    27.377     0.000   113.476    27.225     0.000   113.440    27.070     0.000
   113.399    26.912     0.000   113.362    26.750     0.000   113.336    26.583     0.000   113.329    26.410     0.000
   113.336    26.312     0.000   113.352    26.215     0.000   113.377    26.121     0.000   113.413    26.034     0.000
   113.460    25.956     0.000   113.518    25.889     0.000   113.589    25.837     0.000   113.664    25.804     0.000
   113.748    25.784     0.000   113.838    25.776     0.000   113.931    25.779     0.000   114.026    25.792     0.000
   114.120    25.814     0.000   114.210    25.844     0.000   114.351    25.909     0.000   114.479    25.990     0.000
   114.598    26.079     0.000   114.712    26.171     0.000   114.824    26.261     0.000   114.938    26.344     0.000
   115.059    26.412     0.000   115.233    26.476     0.000   115.421    26.512     0.000   115.620    26.526     0.000
   115.827    26.524     0.000   116.039    26.513     0.000   116.252    26.499     0.000   116.464    26.487     0.000
   116.714    26.484     0.000   116.959    26.493     0.000   117.200    26.512     0.000   117.437    26.541     0.000
   117.673    26.579     0.000   117.907    26.623     0.000   118.141    26.673     0.000   118.378    26.729     0.000
   118.614    26.791     0.000   118.848    26.860     0.000   119.079    26.938     0.000   119.306    27.025     0.000
   119.528    27.123     0.000   119.743    27.234     0.000   119.899    27.324     0.000   120.052    27.419     0.000
   120.204    27.515     0.000   120.358    27.608     0.000   120.514    27.696     0.000   120.674    27.775     0.000
   120.839    27.842     0.000   121.003    27.893     0.000   121.173    27.933     0.000   121.345    27.966     0.000
   121.520    27.995     0.000   121.696    28.023     0.000   121.871    28.054     0.000   122.043    28.091     0.000
   122.166    28.124     0.000   122.287    28.161     0.000   122.407    28.203     0.000   122.525    28.247     0.000
   122.641    28.295     0.000   122.756    28.346     0.000   122.870    28.399     0.000   122.886    28.406     0.000
   122.901    28.413     0.000   122.916    28.421     0.000   122.932    28.428     0.000   122.947    28.435     0.000
   122.962    28.443     0.000   122.977    28.450     0.000
NoLabel 0
0 4 22
    97.295    28.903         1    97.093    29.020     0.000    96.889    29.132     0.000    96.683    29.234     0.000
    96.473    29.323     0.000    96.259    29.394     0.000    96.041    29.442     0.000    95.816    29.463     0.000
    95.717    29.463     0.000    95.617    29.457     0.000    95.516    29.445     0.000    95.417    29.429     0.000
    95.318    29.407     0.000    95.220    29.382     0.000    95.125    29.352     0.000    94.970    29.293     0.000
    94.821    29.226     0.000    94.678    29.150     0.000    94.538    29.069     0.000    94.402    28.983     0.000
    94.267    28.893     0.000    94.135    28.803     0.000
NoLabel 0
0 4 40
   103.661    27.429         1   103.750    27.448     0.000   103.838    27.464     0.000   103.925    27.477     0.000
   104.009    27.482     0.000   104.090    27.480     0.000   104.167    27.466     0.000   104.240    27.439     0.000
   104.295    27.407     0.000   104.345    27.366     0.000   104.389    27.317     0.000   104.426    27.263     0.000
   104.454    27.203     0.000   104.472    27.141     0.000   104.480    27.076     0.000   104.478    27.026     0.000
   104.470    26.977     0.000   104.455    26.930     0.000   104.435    26.886     0.000   104.409    26.845     0.000
   104.377    26.810     0.000   104.341    26.781     0.000   104.282    26.750     0.000   104.215    26.732     0.000
   104.143    26.723     0.000   104.067    26.720     0.000   103.989    26.721     0.000   103.912    26.722     0.000
   103.836    26.721     0.000   103.825    26.720     0.000   103.814    26.720     0.000   103.803    26.719     0.000
   103.792    26.718     0.000   103.782    26.718     0.000   103.771    26.717     0.000   103.760    26.716     0.000
   103.685    26.710     0.000   103.612    26.704     0.000   103.539    26.698     0.000   103.468    26.692     0.000

NoLabel 0
SYMBOLS: 40
  23    87.652    48.734 0.0 0
  23    93.469    30.274 0.0 0
  26   105.124    26.439 0.0 0
  26    98.940    27.195 0.0 0
  26   121.518    24.582 0.0 0
  23    85.580    28.389 0.0 0
  41   120.605    25.342 0.0 4.064058
  41   117.406    20.879 0.0 3.589737
  36   114.731    44.058 0.0 -1.261095
  36   114.801    41.230 0.0 -0.628798
  36   120.288    47.069 0.0 -0.501013
  48    87.162    48.790 1 1
  23   133.608    47.133 0.0 0
  24   104.207    27.084 0.0 0
  26    95.325    29.288 0.0 0
  23    96.236    30.736 0.0 0
  48    95.244    29.953 1 4
  22    95.259    30.203 0.0 0
  22   134.207    47.758 0.0 0
  50    88.179    45.318 0.0 0
  50    83.082    39.075 0.0 0
  51    88.574    30.563 0.0 0
  51   101.474    30.842 0.0 0
  50   100.708    24.880 0.0 0
  50   102.313    40.387 0.0 0
  50   116.686    37.790 0.0 0
  50   117.310    44.889 0.0 0
  50   125.029    44.885 0.0 0
  50   117.341    31.982 0.0 0
  50   117.621    28.884 0.0 0
  50   109.222    36.174 0.0 0
  52   105.436    30.560 0.0 0
  51   109.444    23.626 0.0 0
  51   115.596    24.447 0.0 0
  51   109.710    18.887 0.0 0
  26   105.594    32.221 0.0 0
  48   134.141    48.125 1 4
  48    98.873    27.495 1 5
  48   104.842    26.163 1 3
  48    85.757    28.331 1 0.5
CLOSED_CONTOURS: 10
6 86
   137.559    49.212     0.000   137.202    49.292     0.000   136.840    49.370     0.000   136.471    49.444     0.000
   136.471    49.444     0.000   136.303    49.445     0.000   136.134    49.446     0.000   135.965    49.446     0.000
   135.794    49.445     0.000   135.622    49.441     0.000   135.449    49.436     0.000   135.274    49.428     0.000
   134.978    49.408     0.000   134.681    49.377     0.000   134.390    49.334     0.000   134.110    49.276     0.000
   133.848    49.202     0.000   133.608    49.110     0.000   133.397    48.996     0.000   133.211    48.855     0.000
   133.061    48.693     0.000   132.942    48.514     0.000   132.942    48.514     0.000   132.904    48.487     0.000
   132.867    48.460     0.000   132.830    48.432     0.000   132.794    48.404     0.000   132.759    48.376     0.000
   132.726    48.347     0.000   132.694    48.317     0.000   132.614    48.229     0.000   132.549    48.135     0.000
   132.497    48.037     0.000   132.458    47.935     0.000   132.431    47.830     0.000   132.416    47.725     0.000
   132.411    47.619     0.000   132.429    47.410     0.000   132.482    47.205     0.000   132.565    47.004     0.000
   132.675    46.809     0.000   132.807    46.621     0.000   132.959    46.440     0.000   133.126    46.267     0.000
   133.182    46.213     0.000   133.239    46.160     0.000   133.297    46.108     0.000   133.356    46.056     0.000
   133.415    46.005     0.000   133.474    45.954     0.000   133.534    45.903     0.000   133.656    45.821     0.000
   133.786    45.747     0.000   133.923    45.684     0.000   134.065    45.631     0.000   134.265    45.581     0.000
   134.475    45.550     0.000   134.692    45.537     0.000   134.915    45.537     0.000   135.144    45.547     0.000
   135.376    45.565     0.000   135.611    45.586     0.000   135.898    45.615     0.000   136.182    45.649     0.000
   136.458    45.691     0.000   136.723    45.743     0.000   136.972    45.809     0.000   137.202    45.893     0.000
   137.407    45.997     0.000   137.624    46.156     0.000   137.801    46.346     0.000   137.942    46.560     0.000
   138.051    46.791     0.000   138.131    47.034     0.000   138.184    47.283     0.000   138.215    47.530     0.000
   138.225    47.705     0.000   138.226    47.876     0.000   138.219    48.044     0.000   138.207    48.211     0.000
   138.190    48.375     0.000   138.170    48.539     0.000   138.148    48.702     0.000   138.013    48.855     0.000
   137.871    49.006     0.000   137.725    49.157     0.000
0 1
   137.559    49.212     0.000
2 76
   135.657    48.835     0.000   135.470    48.869     0.000   135.284    48.901     0.000   135.284    48.901     0.000
   135.210    48.905     0.000   135.135    48.908     0.000   135.060    48.910     0.000   134.986    48.911     0.000
   134.911    48.910     0.000   134.835    48.907     0.000   134.760    48.900     0.000   134.635    48.883     0.000
   134.512    48.857     0.000   134.393    48.823     0.000   134.281    48.782     0.000   134.179    48.734     0.000
   134.089    48.679     0.000   134.013    48.619     0.000   133.941    48.535     0.000   133.892    48.443     0.000
   133.861    48.345     0.000   133.844    48.242     0.000   133.836    48.135     0.000   133.833    48.024     0.000
   133.830    47.912     0.000   133.824    47.797     0.000   133.818    47.683     0.000   133.818    47.572     0.000
   133.828    47.465     0.000   133.854    47.365     0.000   133.900    47.273     0.000   133.971    47.192     0.000
   134.036    47.143     0.000   134.113    47.099     0.000   134.200    47.060     0.000   134.294    47.024     0.000
   134.393    46.993     0.000   134.496    46.964     0.000   134.599    46.938     0.000   134.693    46.917     0.000
   134.787    46.897     0.000   134.880    46.880     0.000   134.973    46.867     0.000   135.066    46.857     0.000
   135.160    46.851     0.000   135.255    46.850     0.000   135.376    46.855     0.000   135.498    46.868     0.000
   135.618    46.889     0.000   135.735    46.918     0.000   135.847    46.953     0.000   135.953    46.996     0.000
   136.049    47.045     0.000   136.159    47.117     0.000   136.254    47.199     0.000   136.334    47.289     0.000
   136.402    47.386     0.000   136.459    47.489     0.000   136.507    47.596     0.000   136.547    47.706     0.000
   136.576    47.804     0.000   136.598    47.902     0.000   136.611    47.999     0.000   136.612    48.093     0.000
   136.599    48.185     0.000   136.569    48.272     0.000   136.520    48.354     0.000   136.472    48.409     0.000
   136.414    48.461     0.000   136.348    48.511     0.000   136.276    48.558     0.000   136.199    48.604     0.000
   136.118    48.650     0.000   136.036    48.694     0.000   135.909    48.767     0.000   135.780    48.840     0.000

2.5 1
   135.657    48.835     0.000
6 202
   104.400    29.153     0.000   104.337    29.203     0.000   104.277    29.253     0.000   104.221    29.304     0.000
   104.173    29.356     0.000   104.134    29.410     0.000   104.106    29.465     0.000   104.093    29.523     0.000
   104.095    29.587     0.000   104.112    29.655     0.000   104.137    29.724     0.000   104.165    29.795     0.000
   104.191    29.866     0.000   104.208    29.937     0.000   104.212    30.009     0.000   104.204    30.057     0.000
   104.189    30.104     0.000   104.166    30.150     0.000   104.136    30.194     0.000   104.101    30.235     0.000
   104.061    30.272     0.000   104.017    30.306     0.000   103.981    30.328     0.000   103.944    30.348     0.000
   103.905    30.365     0.000   103.865    30.380     0.000   103.823    30.391     0.000   103.780    30.400     0.000
   103.736    30.405     0.000   103.681    30.408     0.000   103.626    30.406     0.000   103.572    30.399     0.000
   103.518    30.388     0.000   103.468    30.373     0.000   103.420    30.353     0.000   103.377    30.328     0.000
   103.327    30.287     0.000   103.285    30.239     0.000   103.250    30.185     0.000   103.220    30.127     0.000
   103.195    30.065     0.000   103.173    30.000     0.000   103.152    29.936     0.000   103.108    29.797     0.000
   103.066    29.661     0.000   103.029    29.527     0.000   103.001    29.395     0.000   102.985    29.263     0.000
   102.984    29.133     0.000   103.001    29.004     0.000   103.012    28.957     0.000   103.025    28.910     0.000
   103.041    28.863     0.000   103.058    28.816     0.000   103.076    28.769     0.000   103.096    28.722     0.000
   103.115    28.675     0.000   103.202    28.506     0.000   103.302    28.343     0.000   103.414    28.183     0.000
   103.534    28.026     0.000   103.607    27.934     0.000   103.680    27.843     0.000   103.752    27.752     0.000
   103.820    27.660     0.000   103.882    27.568     0.000   103.938    27.474     0.000   103.984    27.379     0.000
   104.049    27.161     0.000   104.075    26.935     0.000   104.075    26.702     0.000   104.063    26.462     0.000
   104.052    26.216     0.000   104.057    25.965     0.000   104.090    25.711     0.000   104.164    25.438     0.000
   104.265    25.166     0.000   104.372    24.900     0.000   104.465    24.644     0.000   104.523    24.403     0.000
   104.529    24.181     0.000   104.462    23.982     0.000   104.384    23.880     0.000   104.283    23.783     0.000
   104.164    23.691     0.000   104.035    23.600     0.000   103.901    23.507     0.000   103.901    23.507     0.000
   103.852    23.471     0.000   103.804    23.435     0.000   103.756    23.398     0.000   103.710    23.360     0.000
   103.666    23.321     0.000   103.624    23.280     0.000   103.585    23.237     0.000   103.549    23.191     0.000
   103.516    23.144     0.000   103.486    23.094     0.000   103.459    23.043     0.000   103.435    22.990     0.000
   103.413    22.936     0.000   103.394    22.881     0.000   103.368    22.793     0.000   103.349    22.703     0.000
   103.336    22.613     0.000   103.331    22.522     0.000   103.334    22.432     0.000   103.345    22.342     0.000
   103.366    22.254     0.000   103.417    22.117     0.000   103.490    21.986     0.000   103.582    21.866     0.000
   103.693    21.757     0.000   103.818    21.664     0.000   103.957    21.587     0.000   104.107    21.531     0.000
   104.223    21.505     0.000   104.341    21.490     0.000   104.460    21.488     0.000   104.576    21.498     0.000
   104.687    21.520     0.000   104.791    21.555     0.000   104.885    21.603     0.000   105.006    21.699     0.000
   105.102    21.819     0.000   105.179    21.959     0.000   105.239    22.114     0.000   105.287    22.279     0.000
   105.328    22.449     0.000   105.365    22.619     0.000   105.365    22.619     0.000   105.420    22.837     0.000
   105.477    23.056     0.000   105.534    23.275     0.000   105.594    23.493     0.000   105.656    23.712     0.000
   105.721    23.931     0.000   105.789    24.150     0.000   105.845    24.317     0.000   105.904    24.485     0.000
   105.966    24.651     0.000   106.034    24.815     0.000   106.108    24.976     0.000   106.189    25.135     0.000
   106.277    25.290     0.000   106.420    25.507     0.000   106.579    25.715     0.000   106.755    25.914     0.000
   106.945    26.104     0.000   107.149    26.285     0.000   107.365    26.457     0.000   107.593    26.620     0.000
   107.779    26.742     0.000   107.967    26.863     0.000   108.151    26.987     0.000   108.326    27.116     0.000
   108.488    27.257     0.000   108.631    27.412     0.000   108.752    27.586     0.000   108.822    27.727     0.000
   108.875    27.876     0.000   108.909    28.030     0.000   108.922    28.186     0.000   108.912    28.339     0.000
   108.878    28.485     0.000   108.816    28.622     0.000   108.738    28.731     0.000   108.641    28.830     0.000
   108.528    28.918     0.000   108.401    28.995     0.000   108.264    29.061     0.000   108.120    29.117     0.000
   107.973    29.163     0.000   107.825    29.198     0.000   107.677    29.223     0.000   107.529    29.238     0.000
   107.380    29.244     0.000   107.232    29.241     0.000   107.084    29.229     0.000   106.936    29.207     0.000
   106.737    29.165     0.000   106.539    29.114     0.000   106.343    29.060     0.000   106.147    29.010     0.000
   105.953    28.969     0.000   105.759    28.946     0.000   105.566    28.946     0.000   105.459    28.957     0.000
   105.352    28.977     0.000   105.246    29.001     0.000   105.139    29.031     0.000   105.032    29.062     0.000
   104.926    29.095     0.000   104.819    29.126     0.000   104.772    29.139     0.000   104.725    29.152     0.000
   104.678    29.165     0.000   104.631    29.177     0.000   104.584    29.189     0.000   104.537    29.201     0.000
   104.490    29.213     0.000   104.461    29.222     0.000
0 1
   104.400    29.153     0.000
6 103
    83.225    49.761     0.000    83.123    49.673     0.000    83.022    49.585     0.000    82.923    49.496     0.000
    82.826    49.406     0.000    82.733    49.314     0.000    82.644    49.222     0.000    82.559    49.127     0.000
    82.464    49.009     0.000    82.378    48.888     0.000    82.304    48.763     0.000    82.243    48.634     0.000
    82.196    48.502     0.000    82.164    48.366     0.000    82.150    48.225     0.000    82.161    48.023     0.000
    82.207    47.819     0.000    82.286    47.620     0.000    82.399    47.434     0.000    82.544    47.267     0.000
    82.721    47.127     0.000    82.929    47.021     0.000    83.074    46.973     0.000    83.230    46.940     0.000
    83.395    46.918     0.000    83.567    46.904     0.000    83.746    46.898     0.000    83.929    46.897     0.000
    84.115    46.898     0.000    84.280    46.901     0.000    84.444    46.905     0.000    84.604    46.914     0.000
    84.758    46.930     0.000    84.903    46.954     0.000    85.036    46.989     0.000    85.156    47.036     0.000
    85.256    47.095     0.000    85.344    47.166     0.000    85.421    47.246     0.000    85.491    47.335     0.000
    85.554    47.430     0.000    85.615    47.530     0.000    85.673    47.633     0.000    85.744    47.756     0.000
    85.819    47.877     0.000    85.900    47.991     0.000    85.990    48.097     0.000    86.091    48.189     0.000
    86.206    48.264     0.000    86.338    48.318     0.000    86.475    48.348     0.000    86.625    48.360     0.000
    86.784    48.359     0.000    86.951    48.349     0.000    87.121    48.332     0.000    87.292    48.313     0.000
    87.462    48.296     0.000    87.606    48.284     0.000    87.747    48.277     0.000    87.886    48.276     0.000
    88.023    48.280     0.000    88.160    48.291     0.000    88.297    48.310     0.000    88.436    48.338     0.000
    88.517    48.358     0.000    88.598    48.382     0.000    88.675    48.408     0.000    88.747    48.439     0.000
    88.813    48.472     0.000    88.869    48.510     0.000    88.915    48.550     0.000    88.964    48.626     0.000
    88.983    48.711     0.000    88.976    48.802     0.000    88.947    48.896     0.000    88.903    48.994     0.000
    88.847    49.091     0.000    88.785    49.186     0.000    88.713    49.287     0.000    88.639    49.383     0.000
    88.560    49.474     0.000    88.475    49.559     0.000    88.384    49.637     0.000    88.284    49.709     0.000
    88.175    49.775     0.000    88.046    49.837     0.000    87.907    49.893     0.000    87.759    49.942     0.000
    87.604    49.987     0.000    87.443    50.028     0.000    87.278    50.067     0.000    87.112    50.104     0.000
    86.852    50.138     0.000    86.585    50.160     0.000    86.315    50.171     0.000    86.044    50.175     0.000
    85.642    50.169     0.000    85.245    50.152     0.000    84.854    50.126     0.000    84.467    50.092     0.000
    84.084    50.052     0.000    83.703    50.007     0.000    83.323    49.960     0.000
0 1
    83.323    49.960     0.000
6 94
   122.319    25.532     0.000   122.258    25.532     0.000   122.198    25.532     0.000   122.137    25.530     0.000
   122.077    25.527     0.000   122.016    25.522     0.000   121.957    25.514     0.000   121.898    25.503     0.000
   121.839    25.488     0.000   121.782    25.470     0.000   121.726    25.448     0.000   121.672    25.422     0.000
   121.621    25.394     0.000   121.571    25.362     0.000   121.525    25.327     0.000   121.456    25.264     0.000
   121.395    25.193     0.000   121.342    25.117     0.000   121.296    25.036     0.000   121.256    24.951     0.000
   121.222    24.865     0.000   121.192    24.776     0.000   121.152    24.633     0.000   121.119    24.489     0.000
   121.091    24.345     0.000   121.067    24.202     0.000   121.042    24.060     0.000   121.016    23.919     0.000
   120.985    23.779     0.000   120.924    23.557     0.000   120.849    23.338     0.000   120.767    23.121     0.000
   120.680    22.904     0.000   120.595    22.685     0.000   120.515    22.463     0.000   120.444    22.237     0.000
   120.416    22.128     0.000   120.392    22.019     0.000   120.376    21.910     0.000   120.369    21.800     0.000
   120.373    21.692     0.000   120.390    21.585     0.000   120.422    21.479     0.000   120.456    21.403     0.000
   120.499    21.329     0.000   120.550    21.259     0.000   120.609    21.196     0.000   120.674    21.141     0.000
   120.746    21.096     0.000   120.823    21.061     0.000   120.926    21.036     0.000   121.035    21.029     0.000
   121.146    21.039     0.000   121.257    21.065     0.000   121.365    21.103     0.000   121.467    21.152     0.000
   121.562    21.211     0.000   121.685    21.315     0.000   121.787    21.432     0.000   121.873    21.562     0.000
   121.946    21.700     0.000   122.010    21.845     0.000   122.070    21.993     0.000   122.128    22.142     0.000
   122.214    22.345     0.000   122.303    22.545     0.000   122.394    22.743     0.000   122.485    22.939     0.000
   122.573    23.134     0.000   122.657    23.328     0.000   122.733    23.524     0.000   122.787    23.679     0.000
   122.835    23.836     0.000   122.879    23.995     0.000   122.918    24.158     0.000   122.954    24.325     0.000
   122.986    24.497     0.000   123.015    24.675     0.000   123.027    24.753     0.000   123.036    24.832     0.000
   123.040    24.909     0.000   123.038    24.984     0.000   123.027    25.055     0.000   123.005    25.122     0.000
   122.971    25.183     0.000   122.948    25.211     0.000   122.922    25.237     0.000   122.893    25.263     0.000
   122.862    25.287     0.000   122.830    25.310     0.000   122.796    25.333     0.000   122.762    25.356     0.000
   122.626    25.437     0.000   122.485    25.516     0.000
0 1
   122.485    25.516     0.000
6 128
    95.174    32.443     0.000    94.973    32.473     0.000    94.772    32.504     0.000    94.570    32.534     0.000
    94.367    32.565     0.000    94.162    32.595     0.000    93.957    32.627     0.000    93.749    32.659     0.000
    93.386    32.716     0.000    93.020    32.766     0.000    92.653    32.798     0.000    92.289    32.801     0.000
    91.931    32.766     0.000    91.583    32.682     0.000    91.248    32.539     0.000    91.177    32.498     0.000
    91.108    32.454     0.000    91.045    32.407     0.000    90.988    32.357     0.000    90.940    32.304     0.000
    90.904    32.248     0.000    90.880    32.189     0.000    90.872    32.134     0.000    90.874    32.076     0.000
    90.884    32.017     0.000    90.902    31.957     0.000    90.925    31.897     0.000    90.952    31.835     0.000
    90.980    31.773     0.000    91.054    31.638     0.000    91.143    31.513     0.000    91.244    31.395     0.000
    91.352    31.281     0.000    91.463    31.170     0.000    91.574    31.057     0.000    91.743    30.873     0.000
    91.903    30.683     0.000    92.060    30.491     0.000    92.215    30.300     0.000    92.374    30.112     0.000
    92.539    29.931     0.000    92.715    29.757     0.000    92.791    29.689     0.000    92.870    29.622     0.000
    92.950    29.557     0.000    93.031    29.493     0.000    93.113    29.429     0.000    93.196    29.366     0.000
    93.280    29.303     0.000    93.441    29.232     0.000    93.611    29.172     0.000    93.786    29.122     0.000
    93.964    29.082     0.000    94.137    29.052     0.000    94.310    29.032     0.000    94.483    29.021     0.000
    94.654    29.022     0.000    94.824    29.035     0.000    94.992    29.061     0.000    95.157    29.100     0.000
    95.282    29.140     0.000    95.406    29.184     0.000    95.530    29.229     0.000    95.654    29.271     0.000
    95.779    29.305     0.000    95.905    29.329     0.000    96.033    29.337     0.000    96.059    29.336     0.000
    96.086    29.335     0.000    96.112    29.333     0.000    96.139    29.331     0.000    96.166    29.328     0.000
    96.192    29.325     0.000    96.219    29.322     0.000    96.321    29.315     0.000    96.422    29.307     0.000
    96.524    29.300     0.000    96.763    29.283     0.000    97.003    29.271     0.000    97.242    29.267     0.000
    97.481    29.275     0.000    97.721    29.297     0.000    97.960    29.337     0.000    98.199    29.400     0.000
    98.343    29.449     0.000    98.343    29.449     0.000    98.428    29.476     0.000    98.512    29.503     0.000
    98.595    29.532     0.000    98.675    29.563     0.000    98.752    29.596     0.000    98.826    29.634     0.000
    98.895    29.676     0.000    98.994    29.754     0.000    99.081    29.844     0.000    99.156    29.945     0.000
    99.220    30.056     0.000    99.275    30.174     0.000    99.320    30.299     0.000    99.357    30.428     0.000
    99.392    30.594     0.000    99.412    30.761     0.000    99.417    30.926     0.000    99.401    31.085     0.000
    99.363    31.233     0.000    99.300    31.367     0.000    99.209    31.483     0.000    99.109    31.564     0.000
    98.991    31.632     0.000    98.859    31.689     0.000    98.715    31.737     0.000    98.565    31.780     0.000
    98.410    31.821     0.000    98.256    31.860     0.000    98.004    31.931     0.000    97.760    32.005     0.000
    97.521    32.079     0.000    97.284    32.150     0.000    97.048    32.214     0.000    96.811    32.268     0.000
    96.569    32.308     0.000    96.411    32.325     0.000    96.251    32.336     0.000    96.088    32.342     0.000
    95.925    32.343     0.000    95.760    32.342     0.000    95.595    32.338     0.000    95.429    32.332     0.000

0 1
    95.174    32.443     0.000
6 88
    98.303    28.283     0.000    98.395    28.241     0.000    98.486    28.199     0.000    98.486    28.199     0.000
    98.569    28.145     0.000    98.650    28.090     0.000    98.730    28.034     0.000    98.807    27.975     0.000
    98.879    27.915     0.000    98.947    27.851     0.000    99.009    27.783     0.000    99.088    27.677     0.000
    99.153    27.562     0.000    99.206    27.441     0.000    99.247    27.314     0.000    99.278    27.183     0.000
    99.300    27.048     0.000    99.314    26.912     0.000    99.322    26.734     0.000    99.316    26.556     0.000
    99.296    26.382     0.000    99.260    26.212     0.000    99.205    26.050     0.000    99.131    25.897     0.000
    99.036    25.755     0.000    98.998    25.709     0.000    98.957    25.665     0.000    98.913    25.622     0.000
    98.867    25.582     0.000    98.818    25.544     0.000    98.766    25.508     0.000    98.711    25.474     0.000
    98.579    25.410     0.000    98.438    25.360     0.000    98.290    25.327     0.000    98.140    25.312     0.000
    97.993    25.318     0.000    97.853    25.346     0.000    97.722    25.399     0.000    97.666    25.433     0.000
    97.613    25.473     0.000    97.565    25.517     0.000    97.521    25.565     0.000    97.483    25.617     0.000
    97.451    25.672     0.000    97.425    25.729     0.000    97.405    25.790     0.000    97.393    25.852     0.000
    97.387    25.916     0.000    97.388    25.980     0.000    97.393    26.045     0.000    97.404    26.109     0.000
    97.420    26.173     0.000    97.444    26.251     0.000    97.471    26.328     0.000    97.500    26.404     0.000
    97.526    26.480     0.000    97.549    26.555     0.000    97.564    26.631     0.000    97.570    26.706     0.000
    97.568    26.760     0.000    97.560    26.813     0.000    97.548    26.866     0.000    97.533    26.920     0.000
    97.515    26.974     0.000    97.496    27.028     0.000    97.476    27.082     0.000    97.431    27.169     0.000
    97.394    27.260     0.000    97.366    27.353     0.000    97.347    27.448     0.000    97.338    27.545     0.000
    97.339    27.642     0.000    97.351    27.740     0.000    97.367    27.812     0.000    97.389    27.883     0.000
    97.418    27.951     0.000    97.453    28.016     0.000    97.494    28.077     0.000    97.542    28.132     0.000
    97.596    28.180     0.000    97.665    28.226     0.000    97.742    28.264     0.000    97.824    28.294     0.000
    97.911    28.318     0.000    98.001    28.338     0.000    98.094    28.355     0.000    98.188    28.371     0.000

0 1
    98.303    28.283     0.000
6 87
    85.419    29.141     0.000    85.382    29.180     0.000    85.344    29.219     0.000    85.306    29.257     0.000
    85.268    29.295     0.000    85.229    29.332     0.000    85.189    29.368     0.000    85.149    29.404     0.000
    84.924    29.572     0.000    84.679    29.716     0.000    84.417    29.841     0.000    84.141    29.953     0.000
    83.856    30.058     0.000    83.566    30.161     0.000    83.273    30.267     0.000    82.998    30.373     0.000
    82.722    30.479     0.000    82.445    30.576     0.000    82.166    30.654     0.000    81.884    30.704     0.000
    81.599    30.718     0.000    81.310    30.686     0.000    81.195    30.660     0.000    81.082    30.624     0.000
    80.974    30.580     0.000    80.872    30.528     0.000    80.780    30.468     0.000    80.699    30.399     0.000
    80.633    30.322     0.000    80.562    30.188     0.000    80.527    30.040     0.000    80.524    29.883     0.000
    80.549    29.722     0.000    80.599    29.561     0.000    80.669    29.407     0.000    80.756    29.263     0.000
    80.997    28.993     0.000    81.292    28.787     0.000    81.630    28.629     0.000    81.998    28.507     0.000
    82.385    28.405     0.000    82.780    28.309     0.000    83.171    28.205     0.000    83.538    28.087     0.000
    83.893    27.958     0.000    84.240    27.828     0.000    84.583    27.707     0.000    84.926    27.603     0.000
    85.273    27.527     0.000    85.629    27.487     0.000    85.698    27.484     0.000    85.766    27.483     0.000
    85.836    27.482     0.000    85.905    27.483     0.000    85.975    27.484     0.000    86.045    27.486     0.000
    86.115    27.488     0.000    86.173    27.507     0.000    86.228    27.531     0.000    86.293    27.567     0.000
    86.352    27.611     0.000    86.405    27.661     0.000    86.452    27.717     0.000    86.492    27.777     0.000
    86.523    27.840     0.000    86.544    27.905     0.000    86.558    27.984     0.000    86.558    28.065     0.000
    86.547    28.145     0.000    86.526    28.224     0.000    86.495    28.302     0.000    86.456    28.377     0.000
    86.411    28.448     0.000    86.354    28.520     0.000    86.292    28.588     0.000    86.225    28.652     0.000
    86.153    28.712     0.000    86.079    28.770     0.000    86.003    28.827     0.000    85.926    28.882     0.000
    85.871    28.891     0.000    85.816    28.897     0.000    85.761    28.900     0.000    85.705    28.901     0.000
    85.649    28.901     0.000    85.593    28.900     0.000    85.537    28.898     0.000
0 1
    85.419    29.141     0.000
2 62
    95.406    30.526     0.000    95.464    30.513     0.000    95.521    30.499     0.000    95.578    30.484     0.000
    95.633    30.466     0.000    95.633    30.466     0.000    95.670    30.446     0.000    95.706    30.425     0.000
    95.742    30.404     0.000    95.777    30.381     0.000    95.812    30.357     0.000    95.844    30.330     0.000
    95.876    30.300     0.000    95.917    30.253     0.000    95.954    30.201     0.000    95.984    30.145     0.000
    96.005    30.089     0.000    96.016    30.034     0.000    96.016    29.981     0.000    96.002    29.932     0.000
    95.979    29.893     0.000    95.947    29.858     0.000    95.907    29.827     0.000    95.862    29.796     0.000
    95.813    29.767     0.000    95.764    29.738     0.000    95.715    29.708     0.000    95.658    29.669     0.000
    95.604    29.630     0.000    95.551    29.591     0.000    95.498    29.554     0.000    95.444    29.521     0.000
    95.388    29.494     0.000    95.328    29.475     0.000    95.230    29.461     0.000    95.125    29.466     0.000
    95.019    29.488     0.000    94.915    29.524     0.000    94.820    29.575     0.000    94.737    29.637     0.000
    94.671    29.709     0.000    94.631    29.781     0.000    94.607    29.858     0.000    94.598    29.939     0.000
    94.604    30.022     0.000    94.622    30.105     0.000    94.653    30.187     0.000    94.693    30.267     0.000
    94.726    30.318     0.000    94.763    30.367     0.000    94.804    30.411     0.000    94.849    30.452     0.000
    94.898    30.486     0.000    94.950    30.515     0.000    95.005    30.536     0.000    95.050    30.547     0.000
    95.096    30.554     0.000    95.143    30.557     0.000    95.191    30.558     0.000    95.240    30.558     0.000
    95.290    30.555     0.000    95.339    30.552     0.000
2.5 1
    95.406    30.526     0.000
4 69
   105.492    33.108     0.000   105.492    33.108     0.000   105.581    33.115     0.000   105.670    33.121     0.000
   105.670    33.121     0.000   105.789    33.118     0.000   105.908    33.112     0.000   106.026    33.103     0.000
   106.141    33.088     0.000   106.255    33.066     0.000   106.365    33.035     0.000   106.471    32.993     0.000
   106.599    32.921     0.000   106.716    32.833     0.000   106.819    32.730     0.000   106.904    32.616     0.000
   106.967    32.496     0.000   107.005    32.371     0.000   107.015    32.247     0.000   107.003    32.155     0.000
   106.976    32.066     0.000   106.935    31.979     0.000   106.884    31.894     0.000   106.824    31.812     0.000
   106.757    31.733     0.000   106.686    31.658     0.000   106.617    31.590     0.000   106.546    31.526     0.000
   106.472    31.465     0.000   106.394    31.409     0.000   106.313    31.356     0.000   106.228    31.309     0.000
   106.137    31.267     0.000   106.052    31.233     0.000   105.963    31.205     0.000   105.873    31.184     0.000
   105.780    31.170     0.000   105.688    31.165     0.000   105.596    31.170     0.000   105.505    31.187     0.000
   105.412    31.217     0.000   105.323    31.259     0.000   105.240    31.312     0.000   105.166    31.373     0.000
   105.102    31.441     0.000   105.050    31.514     0.000   105.012    31.591     0.000   104.984    31.699     0.000
   104.980    31.810     0.000   104.995    31.924     0.000   105.022    32.040     0.000   105.056    32.157     0.000
   105.090    32.277     0.000   105.119    32.398     0.000   105.133    32.486     0.000   105.145    32.573     0.000
   105.158    32.660     0.000   105.174    32.744     0.000   105.198    32.824     0.000   105.232    32.900     0.000
   105.280    32.971     0.000   105.292    32.984     0.000   105.304    32.997     0.000   105.316    33.010     0.000
   105.329    33.023     0.000   105.342    33.035     0.000   105.356    33.048     0.000   105.369    33.060     0.000
   105.414    33.082     0.000
0 1
   105.492    33.108     0.000
STATION_SITUATION
50778 0
50779 2
50892 0
51057 0
55294 0
55299 0
55437 0
55655 0
56106 0
56109 0
56116 0
56125 0
56128 0
56137 0
56144 0
56147 0
56202 0
56223 0
56227 2
56228 0
56247 0
56281 0
56297 0
56312 0
56317 0
56331 0
56342 0
56380 0
56381 0
56382 0
56383 0
56384 0
56385 0
56386 0
56387 0
56389 0
56390 0
56391 0
56480 0
56483 0
56485 0
56489 0
56490 0
56491 0
56492 0
56493 0
56494 0
56495 0
56496 0
56497 0
56498 0
56499 0
56533 0
56548 0
56582 0
56592 0
56593 0
56594 0
56595 0
56596 0
56598 0
56641 0
56643 0
56691 0
56693 0
56697 0
56741 0
56790 0
56792 0
56793 0
56986 0
56989 0
56991 0
56992 0
56994 0
56995 0
56996 0
57204 0
57206 0
57208 0
57211 0
57216 0
57217 0
57303 0
57304 0
57306 0
57313 0
57314 0
57315 0
57509 0
57519 0
57600 0
57602 0
57603 0
57604 0
57605 0
57606 0
57608 0
57609 0
57612 0
57614 0
57622 0
57623 0
57625 0
57634 0
57636 0
57637 0
57707 0
57708 0
57710 0
57713 0
57714 0
57717 0
57718 0
57719 0
57720 0
57722 0
57723 0
57728 0
57729 0
57730 0
57731 0
57732 0
57734 0
57737 0
57800 0
57803 0
57805 0
57806 0
57807 0
57808 0
57809 0
57811 0
57813 0
57814 0
57816 0
57818 0
57822 0
57823 0
57824 0
57900 0
57902 0
57903 0
57905 0
57906 0
57907 0
57908 0
57909 0
57910 0
57911 0
57912 0
57913 0
57914 0
57915 0
58968 0
58969 0
59001 0
59004 0
59007 0
59162 0
59359 0
59362 0
59368 0
59556 0
59559 0
59562 0
59567 0
WEATHER_REGION: 0
FILLAREA: 0
NOTES_SYMBOL: 6
48 87.162 48.790 0 1 1 0 4 宋体 12 1 255 0 255 255
48 95.244 29.953 0 1 4 0 4 宋体 12 1 255 0 255 255
48 134.141 48.125 0 1 4 0 4 宋体 12 1 255 0 255 255
48 98.873 27.495 0 1 5 0 4 宋体 12 1 255 0 255 255
48 104.842 26.163 0 1 3 0 4 宋体 12 1 255 0 255 255
48 85.757 28.331 0 3 0.5 0 4 宋体 12 1 255 0 255 255
WithProp_LINESYMBOLS: 2
0 4 255 165 43 42 0 0
22
97.295 28.903 0.0
97.093 29.020 0.0
96.889 29.132 0.0
96.683 29.234 0.0
96.473 29.323 0.0
96.259 29.394 0.0
96.041 29.442 0.0
95.816 29.463 0.0
95.717 29.463 0.0
95.617 29.457 0.0
95.516 29.445 0.0
95.417 29.429 0.0
95.318 29.407 0.0
95.220 29.382 0.0
95.125 29.352 0.0
94.970 29.293 0.0
94.821 29.226 0.0
94.678 29.150 0.0
94.538 29.069 0.0
94.402 28.983 0.0
94.267 28.893 0.0
94.135 28.803 0.0
NoLabel 0
0 4 255 255 255 0 0 0
40
103.661 27.429 0.0
103.750 27.448 0.0
103.838 27.464 0.0
103.925 27.477 0.0
104.009 27.482 0.0
104.090 27.480 0.0
104.167 27.466 0.0
104.240 27.439 0.0
104.295 27.407 0.0
104.345 27.366 0.0
104.389 27.317 0.0
104.426 27.263 0.0
104.454 27.203 0.0
104.472 27.141 0.0
104.480 27.076 0.0
104.478 27.026 0.0
104.470 26.977 0.0
104.455 26.930 0.0
104.435 26.886 0.0
104.409 26.845 0.0
104.377 26.810 0.0
104.341 26.781 0.0
104.282 26.750 0.0
104.215 26.732 0.0
104.143 26.723 0.0
104.067 26.720 0.0
103.989 26.721 0.0
103.912 26.722 0.0
103.836 26.721 0.0
103.825 26.720 0.0
103.814 26.720 0.0
103.803 26.719 0.0
103.792 26.718 0.0
103.782 26.718 0.0
103.771 26.717 0.0
103.760 26.716 0.0
103.685 26.710 0.0
103.612 26.704 0.0
103.539 26.698 0.0
103.468 26.692 0.0
NoLabel 0
