diamond 14 /disk2/diamond/update/rr033108.024
2015 3 31 2 0
LINES: 0
LINES_SYMBOL: 4
0 4 57
   100.955    32.066         1   100.682    31.920     0.000   100.410    31.777     0.000   100.137    31.641     0.000
    99.863    31.515     0.000    99.586    31.402     0.000    99.306    31.306     0.000    99.021    31.232     0.000
    98.648    31.169     0.000    98.266    31.139     0.000    97.876    31.134     0.000    97.479    31.147     0.000
    97.076    31.170     0.000    96.669    31.197     0.000    96.258    31.221     0.000    95.899    31.232     0.000
    95.543    31.230     0.000    95.191    31.210     0.000    94.847    31.167     0.000    94.514    31.096     0.000
    94.197    30.993     0.000    93.897    30.852     0.000    93.664    30.707     0.000    93.440    30.545     0.000
    93.220    30.379     0.000    92.997    30.221     0.000    92.766    30.083     0.000    92.520    29.977     0.000
    92.254    29.914     0.000    92.090    29.901     0.000    91.920    29.900     0.000    91.749    29.905     0.000
    91.580    29.909     0.000    91.418    29.905     0.000    91.266    29.889     0.000    91.129    29.852     0.000
    90.975    29.767     0.000    90.849    29.644     0.000    90.745    29.490     0.000    90.658    29.313     0.000
    90.583    29.120     0.000    90.515    28.917     0.000    90.450    28.711     0.000    90.307    28.301     0.000
    90.149    27.913     0.000    89.971    27.551     0.000    89.770    27.219     0.000    89.541    26.920     0.000
    89.282    26.658     0.000    88.988    26.437     0.000    88.703    26.279     0.000    88.393    26.148     0.000
    88.062    26.041     0.000    87.715    25.951     0.000    87.356    25.873     0.000    86.988    25.804     0.000
    86.617    25.737     0.000
NoLabel 0
38 2 43
   109.950    43.399     0.000   110.086    43.006     0.000   110.230    42.621     0.000   110.390    42.251     0.000
   110.575    41.903     0.000   110.795    41.586     0.000   111.057    41.306     0.000   111.372    41.071     0.000
   111.714    40.898     0.000   112.099    40.763     0.000   112.519    40.662     0.000   112.965    40.588     0.000
   113.428    40.539     0.000   113.900    40.507     0.000   114.373    40.489     0.000   115.023    40.481     0.000
   115.658    40.493     0.000   116.279    40.528     0.000   116.889    40.588     0.000   117.490    40.674     0.000
   118.083    40.790     0.000   118.671    40.936     0.000   119.104    41.063     0.000   119.537    41.199     0.000
   119.972    41.334     0.000   120.410    41.459     0.000   120.852    41.564     0.000   121.300    41.640     0.000
   121.753    41.676     0.000   122.043    41.676     0.000   122.334    41.657     0.000   122.626    41.624     0.000
   122.916    41.576     0.000   123.204    41.517     0.000   123.489    41.448     0.000   123.770    41.371     0.000
   124.306    41.204     0.000   124.825    41.017     0.000   125.329    40.814     0.000   125.819    40.597     0.000
   126.299    40.371     0.000   126.771    40.136     0.000   127.236    39.897     0.000
NoLabel 0
38 2 43
    78.145    45.116     0.000    78.654    44.605     0.000    79.163    44.106     0.000    79.682    43.636     0.000
    80.222    43.210     0.000    80.793    42.841     0.000    81.406    42.546     0.000    82.073    42.337     0.000
    82.565    42.250     0.000    83.080    42.207     0.000    83.610    42.206     0.000    84.149    42.242     0.000
    84.688    42.313     0.000    85.219    42.416     0.000    85.735    42.550     0.000    86.104    42.666     0.000
    86.464    42.792     0.000    86.818    42.923     0.000    87.170    43.053     0.000    87.523    43.176     0.000
    87.879    43.286     0.000    88.244    43.379     0.000    88.705    43.463     0.000    89.180    43.514     0.000
    89.665    43.535     0.000    90.157    43.531     0.000    90.654    43.502     0.000    91.154    43.454     0.000
    91.654    43.389     0.000    92.059    43.327     0.000    92.461    43.262     0.000    92.860    43.202     0.000
    93.254    43.152     0.000    93.642    43.121     0.000    94.025    43.114     0.000    94.402    43.139     0.000
    94.705    43.185     0.000    95.004    43.253     0.000    95.301    43.339     0.000    95.597    43.440     0.000
    95.892    43.550     0.000    96.187    43.667     0.000    96.483    43.788     0.000
NoLabel 0
38 2 141
    86.041    25.451     0.000    86.147    25.476     0.000    86.254    25.501     0.000    86.360    25.526     0.000
    86.467    25.552     0.000    86.574    25.578     0.000    86.681    25.605     0.000    86.790    25.633     0.000
    87.390    25.806     0.000    87.990    26.016     0.000    88.574    26.267     0.000    89.122    26.565     0.000
    89.617    26.916     0.000    90.042    27.326     0.000    90.377    27.802     0.000    90.520    28.094     0.000
    90.642    28.400     0.000    90.757    28.708     0.000    90.876    29.010     0.000    91.014    29.296     0.000
    91.183    29.556     0.000    91.398    29.780     0.000    91.595    29.920     0.000    91.819    30.038     0.000
    92.062    30.141     0.000    92.319    30.232     0.000    92.582    30.317     0.000    92.846    30.402     0.000
    93.104    30.490     0.000    93.409    30.612     0.000    93.701    30.746     0.000    93.987    30.887     0.000
    94.274    31.031     0.000    94.569    31.174     0.000    94.878    31.312     0.000    95.208    31.441     0.000
    95.627    31.575     0.000    96.068    31.681     0.000    96.514    31.752     0.000    96.950    31.779     0.000
    97.357    31.757     0.000    97.719    31.676     0.000    98.020    31.531     0.000    98.241    31.327     0.000
    98.408    31.070     0.000    98.541    30.772     0.000    98.658    30.445     0.000    98.778    30.102     0.000
    98.920    29.754     0.000    99.103    29.414     0.000    99.195    29.277     0.000    99.297    29.148     0.000
    99.407    29.031     0.000    99.526    28.931     0.000    99.652    28.852     0.000    99.785    28.798     0.000
    99.924    28.774     0.000   100.060    28.782     0.000   100.198    28.816     0.000   100.335    28.874     0.000
   100.466    28.951     0.000   100.589    29.044     0.000   100.700    29.149     0.000   100.795    29.263     0.000
   100.955    29.567     0.000   101.027    29.892     0.000   101.043    30.230     0.000   101.034    30.570     0.000
   101.033    30.901     0.000   101.073    31.215     0.000   101.187    31.500     0.000   101.350    31.704     0.000
   101.563    31.892     0.000   101.807    32.069     0.000   102.061    32.244     0.000   102.304    32.426     0.000
   102.516    32.623     0.000   102.675    32.844     0.000   102.751    33.036     0.000   102.786    33.243     0.000
   102.782    33.458     0.000   102.741    33.675     0.000   102.666    33.888     0.000   102.561    34.090     0.000
   102.429    34.276     0.000   102.211    34.494     0.000   101.955    34.676     0.000   101.668    34.827     0.000
   101.358    34.953     0.000   101.030    35.061     0.000   100.693    35.155     0.000   100.353    35.241     0.000
   100.004    35.328     0.000    99.659    35.413     0.000    99.316    35.494     0.000    98.973    35.571     0.000
    98.631    35.641     0.000    98.288    35.705     0.000    97.942    35.760     0.000    97.178    35.849     0.000
    96.403    35.894     0.000    95.620    35.897     0.000    94.835    35.859     0.000    94.051    35.782     0.000
    93.272    35.669     0.000    92.502    35.520     0.000    91.856    35.369     0.000    91.217    35.203     0.000
    90.586    35.034     0.000    89.958    34.872     0.000    89.332    34.725     0.000    88.705    34.604     0.000
    88.074    34.520     0.000    87.461    34.479     0.000    86.841    34.476     0.000    86.217    34.506     0.000
    85.589    34.564     0.000    84.959    34.646     0.000    84.329    34.749     0.000    83.700    34.866     0.000
    83.118    34.984     0.000    82.537    35.103     0.000    81.957    35.213     0.000    81.378    35.305     0.000
    80.798    35.370     0.000    80.219    35.398     0.000    79.640    35.381     0.000    79.231    35.338     0.000
    78.823    35.270     0.000    78.419    35.181     0.000    78.020    35.073     0.000    77.627    34.949     0.000
    77.241    34.813     0.000    76.863    34.668     0.000    76.812    34.647     0.000    76.760    34.626     0.000
    76.709    34.606     0.000    76.657    34.585     0.000    76.606    34.564     0.000    76.555    34.542     0.000
    76.504    34.521     0.000
NoLabel 0
SYMBOLS: 17
  26    98.038    29.659 0.0 0
  26   111.011    38.611 0.0 0
  23    84.064    46.293 0.0 0
 211    95.670    40.320 0.0 0
  45    81.908    38.227 0.0 0
  33    93.696    43.545 0.0 -0.759771
  33    82.559    45.141 0.0 -1.119338
  33   103.351    41.273 0.0 2.939269
  36   114.960    43.203 0.0 3.250251
  33   121.726    37.298 0.0 4.268929
  41   120.009    38.761 0.0 4.559741
  33   122.377    39.813 0.0 4.143870
  48   116.067    33.650 1 30
  48   106.073    32.215 1 20
  48   106.561    34.834 1 12
  48   103.270    40.785 1 15
  48    88.492    48.279 1 8
CLOSED_CONTOURS: 15
4 341
   115.798    40.627     0.000   116.116    40.647     0.000   116.435    40.667     0.000   116.752    40.689     0.000
   117.070    40.713     0.000   117.386    40.742     0.000   117.701    40.775     0.000   118.015    40.815     0.000
   118.209    40.843     0.000   118.403    40.874     0.000   118.596    40.906     0.000   118.789    40.940     0.000
   118.982    40.975     0.000   119.175    41.011     0.000   119.369    41.047     0.000   119.883    41.214     0.000
   120.402    41.379     0.000   120.927    41.536     0.000   121.460    41.680     0.000   122.035    41.811     0.000
   122.620    41.925     0.000   123.209    42.025     0.000   123.801    42.115     0.000   124.391    42.201     0.000
   124.978    42.285     0.000   125.557    42.374     0.000   126.071    42.460     0.000   126.580    42.554     0.000
   127.090    42.658     0.000   127.605    42.773     0.000   128.128    42.899     0.000   128.664    43.039     0.000
   129.217    43.192     0.000   129.387    43.240     0.000   129.556    43.285     0.000   129.725    43.324     0.000
   129.891    43.351     0.000   130.052    43.363     0.000   130.208    43.357     0.000   130.355    43.327     0.000
   130.491    43.272     0.000   130.614    43.195     0.000   130.723    43.101     0.000   130.815    42.993     0.000
   130.886    42.875     0.000   130.935    42.753     0.000   130.959    42.629     0.000   130.953    42.485     0.000
   130.913    42.345     0.000   130.843    42.212     0.000   130.749    42.084     0.000   130.636    41.963     0.000
   130.508    41.849     0.000   130.370    41.742     0.000   129.830    41.417     0.000   129.239    41.172     0.000
   128.609    40.986     0.000   127.955    40.836     0.000   127.291    40.701     0.000   126.632    40.561     0.000
   125.996    40.393     0.000   125.388    40.181     0.000   124.814    39.927     0.000   124.269    39.639     0.000
   123.748    39.321     0.000   123.244    38.981     0.000   122.752    38.624     0.000   122.266    38.255     0.000
   121.994    38.045     0.000   121.728    37.831     0.000   121.475    37.612     0.000   121.241    37.386     0.000
   121.033    37.152     0.000   120.856    36.909     0.000   120.717    36.655     0.000   120.623    36.402     0.000
   120.623    36.402     0.000   120.630    36.130     0.000   120.639    35.858     0.000   120.652    35.586     0.000
   120.671    35.313     0.000   120.671    35.313     0.000   120.671    35.313     0.000   120.779    35.032     0.000
   120.884    34.748     0.000   120.985    34.461     0.000   121.082    34.170     0.000   121.173    33.871     0.000
   121.257    33.564     0.000   121.333    33.247     0.000   121.378    33.027     0.000   121.412    32.804     0.000
   121.429    32.585     0.000   121.422    32.371     0.000   121.386    32.169     0.000   121.313    31.980     0.000
   121.198    31.810     0.000   121.121    31.730     0.000   121.032    31.656     0.000   120.935    31.589     0.000
   120.829    31.528     0.000   120.718    31.473     0.000   120.603    31.426     0.000   120.486    31.386     0.000
   120.054    31.298     0.000   119.616    31.289     0.000   119.171    31.339     0.000   118.721    31.428     0.000
   118.267    31.536     0.000   117.810    31.643     0.000   117.351    31.730     0.000   116.939    31.778     0.000
   116.528    31.795     0.000   116.119    31.785     0.000   115.713    31.748     0.000   115.308    31.689     0.000
   114.907    31.609     0.000   114.507    31.511     0.000   114.143    31.406     0.000   113.784    31.286     0.000
   113.436    31.152     0.000   113.100    31.003     0.000   112.782    30.837     0.000   112.484    30.656     0.000
   112.211    30.457     0.000   112.006    30.281     0.000   111.815    30.094     0.000   111.633    29.898     0.000
   111.453    29.694     0.000   111.272    29.482     0.000   111.084    29.264     0.000   110.884    29.040     0.000
   110.819    28.971     0.000   110.753    28.903     0.000   110.684    28.841     0.000   110.613    28.786     0.000
   110.539    28.741     0.000   110.463    28.709     0.000   110.383    28.693     0.000   110.310    28.693     0.000
   110.236    28.704     0.000   110.161    28.727     0.000   110.085    28.757     0.000   110.011    28.795     0.000
   109.938    28.838     0.000   109.869    28.883     0.000   109.721    28.997     0.000   109.591    29.118     0.000
   109.477    29.247     0.000   109.377    29.383     0.000   109.290    29.526     0.000   109.212    29.676     0.000
   109.143    29.832     0.000   109.088    29.969     0.000   109.034    30.107     0.000   108.976    30.242     0.000
   108.910    30.372     0.000   108.831    30.492     0.000   108.736    30.601     0.000   108.620    30.694     0.000
   108.542    30.739     0.000   108.457    30.778     0.000   108.366    30.809     0.000   108.272    30.831     0.000
   108.176    30.845     0.000   108.080    30.850     0.000   107.985    30.844     0.000   107.912    30.833     0.000
   107.842    30.816     0.000   107.772    30.795     0.000   107.772    30.795     0.000   107.701    30.745     0.000
   107.630    30.696     0.000   107.558    30.650     0.000   107.485    30.607     0.000   107.410    30.570     0.000
   107.333    30.539     0.000   107.254    30.516     0.000   107.167    30.501     0.000   107.078    30.494     0.000
   106.986    30.495     0.000   106.892    30.501     0.000   106.797    30.511     0.000   106.702    30.524     0.000
   106.607    30.539     0.000   106.495    30.555     0.000   106.385    30.569     0.000   106.275    30.581     0.000
   106.166    30.588     0.000   106.059    30.590     0.000   105.952    30.586     0.000   105.847    30.574     0.000
   105.774    30.561     0.000   105.703    30.543     0.000   105.632    30.523     0.000   105.561    30.499     0.000
   105.492    30.472     0.000   105.423    30.442     0.000   105.355    30.410     0.000   105.235    30.349     0.000
   105.119    30.281     0.000   105.009    30.208     0.000   104.907    30.129     0.000   104.814    30.044     0.000
   104.733    29.954     0.000   104.666    29.857     0.000   104.590    29.703     0.000   104.539    29.540     0.000
   104.502    29.370     0.000   104.468    29.196     0.000   104.428    29.022     0.000   104.372    28.850     0.000
   104.289    28.682     0.000   104.264    28.641     0.000   104.236    28.602     0.000   104.206    28.564     0.000
   104.174    28.529     0.000   104.141    28.498     0.000   104.105    28.471     0.000   104.068    28.448     0.000
   103.955    28.414     0.000   103.832    28.419     0.000   103.702    28.457     0.000   103.568    28.520     0.000
   103.432    28.602     0.000   103.297    28.696     0.000   103.165    28.795     0.000   102.997    28.929     0.000
   102.843    29.062     0.000   102.706    29.194     0.000   102.589    29.329     0.000   102.493    29.466     0.000
   102.422    29.607     0.000   102.378    29.755     0.000   102.363    29.904     0.000   102.371    30.058     0.000
   102.399    30.217     0.000   102.444    30.381     0.000   102.500    30.547     0.000   102.566    30.715     0.000
   102.635    30.884     0.000   102.756    31.078     0.000   102.894    31.262     0.000   103.030    31.417     0.000
   103.174    31.564     0.000   103.321    31.706     0.000   103.471    31.846     0.000   103.618    31.988     0.000
   103.762    32.135     0.000   103.898    32.290     0.000   104.046    32.487     0.000   104.176    32.697     0.000
   104.284    32.916     0.000   104.365    33.141     0.000   104.415    33.369     0.000   104.429    33.596     0.000
   104.403    33.819     0.000   104.355    33.980     0.000   104.287    34.136     0.000   104.200    34.289     0.000
   104.099    34.438     0.000   104.099    34.438     0.000   103.906    34.638     0.000   103.714    34.838     0.000
   103.522    35.039     0.000   103.331    35.242     0.000   103.142    35.447     0.000   102.956    35.656     0.000
   102.773    35.869     0.000   102.611    36.067     0.000   102.456    36.270     0.000   102.313    36.478     0.000
   102.186    36.691     0.000   102.078    36.911     0.000   101.995    37.138     0.000   101.939    37.373     0.000
   101.916    37.583     0.000   101.907    37.796     0.000   101.905    38.009     0.000   101.900    38.219     0.000
   101.883    38.423     0.000   101.844    38.617     0.000   101.774    38.799     0.000   101.650    38.986     0.000
   101.650    38.986     0.000   101.440    39.128     0.000   101.229    39.272     0.000   101.018    39.420     0.000
   100.810    39.573     0.000   100.603    39.734     0.000   100.400    39.904     0.000   100.200    40.086     0.000
   100.008    40.278     0.000    99.830    40.481     0.000    99.674    40.690     0.000    99.551    40.904     0.000
    99.470    41.119     0.000    99.441    41.333     0.000    99.473    41.541     0.000    99.525    41.661     0.000
    99.599    41.777     0.000    99.693    41.890     0.000    99.803    41.997     0.000    99.927    42.099     0.000
   100.062    42.194     0.000   100.206    42.283     0.000   100.411    42.393     0.000   100.624    42.489     0.000
   100.845    42.572     0.000   101.072    42.642     0.000   101.304    42.700     0.000   101.541    42.746     0.000
   101.780    42.781     0.000   102.262    42.820     0.000   102.749    42.822     0.000   103.239    42.793     0.000
   103.728    42.737     0.000   104.214    42.661     0.000   104.696    42.569     0.000   105.172    42.468     0.000
   105.678    42.353     0.000   106.176    42.231     0.000   106.666    42.101     0.000   107.151    41.962     0.000
   107.630    41.813     0.000   108.105    41.651     0.000   108.577    41.475     0.000   109.080    41.272     0.000
   109.581    41.063     0.000   110.081    40.857     0.000   110.581    40.667     0.000   111.083    40.504     0.000
   111.589    40.377     0.000   112.101    40.298     0.000   112.558    40.275     0.000   113.023    40.290     0.000
   113.494    40.337     0.000   113.970    40.409     0.000   114.452    40.500     0.000   114.938    40.601     0.000
   115.427    40.707     0.000
0 1
   115.798    40.627     0.000
4 95
   112.308    25.021     0.000   112.443    24.953     0.000   112.578    24.885     0.000   112.712    24.814     0.000
   112.844    24.741     0.000   112.975    24.664     0.000   113.104    24.583     0.000   113.230    24.497     0.000
   113.351    24.407     0.000   113.468    24.311     0.000   113.577    24.209     0.000   113.677    24.102     0.000
   113.766    23.989     0.000   113.842    23.871     0.000   113.902    23.748     0.000   113.953    23.588     0.000
   113.980    23.422     0.000   113.984    23.251     0.000   113.969    23.077     0.000   113.937    22.901     0.000
   113.891    22.725     0.000   113.832    22.551     0.000   113.784    22.430     0.000   113.731    22.313     0.000
   113.671    22.201     0.000   113.604    22.096     0.000   113.529    22.000     0.000   113.445    21.915     0.000
   113.350    21.843     0.000   113.262    21.793     0.000   113.166    21.753     0.000   113.065    21.722     0.000
   112.958    21.699     0.000   112.846    21.684     0.000   112.731    21.675     0.000   112.612    21.672     0.000
   112.490    21.674     0.000   112.369    21.684     0.000   112.251    21.701     0.000   112.139    21.728     0.000
   112.037    21.766     0.000   111.947    21.817     0.000   111.873    21.881     0.000   111.830    21.936     0.000
   111.795    21.998     0.000   111.766    22.065     0.000   111.742    22.136     0.000   111.722    22.211     0.000
   111.704    22.287     0.000   111.687    22.365     0.000   111.642    22.559     0.000   111.592    22.749     0.000
   111.592    22.749     0.000   111.492    22.895     0.000   111.389    23.040     0.000   111.284    23.180     0.000
   111.174    23.315     0.000   111.059    23.443     0.000   110.936    23.561     0.000   110.805    23.668     0.000
   110.678    23.754     0.000   110.546    23.834     0.000   110.408    23.911     0.000   110.269    23.990     0.000
   110.129    24.074     0.000   109.990    24.169     0.000   109.853    24.278     0.000   109.768    24.358     0.000
   109.688    24.444     0.000   109.618    24.535     0.000   109.563    24.628     0.000   109.525    24.722     0.000
   109.511    24.816     0.000   109.522    24.906     0.000   109.546    24.965     0.000   109.583    25.021     0.000
   109.630    25.074     0.000   109.685    25.124     0.000   109.747    25.169     0.000   109.814    25.210     0.000
   109.883    25.245     0.000   110.034    25.301     0.000   110.189    25.334     0.000   110.346    25.348     0.000
   110.504    25.346     0.000   110.664    25.332     0.000   110.823    25.310     0.000   110.981    25.283     0.000
   111.132    25.254     0.000   111.281    25.225     0.000   111.428    25.194     0.000   111.575    25.162     0.000
   111.720    25.130     0.000   111.866    25.097     0.000   112.010    25.064     0.000
0 1
   112.308    25.021     0.000
4 206
    98.064    34.509     0.000    98.385    34.520     0.000    98.706    34.527     0.000    99.025    34.529     0.000
    99.341    34.522     0.000    99.653    34.504     0.000    99.960    34.472     0.000   100.261    34.425     0.000
   100.405    34.395     0.000   100.547    34.360     0.000   100.689    34.320     0.000   100.829    34.273     0.000
   100.969    34.218     0.000   101.109    34.156     0.000   101.249    34.084     0.000   101.360    34.021     0.000
   101.467    33.951     0.000   101.566    33.877     0.000   101.651    33.797     0.000   101.719    33.713     0.000
   101.765    33.625     0.000   101.786    33.533     0.000   101.780    33.449     0.000   101.753    33.364     0.000
   101.708    33.281     0.000   101.649    33.200     0.000   101.577    33.124     0.000   101.496    33.053     0.000
   101.409    32.991     0.000   101.235    32.898     0.000   101.051    32.831     0.000   100.861    32.782     0.000
   100.667    32.743     0.000   100.473    32.707     0.000   100.282    32.664     0.000   100.098    32.608     0.000
    99.934    32.538     0.000    99.779    32.451     0.000    99.635    32.349     0.000    99.502    32.234     0.000
    99.382    32.109     0.000    99.274    31.975     0.000    99.179    31.834     0.000    99.084    31.657     0.000
    99.009    31.475     0.000    98.952    31.289     0.000    98.914    31.101     0.000    98.893    30.911     0.000
    98.890    30.722     0.000    98.902    30.534     0.000    98.970    30.178     0.000    99.083    29.831     0.000
    99.231    29.490     0.000    99.401    29.154     0.000    99.580    28.818     0.000    99.758    28.482     0.000
    99.924    28.141     0.000   100.017    27.920     0.000   100.099    27.697     0.000   100.168    27.472     0.000
   100.221    27.245     0.000   100.258    27.016     0.000   100.277    26.786     0.000   100.275    26.556     0.000
   100.259    26.368     0.000   100.228    26.181     0.000   100.183    25.996     0.000   100.125    25.814     0.000
   100.053    25.638     0.000    99.968    25.467     0.000    99.869    25.304     0.000    99.775    25.171     0.000
    99.672    25.044     0.000    99.562    24.922     0.000    99.446    24.804     0.000    99.325    24.690     0.000
    99.199    24.579     0.000    99.071    24.470     0.000    98.943    24.366     0.000    98.813    24.265     0.000
    98.681    24.167     0.000    98.545    24.075     0.000    98.406    23.989     0.000    98.264    23.910     0.000
    98.116    23.840     0.000    97.884    23.751     0.000    97.642    23.682     0.000    97.392    23.632     0.000
    97.137    23.600     0.000    96.879    23.584     0.000    96.618    23.582     0.000    96.358    23.594     0.000
    95.985    23.631     0.000    95.618    23.693     0.000    95.258    23.778     0.000    94.906    23.887     0.000
    94.563    24.018     0.000    94.232    24.172     0.000    93.914    24.348     0.000    93.460    24.651     0.000
    93.028    24.989     0.000    92.607    25.345     0.000    92.188    25.702     0.000    91.760    26.044     0.000
    91.314    26.353     0.000    90.840    26.612     0.000    90.389    26.790     0.000    89.914    26.923     0.000
    89.419    27.019     0.000    88.907    27.088     0.000    88.383    27.139     0.000    87.850    27.180     0.000
    87.312    27.221     0.000    86.985    27.250     0.000    86.662    27.290     0.000    86.347    27.348     0.000
    86.045    27.431     0.000    85.759    27.546     0.000    85.493    27.703     0.000    85.253    27.907     0.000
    85.178    27.987     0.000    85.110    28.072     0.000    85.050    28.160     0.000    85.001    28.250     0.000
    84.966    28.339     0.000    84.947    28.426     0.000    84.948    28.509     0.000    84.990    28.631     0.000
    84.990    28.631     0.000    85.070    28.684     0.000    85.150    28.736     0.000    85.230    28.787     0.000
    85.312    28.834     0.000    85.394    28.878     0.000    85.477    28.917     0.000    85.562    28.951     0.000
    85.872    29.022     0.000    86.197    29.033     0.000    86.534    29.004     0.000    86.879    28.952     0.000
    87.230    28.896     0.000    87.584    28.856     0.000    87.938    28.850     0.000    88.223    28.882     0.000
    88.502    28.945     0.000    88.771    29.038     0.000    89.025    29.158     0.000    89.258    29.302     0.000
    89.467    29.467     0.000    89.645    29.651     0.000    89.773    29.825     0.000    89.878    30.009     0.000
    89.965    30.204     0.000    90.036    30.407     0.000    90.097    30.616     0.000    90.152    30.832     0.000
    90.204    31.051     0.000    90.254    31.254     0.000    90.310    31.456     0.000    90.377    31.651     0.000
    90.460    31.837     0.000    90.565    32.009     0.000    90.697    32.163     0.000    90.859    32.295     0.000
    90.928    32.337     0.000    91.000    32.376     0.000    91.077    32.410     0.000    91.156    32.439     0.000
    91.238    32.464     0.000    91.320    32.484     0.000    91.404    32.498     0.000    91.541    32.509     0.000
    91.677    32.508     0.000    91.815    32.498     0.000    91.953    32.482     0.000    92.092    32.463     0.000
    92.232    32.444     0.000    92.374    32.428     0.000    92.619    32.416     0.000    92.866    32.423     0.000
    93.111    32.450     0.000    93.349    32.497     0.000    93.576    32.564     0.000    93.789    32.653     0.000
    93.984    32.764     0.000    94.186    32.923     0.000    94.366    33.105     0.000    94.532    33.302     0.000
    94.693    33.504     0.000    94.858    33.702     0.000    95.037    33.889     0.000    95.239    34.053     0.000
    95.393    34.149     0.000    95.560    34.232     0.000    95.737    34.303     0.000    95.923    34.362     0.000
    96.114    34.411     0.000    96.310    34.451     0.000    96.507    34.484     0.000    96.687    34.507     0.000
    96.866    34.525     0.000    97.046    34.539     0.000    97.225    34.550     0.000    97.403    34.558     0.000
    97.582    34.564     0.000    97.760    34.569     0.000
0 1
    98.064    34.509     0.000
4 109
    89.891    50.111     0.000    90.403    49.888     0.000    90.903    49.659     0.000    91.385    49.421     0.000
    91.841    49.169     0.000    92.265    48.902     0.000    92.649    48.614     0.000    92.987    48.303     0.000
    93.156    48.115     0.000    93.308    47.919     0.000    93.443    47.716     0.000    93.560    47.508     0.000
    93.659    47.294     0.000    93.740    47.076     0.000    93.804    46.855     0.000    93.847    46.644     0.000
    93.872    46.433     0.000    93.878    46.221     0.000    93.864    46.011     0.000    93.827    45.803     0.000
    93.766    45.597     0.000    93.679    45.396     0.000    93.551    45.178     0.000    93.393    44.969     0.000
    93.208    44.770     0.000    92.998    44.584     0.000    92.768    44.413     0.000    92.520    44.258     0.000
    92.257    44.122     0.000    91.873    43.967     0.000    91.469    43.845     0.000    91.048    43.749     0.000
    90.614    43.674     0.000    90.172    43.611     0.000    90.172    43.611     0.000    89.927    43.593     0.000
    89.683    43.572     0.000    89.441    43.548     0.000    89.201    43.518     0.000    88.965    43.481     0.000
    88.733    43.435     0.000    88.505    43.379     0.000    88.274    43.308     0.000    88.048    43.228     0.000
    87.825    43.142     0.000    87.604    43.053     0.000    87.383    42.965     0.000    87.159    42.881     0.000
    86.932    42.805     0.000    86.702    42.740     0.000    86.466    42.684     0.000    86.226    42.639     0.000
    85.983    42.602     0.000    85.737    42.574     0.000    85.488    42.553     0.000    85.237    42.539     0.000
    84.817    42.529     0.000    84.395    42.532     0.000    83.974    42.544     0.000    83.974    42.544     0.000
    83.689    42.521     0.000    83.405    42.500     0.000    83.121    42.485     0.000    82.839    42.480     0.000
    82.558    42.487     0.000    82.279    42.511     0.000    82.002    42.554     0.000    81.848    42.587     0.000
    81.697    42.628     0.000    81.550    42.675     0.000    81.408    42.730     0.000    81.273    42.791     0.000
    81.147    42.860     0.000    81.031    42.935     0.000    80.805    43.135     0.000    80.637    43.366     0.000
    80.519    43.622     0.000    80.444    43.896     0.000    80.406    44.182     0.000    80.397    44.473     0.000
    80.412    44.762     0.000    80.441    45.028     0.000    80.485    45.288     0.000    80.545    45.542     0.000
    80.621    45.789     0.000    80.714    46.031     0.000    80.826    46.268     0.000    80.955    46.500     0.000
    81.348    47.045     0.000    81.844    47.560     0.000    82.435    48.041     0.000    83.108    48.484     0.000
    83.851    48.884     0.000    84.652    49.235     0.000    85.496    49.533     0.000    85.769    49.616     0.000
    86.045    49.693     0.000    86.324    49.764     0.000    86.606    49.828     0.000    86.891    49.886     0.000
    87.178    49.938     0.000    87.469    49.983     0.000    87.775    50.023     0.000    88.083    50.056     0.000
    88.393    50.083     0.000    88.705    50.106     0.000    89.019    50.125     0.000    89.333    50.142     0.000
    89.648    50.156     0.000
0 1
    89.891    50.111     0.000
2 109
   116.816    35.440     0.000   116.878    35.425     0.000   116.940    35.411     0.000   117.002    35.396     0.000
   117.063    35.382     0.000   117.124    35.366     0.000   117.185    35.350     0.000   117.245    35.334     0.000
   117.420    35.280     0.000   117.591    35.221     0.000   117.761    35.160     0.000   117.932    35.098     0.000
   118.107    35.037     0.000   118.287    34.979     0.000   118.477    34.926     0.000   118.680    34.877     0.000
   118.886    34.830     0.000   119.088    34.781     0.000   119.278    34.723     0.000   119.448    34.651     0.000
   119.589    34.562     0.000   119.694    34.450     0.000   119.743    34.355     0.000   119.772    34.249     0.000
   119.781    34.136     0.000   119.773    34.018     0.000   119.750    33.898     0.000   119.712    33.779     0.000
   119.661    33.665     0.000   119.561    33.502     0.000   119.438    33.355     0.000   119.296    33.225     0.000
   119.137    33.109     0.000   118.965    33.008     0.000   118.784    32.921     0.000   118.596    32.847     0.000
   118.224    32.736     0.000   117.841    32.665     0.000   117.451    32.626     0.000   117.052    32.612     0.000
   116.648    32.617     0.000   116.241    32.633     0.000   115.830    32.654     0.000   115.592    32.672     0.000
   115.354    32.689     0.000   115.354    32.689     0.000   115.180    32.688     0.000   115.006    32.684     0.000
   114.833    32.678     0.000   114.660    32.668     0.000   114.490    32.652     0.000   114.321    32.629     0.000
   114.154    32.599     0.000   114.002    32.563     0.000   113.852    32.522     0.000   113.701    32.480     0.000
   113.550    32.440     0.000   113.397    32.403     0.000   113.241    32.375     0.000   113.081    32.358     0.000
   112.903    32.354     0.000   112.723    32.366     0.000   112.545    32.395     0.000   112.373    32.441     0.000
   112.211    32.503     0.000   112.065    32.582     0.000   111.937    32.677     0.000   111.831    32.790     0.000
   111.746    32.917     0.000   111.681    33.055     0.000   111.633    33.202     0.000   111.601    33.353     0.000
   111.581    33.506     0.000   111.574    33.658     0.000   111.574    33.747     0.000   111.577    33.835     0.000
   111.583    33.922     0.000   111.593    34.009     0.000   111.606    34.095     0.000   111.623    34.182     0.000
   111.642    34.269     0.000   111.658    34.331     0.000   111.676    34.394     0.000   111.696    34.456     0.000
   111.720    34.516     0.000   111.748    34.575     0.000   111.779    34.631     0.000   111.815    34.684     0.000
   111.932    34.805     0.000   112.079    34.905     0.000   112.250    34.986     0.000   112.439    35.052     0.000
   112.640    35.107     0.000   112.849    35.155     0.000   113.060    35.198     0.000   113.442    35.277     0.000
   113.814    35.352     0.000   114.179    35.420     0.000   114.539    35.477     0.000   114.898    35.520     0.000
   115.257    35.545     0.000   115.619    35.550     0.000   115.764    35.545     0.000   115.911    35.536     0.000
   116.057    35.525     0.000   116.205    35.512     0.000   116.353    35.496     0.000   116.500    35.480     0.000
   116.648    35.462     0.000
10 2
   116.816    35.440     0.000   118.477    34.926     0.000
2 98
   105.992    33.085     0.000   106.080    33.087     0.000   106.168    33.087     0.000   106.256    33.086     0.000
   106.343    33.081     0.000   106.429    33.071     0.000   106.513    33.056     0.000   106.595    33.034     0.000
   106.653    33.013     0.000   106.709    32.989     0.000   106.762    32.961     0.000   106.813    32.929     0.000
   106.860    32.894     0.000   106.903    32.856     0.000   106.941    32.815     0.000   106.988    32.749     0.000
   107.027    32.678     0.000   107.060    32.605     0.000   107.090    32.531     0.000   107.122    32.457     0.000
   107.157    32.386     0.000   107.199    32.318     0.000   107.234    32.274     0.000   107.273    32.233     0.000
   107.316    32.193     0.000   107.361    32.155     0.000   107.409    32.119     0.000   107.458    32.082     0.000
   107.507    32.047     0.000   107.597    31.954     0.000   107.678    31.850     0.000   107.705    31.808     0.000
   107.729    31.765     0.000   107.749    31.721     0.000   107.765    31.678     0.000   107.775    31.635     0.000
   107.778    31.595     0.000   107.774    31.556     0.000   107.743    31.489     0.000   107.684    31.432     0.000
   107.605    31.385     0.000   107.510    31.345     0.000   107.404    31.312     0.000   107.292    31.286     0.000
   107.181    31.266     0.000   107.066    31.250     0.000   106.956    31.239     0.000   106.849    31.231     0.000
   106.746    31.225     0.000   106.645    31.221     0.000   106.545    31.217     0.000   106.444    31.212     0.000
   106.296    31.201     0.000   106.145    31.188     0.000   105.992    31.178     0.000   105.837    31.173     0.000
   105.682    31.176     0.000   105.525    31.192     0.000   105.369    31.223     0.000   105.277    31.250     0.000
   105.188    31.283     0.000   105.103    31.322     0.000   105.025    31.367     0.000   104.956    31.418     0.000
   104.899    31.475     0.000   104.854    31.537     0.000   104.824    31.610     0.000   104.808    31.688     0.000
   104.805    31.771     0.000   104.811    31.857     0.000   104.824    31.945     0.000   104.839    32.034     0.000
   104.854    32.123     0.000   104.863    32.186     0.000   104.872    32.249     0.000   104.882    32.311     0.000
   104.895    32.371     0.000   104.911    32.429     0.000   104.934    32.484     0.000   104.963    32.537     0.000
   104.996    32.583     0.000   105.036    32.626     0.000   105.081    32.666     0.000   105.131    32.705     0.000
   105.183    32.741     0.000   105.238    32.775     0.000   105.295    32.807     0.000   105.368    32.846     0.000
   105.443    32.882     0.000   105.518    32.916     0.000   105.593    32.948     0.000   105.669    32.979     0.000
   105.746    33.009     0.000   105.822    33.038     0.000   105.850    33.044     0.000   105.877    33.049     0.000
   105.904    33.054     0.000   105.931    33.060     0.000
10 1
   105.992    33.085     0.000
2 137
   105.482    40.957     0.000   105.617    40.869     0.000   105.754    40.783     0.000   105.895    40.699     0.000
   106.042    40.619     0.000   106.198    40.543     0.000   106.364    40.475     0.000   106.543    40.414     0.000
   106.744    40.358     0.000   106.952    40.308     0.000   107.156    40.257     0.000   107.347    40.203     0.000
   107.514    40.140     0.000   107.647    40.064     0.000   107.737    39.970     0.000   107.776    39.862     0.000
   107.774    39.739     0.000   107.740    39.605     0.000   107.680    39.464     0.000   107.602    39.320     0.000
   107.514    39.178     0.000   107.423    39.040     0.000   107.369    38.963     0.000   107.317    38.889     0.000
   107.266    38.817     0.000   107.215    38.746     0.000   107.165    38.678     0.000   107.116    38.610     0.000
   107.066    38.543     0.000   107.037    38.479     0.000   107.005    38.416     0.000   106.975    38.368     0.000
   106.942    38.321     0.000   106.906    38.277     0.000   106.867    38.234     0.000   106.825    38.194     0.000
   106.780    38.156     0.000   106.732    38.121     0.000   106.680    38.087     0.000   106.626    38.056     0.000
   106.569    38.027     0.000   106.509    38.002     0.000   106.446    37.979     0.000   106.381    37.958     0.000
   106.313    37.941     0.000   106.259    37.929     0.000   106.203    37.919     0.000   106.148    37.913     0.000
   106.093    37.912     0.000   106.040    37.915     0.000   105.989    37.925     0.000   105.942    37.941     0.000
   105.915    37.955     0.000   105.890    37.972     0.000   105.867    37.990     0.000   105.846    38.011     0.000
   105.828    38.032     0.000   105.812    38.055     0.000   105.800    38.079     0.000   105.785    38.122     0.000
   105.779    38.166     0.000   105.780    38.210     0.000   105.787    38.256     0.000   105.799    38.302     0.000
   105.814    38.348     0.000   105.830    38.394     0.000   105.844    38.485     0.000   105.862    38.582     0.000
   105.879    38.674     0.000   105.892    38.762     0.000   105.901    38.847     0.000   105.905    38.931     0.000
   105.900    39.014     0.000   105.886    39.098     0.000   105.855    39.203     0.000   105.808    39.308     0.000
   105.746    39.410     0.000   105.671    39.507     0.000   105.582    39.594     0.000   105.481    39.668     0.000
   105.369    39.727     0.000   105.272    39.760     0.000   105.170    39.784     0.000   105.170    39.784     0.000
   104.993    39.797     0.000   104.817    39.809     0.000   104.641    39.822     0.000   104.641    39.822     0.000
   104.361    39.843     0.000   104.082    39.865     0.000   103.802    39.888     0.000   103.522    39.914     0.000
   103.242    39.943     0.000   102.962    39.977     0.000   102.683    40.017     0.000   102.430    40.060     0.000
   102.181    40.112     0.000   101.937    40.176     0.000   101.701    40.256     0.000   101.477    40.356     0.000
   101.266    40.479     0.000   101.072    40.629     0.000   100.923    40.777     0.000   100.795    40.941     0.000
   100.694    41.114     0.000   100.628    41.289     0.000   100.604    41.460     0.000   100.628    41.620     0.000
   100.709    41.763     0.000   100.774    41.829     0.000   100.855    41.888     0.000   100.948    41.941     0.000
   101.051    41.988     0.000   101.161    42.028     0.000   101.277    42.061     0.000   101.395    42.088     0.000
   101.523    42.109     0.000   101.651    42.124     0.000   101.778    42.131     0.000   101.904    42.131     0.000
   102.029    42.125     0.000   102.152    42.112     0.000   102.273    42.094     0.000   102.501    42.042     0.000
   102.720    41.974     0.000   102.935    41.892     0.000   103.145    41.802     0.000   103.354    41.708     0.000
   103.563    41.613     0.000   103.773    41.523     0.000   103.990    41.439     0.000   104.209    41.362     0.000
   104.432    41.291     0.000   104.656    41.225     0.000   104.882    41.162     0.000   105.109    41.101     0.000
   105.336    41.041     0.000
10 1
   105.336    41.041     0.000
2 72
   116.164    34.081     0.000   116.194    34.082     0.000   116.223    34.082     0.000   116.252    34.082     0.000
   116.282    34.083     0.000   116.311    34.083     0.000   116.341    34.083     0.000   116.371    34.083     0.000
   116.371    34.083     0.000   116.416    34.083     0.000   116.460    34.083     0.000   116.505    34.082     0.000
   116.551    34.080     0.000   116.597    34.078     0.000   116.645    34.074     0.000   116.693    34.068     0.000
   116.731    34.063     0.000   116.768    34.056     0.000   116.805    34.048     0.000   116.839    34.038     0.000
   116.870    34.025     0.000   116.897    34.010     0.000   116.919    33.993     0.000   116.942    33.960     0.000
   116.952    33.922     0.000   116.953    33.879     0.000   116.945    33.833     0.000   116.930    33.785     0.000
   116.911    33.736     0.000   116.888    33.688     0.000   116.829    33.587     0.000   116.763    33.495     0.000
   116.689    33.414     0.000   116.608    33.343     0.000   116.519    33.280     0.000   116.424    33.227     0.000
   116.321    33.182     0.000   116.254    33.159     0.000   116.184    33.139     0.000   116.112    33.123     0.000
   116.038    33.112     0.000   115.963    33.106     0.000   115.887    33.105     0.000   115.810    33.111     0.000
   115.706    33.128     0.000   115.604    33.156     0.000   115.507    33.195     0.000   115.419    33.244     0.000
   115.342    33.302     0.000   115.279    33.368     0.000   115.233    33.442     0.000   115.217    33.486     0.000
   115.207    33.531     0.000   115.202    33.578     0.000   115.203    33.625     0.000   115.210    33.671     0.000
   115.223    33.718     0.000   115.241    33.763     0.000   115.274    33.822     0.000   115.316    33.877     0.000
   115.366    33.928     0.000   115.424    33.973     0.000   115.486    34.012     0.000   115.553    34.045     0.000
   115.624    34.070     0.000   115.669    34.081     0.000   115.715    34.090     0.000   115.762    34.097     0.000
   115.809    34.102     0.000   115.856    34.105     0.000   115.903    34.108     0.000   115.951    34.110     0.000

25 1
   116.164    34.081     0.000
2 120
    86.748    45.073     0.000    86.853    45.058     0.000    86.853    45.058     0.000    87.005    45.052     0.000
    87.156    45.044     0.000    87.304    45.033     0.000    87.450    45.019     0.000    87.590    44.999     0.000
    87.725    44.973     0.000    87.853    44.939     0.000    87.998    44.888     0.000    88.136    44.826     0.000
    88.271    44.757     0.000    88.408    44.684     0.000    88.551    44.609     0.000    88.706    44.535     0.000
    88.877    44.464     0.000    88.971    44.430     0.000    89.066    44.396     0.000    89.157    44.361     0.000
    89.238    44.325     0.000    89.304    44.285     0.000    89.350    44.240     0.000    89.372    44.190     0.000
    89.371    44.154     0.000    89.359    44.116     0.000    89.337    44.076     0.000    89.308    44.037     0.000
    89.271    43.998     0.000    89.230    43.961     0.000    89.186    43.927     0.000    89.073    43.860     0.000
    88.952    43.810     0.000    88.824    43.772     0.000    88.692    43.743     0.000    88.557    43.718     0.000
    88.421    43.693     0.000    88.286    43.663     0.000    88.129    43.619     0.000    87.975    43.567     0.000
    87.822    43.512     0.000    87.671    43.459     0.000    87.520    43.413     0.000    87.368    43.379     0.000
    87.213    43.362     0.000    87.111    43.361     0.000    87.007    43.367     0.000    86.903    43.379     0.000
    86.798    43.396     0.000    86.692    43.415     0.000    86.586    43.435     0.000    86.480    43.456     0.000
    86.308    43.485     0.000    86.136    43.511     0.000    85.965    43.533     0.000    85.794    43.553     0.000
    85.624    43.570     0.000    85.454    43.586     0.000    85.283    43.601     0.000    85.059    43.596     0.000
    84.834    43.586     0.000    84.610    43.577     0.000    84.385    43.575     0.000    84.161    43.586     0.000
    83.939    43.615     0.000    83.863    43.630     0.000    83.789    43.648     0.000    83.718    43.670     0.000
    83.649    43.696     0.000    83.585    43.727     0.000    83.526    43.763     0.000    83.474    43.804     0.000
    83.436    43.843     0.000    83.405    43.885     0.000    83.379    43.930     0.000    83.362    43.976     0.000
    83.352    44.022     0.000    83.351    44.068     0.000    83.360    44.113     0.000    83.383    44.163     0.000
    83.419    44.210     0.000    83.466    44.253     0.000    83.521    44.292     0.000    83.583    44.327     0.000
    83.583    44.327     0.000    83.658    44.348     0.000    83.732    44.370     0.000    83.807    44.391     0.000
    83.881    44.413     0.000    83.954    44.435     0.000    84.027    44.458     0.000    84.100    44.482     0.000
    84.194    44.516     0.000    84.286    44.550     0.000    84.377    44.587     0.000    84.467    44.626     0.000
    84.556    44.666     0.000    84.644    44.708     0.000    84.731    44.751     0.000    84.822    44.799     0.000
    84.912    44.847     0.000    85.003    44.895     0.000    85.096    44.941     0.000    85.191    44.983     0.000
    85.288    45.021     0.000    85.390    45.054     0.000    85.454    45.070     0.000    85.519    45.084     0.000
    85.586    45.096     0.000    85.653    45.106     0.000    85.722    45.113     0.000    85.790    45.119     0.000
    85.859    45.122     0.000    85.973    45.125     0.000    86.086    45.124     0.000    86.199    45.119     0.000
    86.312    45.111     0.000    86.425    45.102     0.000    86.538    45.091     0.000    86.650    45.079     0.000

2.5 1
    86.748    45.073     0.000
2 90
    88.031    44.380     0.000    88.005    44.396     0.000    87.979    44.411     0.000    87.953    44.427     0.000
    87.927    44.443     0.000    87.927    44.443     0.000    87.834    44.472     0.000    87.741    44.500     0.000
    87.647    44.527     0.000    87.552    44.552     0.000    87.456    44.576     0.000    87.358    44.597     0.000
    87.258    44.616     0.000    87.186    44.627     0.000    87.115    44.636     0.000    87.042    44.643     0.000
    86.970    44.647     0.000    86.899    44.648     0.000    86.829    44.647     0.000    86.760    44.641     0.000
    86.675    44.630     0.000    86.592    44.612     0.000    86.510    44.591     0.000    86.428    44.565     0.000
    86.345    44.537     0.000    86.260    44.506     0.000    86.171    44.474     0.000    86.133    44.461     0.000
    86.097    44.447     0.000    86.062    44.432     0.000    86.031    44.416     0.000    86.005    44.398     0.000
    85.985    44.378     0.000    85.973    44.355     0.000    85.970    44.336     0.000    85.971    44.315     0.000
    85.977    44.294     0.000    85.988    44.274     0.000    86.001    44.254     0.000    86.018    44.235     0.000
    86.037    44.218     0.000    86.078    44.194     0.000    86.125    44.177     0.000    86.175    44.166     0.000
    86.229    44.159     0.000    86.285    44.155     0.000    86.342    44.152     0.000    86.398    44.147     0.000
    86.505    44.132     0.000    86.606    44.109     0.000    86.703    44.080     0.000    86.797    44.046     0.000
    86.889    44.009     0.000    86.981    43.971     0.000    87.074    43.933     0.000    87.138    43.908     0.000
    87.203    43.885     0.000    87.268    43.863     0.000    87.334    43.843     0.000    87.400    43.825     0.000
    87.467    43.810     0.000    87.533    43.796     0.000    87.589    43.788     0.000    87.645    43.781     0.000
    87.702    43.776     0.000    87.760    43.772     0.000    87.820    43.770     0.000    87.882    43.770     0.000
    87.946    43.771     0.000    88.019    43.774     0.000    88.092    43.780     0.000    88.163    43.789     0.000
    88.229    43.803     0.000    88.287    43.822     0.000    88.336    43.848     0.000    88.371    43.881     0.000
    88.387    43.907     0.000    88.396    43.936     0.000    88.399    43.966     0.000    88.397    43.998     0.000
    88.391    44.030     0.000    88.381    44.062     0.000    88.367    44.093     0.000    88.335    44.142     0.000
    88.295    44.186     0.000    88.249    44.226     0.000    88.196    44.263     0.000    88.140    44.298     0.000
    88.081    44.330     0.000    88.021    44.362     0.000
5 1
    88.031    44.380     0.000
2 84
    90.273    49.173     0.000    90.537    48.971     0.000    90.797    48.768     0.000    91.053    48.559     0.000
    91.303    48.345     0.000    91.546    48.124     0.000    91.780    47.892     0.000    92.004    47.650     0.000
    92.127    47.504     0.000    92.241    47.354     0.000    92.339    47.202     0.000    92.414    47.048     0.000
    92.461    46.893     0.000    92.474    46.738     0.000    92.448    46.583     0.000    92.419    46.510     0.000
    92.380    46.438     0.000    92.333    46.368     0.000    92.276    46.301     0.000    92.211    46.238     0.000
    92.138    46.179     0.000    92.057    46.126     0.000    91.955    46.072     0.000    91.845    46.025     0.000
    91.728    45.987     0.000    91.607    45.956     0.000    91.482    45.932     0.000    91.354    45.916     0.000
    91.226    45.905     0.000    90.984    45.902     0.000    90.744    45.918     0.000    90.507    45.950     0.000
    90.273    45.998     0.000    90.042    46.057     0.000    89.815    46.125     0.000    89.593    46.200     0.000
    89.237    46.332     0.000    88.893    46.475     0.000    88.558    46.625     0.000    88.229    46.782     0.000
    87.904    46.943     0.000    87.904    46.943     0.000    87.648    47.021     0.000    87.395    47.100     0.000
    87.150    47.184     0.000    86.915    47.275     0.000    86.696    47.375     0.000    86.495    47.488     0.000
    86.318    47.615     0.000    86.206    47.718     0.000    86.108    47.828     0.000    86.024    47.946     0.000
    85.953    48.070     0.000    85.895    48.200     0.000    85.850    48.334     0.000    85.818    48.471     0.000
    85.802    48.581     0.000    85.796    48.692     0.000    85.802    48.800     0.000    85.822    48.906     0.000
    85.858    49.006     0.000    85.912    49.101     0.000    85.986    49.187     0.000    86.064    49.253     0.000
    86.156    49.312     0.000    86.260    49.366     0.000    86.372    49.414     0.000    86.492    49.458     0.000
    86.617    49.499     0.000    86.744    49.536     0.000    86.952    49.590     0.000    87.162    49.636     0.000
    87.373    49.674     0.000    87.585    49.704     0.000    87.797    49.724     0.000    88.009    49.734     0.000
    88.220    49.734     0.000    88.504    49.717     0.000    88.786    49.683     0.000    89.065    49.634     0.000
    89.344    49.574     0.000    89.620    49.505     0.000    89.895    49.430     0.000    90.168    49.351     0.000

2.5 1
    90.273    49.173     0.000
2 83
    90.074    48.765     0.000    90.241    48.616     0.000    90.401    48.466     0.000    90.546    48.314     0.000
    90.671    48.159     0.000    90.769    47.999     0.000    90.833    47.833     0.000    90.858    47.662     0.000
    90.852    47.558     0.000    90.829    47.453     0.000    90.790    47.350     0.000    90.734    47.250     0.000
    90.660    47.157     0.000    90.568    47.070     0.000    90.457    46.994     0.000    90.376    46.950     0.000
    90.287    46.912     0.000    90.194    46.880     0.000    90.098    46.857     0.000    90.000    46.842     0.000
    89.902    46.836     0.000    89.806    46.841     0.000    89.739    46.851     0.000    89.675    46.867     0.000
    89.611    46.886     0.000    89.549    46.909     0.000    89.489    46.934     0.000    89.429    46.962     0.000
    89.371    46.991     0.000    89.209    47.079     0.000    89.056    47.172     0.000    88.910    47.269     0.000
    88.770    47.369     0.000    88.634    47.471     0.000    88.501    47.575     0.000    88.369    47.679     0.000
    88.245    47.710     0.000    88.122    47.741     0.000    87.998    47.774     0.000    87.875    47.809     0.000
    87.752    47.845     0.000    87.643    47.879     0.000    87.536    47.916     0.000    87.431    47.956     0.000
    87.331    47.999     0.000    87.236    48.046     0.000    87.147    48.097     0.000    87.066    48.154     0.000
    86.982    48.228     0.000    86.911    48.309     0.000    86.853    48.395     0.000    86.808    48.487     0.000
    86.776    48.582     0.000    86.757    48.680     0.000    86.752    48.779     0.000    86.758    48.866     0.000
    86.776    48.953     0.000    86.804    49.037     0.000    86.845    49.118     0.000    86.899    49.194     0.000
    86.965    49.264     0.000    87.045    49.326     0.000    87.154    49.386     0.000    87.279    49.436     0.000
    87.415    49.474     0.000    87.561    49.502     0.000    87.712    49.519     0.000    87.866    49.527     0.000
    88.020    49.525     0.000    88.222    49.508     0.000    88.417    49.476     0.000    88.605    49.430     0.000
    88.785    49.374     0.000    88.957    49.308     0.000    89.122    49.234     0.000    89.279    49.153     0.000
    89.376    49.100     0.000    89.470    49.044     0.000    89.561    48.988     0.000    89.651    48.930     0.000
    89.739    48.872     0.000    89.826    48.813     0.000    89.913    48.754     0.000
5 1
    90.074    48.765     0.000
2 82
   106.463    35.216     0.000   106.546    35.222     0.000   106.628    35.227     0.000   106.709    35.230     0.000
   106.789    35.230     0.000   106.868    35.227     0.000   106.945    35.218     0.000   107.021    35.205     0.000
   107.116    35.177     0.000   107.207    35.140     0.000   107.294    35.094     0.000   107.377    35.040     0.000
   107.457    34.980     0.000   107.534    34.915     0.000   107.608    34.847     0.000   107.646    34.810     0.000
   107.681    34.772     0.000   107.713    34.734     0.000   107.740    34.694     0.000   107.761    34.653     0.000
   107.775    34.611     0.000   107.781    34.567     0.000   107.777    34.522     0.000   107.763    34.476     0.000
   107.742    34.432     0.000   107.713    34.391     0.000   107.678    34.353     0.000   107.637    34.320     0.000
   107.592    34.294     0.000   107.537    34.273     0.000   107.478    34.262     0.000   107.417    34.258     0.000
   107.354    34.261     0.000   107.291    34.271     0.000   107.229    34.285     0.000   107.169    34.304     0.000
   107.102    34.331     0.000   107.039    34.360     0.000   107.039    34.360     0.000   106.979    34.392     0.000
   106.919    34.423     0.000   106.859    34.452     0.000   106.798    34.478     0.000   106.737    34.500     0.000
   106.675    34.517     0.000   106.613    34.529     0.000   106.499    34.535     0.000   106.383    34.526     0.000
   106.265    34.506     0.000   106.144    34.481     0.000   106.023    34.457     0.000   105.899    34.439     0.000
   105.775    34.433     0.000   105.714    34.435     0.000   105.654    34.442     0.000   105.595    34.454     0.000
   105.539    34.470     0.000   105.486    34.492     0.000   105.436    34.520     0.000   105.392    34.554     0.000
   105.353    34.594     0.000   105.321    34.638     0.000   105.296    34.686     0.000   105.279    34.736     0.000
   105.270    34.787     0.000   105.271    34.835     0.000   105.283    34.881     0.000   105.312    34.934     0.000
   105.356    34.979     0.000   105.413    35.019     0.000   105.479    35.054     0.000   105.552    35.084     0.000
   105.629    35.110     0.000   105.707    35.133     0.000   105.807    35.159     0.000   105.905    35.182     0.000
   106.001    35.201     0.000   106.096    35.218     0.000   106.190    35.233     0.000   106.283    35.247     0.000
   106.375    35.260     0.000   106.397    35.259     0.000
10 1
   106.463    35.216     0.000
4 78
   120.635    27.854     0.000   120.574    27.862     0.000   120.512    27.871     0.000   120.450    27.879     0.000
   120.387    27.886     0.000   120.324    27.893     0.000   120.261    27.900     0.000   120.197    27.905     0.000
   120.127    27.909     0.000   120.057    27.912     0.000   119.987    27.912     0.000   119.918    27.909     0.000
   119.850    27.901     0.000   119.784    27.888     0.000   119.721    27.870     0.000   119.648    27.839     0.000
   119.579    27.799     0.000   119.514    27.753     0.000   119.452    27.701     0.000   119.393    27.646     0.000
   119.336    27.588     0.000   119.281    27.528     0.000   119.176    27.414     0.000   119.076    27.300     0.000
   118.980    27.185     0.000   118.889    27.068     0.000   118.805    26.947     0.000   118.726    26.823     0.000
   118.654    26.694     0.000   118.599    26.580     0.000   118.552    26.463     0.000   118.515    26.343     0.000
   118.490    26.221     0.000   118.480    26.099     0.000   118.487    25.978     0.000   118.514    25.858     0.000
   118.553    25.759     0.000   118.605    25.664     0.000   118.670    25.575     0.000   118.746    25.494     0.000
   118.831    25.423     0.000   118.924    25.365     0.000   119.024    25.322     0.000   119.104    25.300     0.000
   119.186    25.286     0.000   119.271    25.281     0.000   119.357    25.282     0.000   119.444    25.289     0.000
   119.532    25.301     0.000   119.620    25.316     0.000   119.720    25.338     0.000   119.819    25.364     0.000
   119.914    25.395     0.000   120.006    25.432     0.000   120.092    25.474     0.000   120.173    25.523     0.000
   120.246    25.579     0.000   120.327    25.659     0.000   120.395    25.750     0.000   120.454    25.849     0.000
   120.503    25.955     0.000   120.544    26.065     0.000   120.578    26.178     0.000   120.607    26.292     0.000
   120.636    26.431     0.000   120.659    26.569     0.000   120.676    26.706     0.000   120.688    26.842     0.000
   120.696    26.979     0.000   120.700    27.115     0.000   120.701    27.252     0.000   120.700    27.328     0.000
   120.699    27.405     0.000   120.696    27.482     0.000   120.694    27.558     0.000   120.690    27.635     0.000
   120.687    27.712     0.000   120.683    27.789     0.000
0 1
   120.635    27.854     0.000
2 95
    96.072    29.661     0.000    96.149    29.631     0.000    96.225    29.602     0.000    96.225    29.602     0.000
    96.311    29.587     0.000    96.396    29.571     0.000    96.479    29.553     0.000    96.560    29.532     0.000
    96.637    29.506     0.000    96.711    29.476     0.000    96.779    29.439     0.000    96.864    29.378     0.000
    96.939    29.304     0.000    97.004    29.221     0.000    97.059    29.130     0.000    97.107    29.033     0.000
    97.147    28.932     0.000    97.180    28.830     0.000    97.213    28.701     0.000    97.235    28.573     0.000
    97.247    28.446     0.000    97.247    28.320     0.000    97.235    28.196     0.000    97.211    28.075     0.000
    97.173    27.956     0.000    97.113    27.826     0.000    97.036    27.702     0.000    96.945    27.583     0.000
    96.841    27.472     0.000    96.727    27.369     0.000    96.603    27.275     0.000    96.472    27.190     0.000
    96.306    27.100     0.000    96.133    27.024     0.000    95.955    26.959     0.000    95.774    26.901     0.000
    95.591    26.850     0.000    95.409    26.802     0.000    95.228    26.755     0.000    95.094    26.719     0.000
    94.961    26.684     0.000    94.828    26.649     0.000    94.692    26.615     0.000    94.553    26.584     0.000
    94.410    26.554     0.000    94.260    26.528     0.000    94.146    26.512     0.000    94.031    26.500     0.000
    93.917    26.493     0.000    93.807    26.495     0.000    93.704    26.508     0.000    93.610    26.532     0.000
    93.528    26.571     0.000    93.448    26.640     0.000    93.386    26.728     0.000    93.341    26.834     0.000
    93.308    26.951     0.000    93.287    27.077     0.000    93.274    27.206     0.000    93.266    27.336     0.000
    93.262    27.482     0.000    93.262    27.622     0.000    93.270    27.757     0.000    93.286    27.888     0.000
    93.312    28.014     0.000    93.349    28.136     0.000    93.400    28.254     0.000    93.468    28.373     0.000
    93.550    28.488     0.000    93.645    28.600     0.000    93.750    28.707     0.000    93.862    28.811     0.000
    93.981    28.911     0.000    94.103    29.008     0.000    94.213    29.091     0.000    94.325    29.171     0.000
    94.440    29.248     0.000    94.557    29.319     0.000    94.677    29.384     0.000    94.802    29.442     0.000
    94.930    29.493     0.000    95.008    29.519     0.000    95.088    29.543     0.000    95.168    29.564     0.000
    95.250    29.584     0.000    95.332    29.603     0.000    95.414    29.620     0.000    95.497    29.638     0.000
    95.556    29.650     0.000    95.616    29.663     0.000    95.676    29.676     0.000    95.735    29.688     0.000
    95.795    29.701     0.000    95.854    29.713     0.000    95.914    29.726     0.000
10 1
    96.072    29.661     0.000
STATION_SITUATION
45011 0
51053 2
51057 0
51058 0
51059 0
51060 2
51068 2
51076 2
51087 5
51133 0
51137 0
51145 0
51156 0
51186 2
51232 0
51238 0
51241 0
51243 0
51288 0
51328 0
51329 0
51330 0
51334 0
51346 2
51352 2
51353 2
51356 5
51357 2
51358 2
51359 5
51365 5
51367 5
51368 5
51369 2
51377 5
51378 2
51379 0
51430 0
51431 0
51433 0
51434 0
51435 0
51436 0
51437 0
51438 0
51463 5
51465 2
51467 0
51468 0
51469 0
51470 5
51477 0
51482 0
51542 0
52267 10
52378 10
52495 10
52575 0
52576 0
52607 0
52674 0
52675 0
52679 0
52681 0
52784 0
52787 0
52797 0
52874 0
52876 0
52885 0
52887 0
52889 0
52895 0
52896 0
52980 0
52981 0
52982 0
52983 0
52984 0
52985 0
52986 0
52988 0
52993 0
52995 0
52996 0
52998 0
53231 0
53324 0
53337 0
53348 0
53419 0
53420 0
53424 0
53433 0
53446 0
53451 0
53455 0
53457 0
53467 0
53478 0
53487 0
53488 0
53492 0
53498 0
53502 10
53505 0
53512 10
53513 0
53517 10
53518 10
53519 10
53522 0
53529 0
53533 0
53543 0
53545 0
53547 0
53553 0
53562 0
53564 0
53565 0
53567 0
53573 0
53574 0
53575 0
53576 0
53577 0
53578 0
53579 0
53580 0
53582 0
53584 0
53585 0
53588 0
53590 0
53593 0
53594 0
53596 0
53599 0
53602 0
53610 10
53610 10
53611 10
53612 10
53614 10
53615 10
53617 10
53618 10
53644 0
53646 0
53651 0
53658 0
53659 0
53660 0
53662 0
53663 0
53664 0
53665 0
53666 0
53669 0
53673 0
53674 0
53676 0
53677 0
53678 0
53679 0
53680 0
53681 0
53682 0
53685 0
53687 0
53688 0
53689 0
53690 0
53691 0
53692 0
53693 0
53694 0
53695 0
53696 0
53697 0
53698 0
53699 0
53704 0
53705 0
53723 0
53725 0
53727 0
53730 0
53732 0
53735 0
53738 0
53740 0
53748 0
53750 0
53751 0
53753 0
53754 0
53756 0
53757 0
53759 0
53760 0
53763 0
53764 0
53767 0
53768 0
53769 0
53770 0
53771 0
53772 0
53773 0
53774 0
53775 0
53776 0
53777 0
53778 0
53780 0
53781 0
53782 0
53783 0
53784 0
53785 0
53786 0
53787 0
53788 0
53789 0
53790 0
53791 0
53792 0
53793 0
53794 0
53795 0
53796 0
53797 0
53798 0
53799 0
53806 0
53810 0
53817 0
53821 0
53829 0
53832 0
53833 0
53841 0
53845 0
53848 0
53850 0
53852 0
53853 0
53854 0
53856 0
53857 0
53859 0
53860 0
53861 0
53862 0
53863 0
53864 0
53865 0
53866 0
53868 0
53869 0
53871 0
53872 0
53873 0
53874 0
53875 0
53877 0
53878 0
53879 0
53880 0
53881 0
53882 0
53884 0
53885 0
53886 0
53888 0
53889 0
53890 0
53891 0
53892 0
53893 0
53894 0
53895 0
53896 0
53897 0
53898 0
53899 0
53903 0
53906 0
53908 0
53910 0
53914 0
53915 0
53916 0
53917 10
53923 0
53924 0
53925 0
53926 0
53927 10
53928 0
53929 0
53930 0
53931 0
53934 0
53935 0
53937 0
53938 0
53941 0
53942 0
53944 0
53945 0
53946 0
53947 0
53948 0
53949 0
53950 0
53953 0
53954 0
53955 0
53956 0
53957 0
53958 0
53959 0
53961 0
53962 0
53963 0
53964 0
53965 0
53966 0
53967 0
53968 0
53970 0
53972 10
53973 0
53974 0
53975 0
53976 0
53978 10
53979 10
53980 0
53981 0
53982 0
53983 10
53984 10
53985 0
53986 10
53987 10
53988 10
53989 10
53990 0
53991 0
53992 0
53993 0
53994 10
53995 0
53996 0
53997 10
53998 10
54705 0
54247 0
54259 0
54267 0
54276 0
54284 0
54285 0
54286 0
54287 0
54290 0
54291 0
54292 0
54293 0
54325 0
54330 0
54331 0
54332 0
54334 0
54335 0
54336 0
54337 0
54338 0
54339 0
54340 0
54342 0
54345 0
54346 0
54347 0
54348 0
54349 0
54351 0
54353 0
54362 0
54363 0
54365 0
54371 0
54374 0
54377 0
54386 0
54398 0
54399 0
54405 0
54406 0
54408 0
54409 0
54410 0
54416 0
54419 0
54421 0
54424 0
54425 0
54428 0
54429 0
54430 0
54431 0
54432 0
54433 0
54434 0
54436 0
54437 0
54438 0
54439 0
54449 0
54452 0
54453 0
54454 0
54455 0
54470 0
54471 0
54472 0
54474 0
54475 0
54476 0
54483 0
54486 0
54493 0
54494 0
54497 0
54499 0
54501 0
54502 0
54503 0
54504 0
54505 0
54506 0
54507 0
54508 0
54510 0
54511 0
54512 0
54513 0
54514 0
54515 0
54517 0
54518 0
54519 0
54520 0
54521 0
54522 0
54523 0
54525 0
54526 0
54527 0
54528 0
54529 0
54530 0
54531 0
54532 0
54533 0
54534 0
54535 0
54539 0
54540 0
54541 0
54563 0
54568 0
54569 0
54575 0
54579 0
54584 0
54587 0
54594 0
54596 0
54597 0
54601 0
54602 0
54603 0
54604 0
54605 0
54606 0
54607 0
54608 0
54609 0
54610 0
54611 0
54612 0
54613 0
54614 0
54615 0
54616 0
54617 0
54618 0
54619 0
54620 0
54621 0
54622 0
54623 0
54624 0
54626 0
54627 0
54628 0
54631 0
54632 0
54633 0
54636 0
54640 0
54644 0
54645 0
54646 0
54660 0
54662 0
54700 0
54701 0
54702 0
54703 0
54704 0
54706 0
54707 0
54707 0
54708 0
54709 0
54710 0
54711 0
54712 0
54713 0
54714 0
54715 0
54716 0
54717 0
54718 0
54719 0
54722 0
54723 0
54724 0
54725 0
54726 0
54727 0
54728 0
54729 0
54730 0
54731 0
54732 0
54734 0
54736 0
54737 0
54738 0
54744 0
54749 0
54751 0
54752 0
54753 0
54755 0
54759 0
54764 0
54800 0
54801 0
54802 0
54803 0
54804 0
54805 0
54806 0
54807 0
54808 0
54809 0
54810 0
54811 0
54812 0
54814 0
54815 0
54816 0
54817 0
54818 0
54819 0
54820 0
54821 0
54822 0
54823 0
54824 0
54825 0
54826 0
54827 0
54828 0
54829 0
54830 0
54831 0
54832 0
54833 0
54834 0
54835 0
54836 0
54837 0
54839 0
54841 0
54842 0
54843 0
54844 0
54846 0
54848 0
54849 0
54851 0
54852 0
54853 0
54855 0
54857 0
54900 0
54901 0
54902 0
54903 0
54904 0
54905 0
54906 10
54907 10
54908 10
54909 10
54910 0
54911 0
54912 0
54913 0
54914 10
54915 10
54916 0
54917 10
54918 0
54919 0
54920 0
54921 10
54922 0
54923 0
54925 0
54927 10
54929 0
54932 0
54935 0
54936 0
54938 0
54939 0
54940 0
54943 0
54945 0
55294 0
55299 0
55493 0
55585 0
55589 0
55591 0
55593 0
55597 0
55598 0
55655 0
55664 0
55680 0
55681 0
55690 0
55696 0
55773 0
56016 0
56018 0
56021 0
56029 0
56034 0
56038 0
56041 0
56045 0
56046 0
56067 0
56091 0
56092 0
56094 0
56095 0
56096 0
56106 0
56109 0
56116 0
56125 0
56128 0
56137 0
56144 0
56147 0
56151 0
56180 0
56181 0
56183 0
56184 0
56186 0
56187 0
56188 0
56189 0
56190 0
56192 0
56193 0
56194 0
56195 0
56196 0
56197 0
56198 0
56199 0
56202 0
56223 0
56227 0
56228 0
56272 0
56273 0
56276 0
56278 0
56279 0
56280 0
56281 0
56284 0
56285 0
56286 0
56287 0
56288 0
56289 0
56290 0
56291 0
56294 0
56295 0
56296 0
56297 0
56298 0
56307 0
56312 0
56317 0
56331 0
56342 0
56373 0
56376 0
56380 0
56381 0
56382 0
56383 0
56384 0
56385 0
56386 0
56387 0
56389 0
56390 0
56391 0
56394 0
56434 0
56441 0
56444 0
56480 0
56483 0
56490 0
56494 0
56533 0
56543 0
56548 0
56641 0
56643 0
56645 0
56646 0
56649 0
56651 0
56654 0
56739 0
56741 0
56742 0
56745 0
56746 0
56748 0
56835 0
56836 0
56837 0
56838 0
56840 0
56841 0
56842 0
56844 0
56845 0
57001 10
57002 10
57003 10
57004 0
57006 10
57007 0
57008 0
57011 10
57012 10
57014 10
57016 10
57020 10
57021 10
57022 0
57023 0
57024 10
57025 10
57026 0
57027 0
57028 0
57029 0
57030 0
57031 0
57032 0
57033 0
57034 0
57035 0
57036 0
57037 0
57038 0
57039 0
57040 0
57041 0
57042 0
57043 0
57044 0
57045 0
57046 0
57047 0
57048 0
57049 0
57051 0
57052 0
57053 0
57054 0
57055 0
57056 0
57057 0
57060 0
57061 0
57063 0
57065 10
57066 10
57067 0
57070 10
57071 10
57072 10
57073 10
57074 10
57075 10
57076 10
57077 10
57078 10
57079 10
57080 10
57081 10
57082 10
57083 10
57085 10
57086 10
57087 10
57088 10
57089 10
57090 10
57091 10
57093 10
57094 10
57095 10
57096 10
57097 10
57098 10
57099 10
57102 0
57105 0
57106 0
57110 0
57111 0
57113 0
57119 0
57124 0
57126 0
57127 0
57128 0
57129 0
57132 0
57134 0
57137 0
57140 0
57143 0
57144 0
57153 0
57154 0
57155 0
57156 0
57162 10
57169 10
57171 10
57173 10
57175 10
57176 10
57177 10
57178 10
57179 10
57180 10
57181 10
57182 10
57183 10
57184 10
57185 10
57186 10
57187 10
57188 10
57189 10
57190 10
57191 10
57192 10
57193 10
57194 10
57195 10
57196 10
57197 10
57198 10
57204 10
57206 10
57208 10
57211 10
57213 0
57216 10
57217 10
57231 0
57232 0
57233 0
57237 0
57238 0
57242 0
57245 0
57247 0
57248 0
57249 0
57251 0
57253 0
57254 0
57256 0
57257 0
57259 0
57260 0
57261 0
57265 0
57268 0
57271 10
57273 10
57274 10
57277 0
57278 0
57279 0
57281 10
57285 0
57289 0
57290 10
57292 10
57293 10
57294 10
57295 0
57296 0
57297 0
57298 0
57299 0
57303 10
57304 10
57306 10
57307 0
57308 0
57309 0
57313 10
57314 10
57315 10
57317 0
57318 0
57320 10
57324 10
57326 0
57328 0
57329 0
57333 0
57338 0
57339 0
57343 0
57345 0
57348 0
57349 0
57355 0
57358 0
57359 0
57361 0
57362 0
57363 0
57368 0
57370 0
57377 0
57378 0
57381 0
57385 0
57387 0
57390 0
57395 0
57396 0
57401 0
57402 0
57405 0
57407 0
57411 0
57413 0
57420 0
57431 0
57439 0
57445 0
57447 0
57451 0
57453 0
57458 0
57460 0
57461 0
57462 0
57464 0
57465 0
57466 0
57469 0
57540 0
57541 0
57543 0
57544 0
57545 0
57554 0
57558 0
57562 0
57643 0
57760 0
57949 0
57954 0
57957 0
57958 0
58001 10
58002 10
58003 10
58004 10
58005 10
58006 10
58007 10
58008 10
58009 10
58010 10
58011 10
58012 10
58013 10
58015 10
58016 10
58020 10
58021 10
58022 10
58024 10
58025 10
58026 10
58027 10
58028 10
58030 10
58032 0
58034 10
58035 10
58036 10
58038 10
58040 0
58041 0
58044 10
58045 10
58046 0
58047 10
58048 10
58049 0
58100 10
58101 25
58102 25
58104 10
58107 10
58108 10
58109 25
58111 25
58113 25
58114 25
58116 25
58117 25
58118 25
58122 10
58125 10
58126 10
58127 10
58128 10
58129 10
58130 10
58131 10
58132 10
58135 10
58138 10
58139 10
58140 10
58141 10
58143 0
58144 10
58145 10
58146 0
58147 10
58148 10
58150 0
58151 0
58154 0
58158 0
58202 0
58203 10
58205 0
58207 0
58208 0
58210 0
58212 10
58214 0
58215 0
58220 0
58221 10
58222 10
58223 10
58224 10
58225 0
58230 0
58234 0
58235 0
58236 0
58237 0
58238 0
58239 0
58240 0
58241 0
58242 0
58243 0
58244 0
58245 0
58246 0
58247 0
58248 0
58249 0
58250 0
58251 0
58252 0
58254 0
58255 0
58257 0
58259 0
58264 0
58268 0
58301 0
58320 0
58321 0
58323 0
58326 0
58330 0
58331 0
58333 0
58335 0
58336 0
58340 0
58341 0
58342 0
58343 0
58344 0
58345 0
58346 0
58351 0
58352 0
58353 0
58354 0
58360 0
58590 0
58744 0
58746 0
58747 0
58748 0
58749 0
58750 0
58751 0
58752 0
58754 0
58836 0
58839 0
58843 0
58844 0
58845 0
58846 0
58847 0
58848 0
58849 0
58932 0
58933 0
58940 0
58941 0
58942 0
58944 0
58945 0
58946 0
59045 0
59051 0
59052 0
59053 0
59055 0
59057 0
59058 0
59059 0
59061 0
59063 0
59064 0
59065 0
59071 0
59072 0
59074 0
59075 0
59087 0
59088 0
59262 0
59264 0
59265 0
59266 0
59268 0
59269 0
59270 0
59271 0
59276 0
59278 0
59279 0
59280 0
59282 0
59284 0
59285 0
59287 0
59288 0
59289 0
59294 0
59462 0
59469 0
59470 0
59471 0
59473 0
59475 0
59476 0
59477 0
59478 0
59480 0
59481 0
59485 0
59487 0
59488 0
59663 0
59673 0
WEATHER_REGION: 0
FILLAREA: 0
NOTES_SYMBOL: 5
48 116.067 33.650 0 2 30 0 4  12 1 255 0 255 255
48 106.073 32.215 0 2 20 0 4  12 1 255 0 255 255
48 106.561 34.834 0 2 12 0 4  12 1 255 0 255 255
48 103.270 40.785 0 2 15 0 4  12 1 255 0 255 255
48 88.492 48.279 0 1 8 0 4  12 1 255 0 255 255
WithProp_LINESYMBOLS: 1
0 4 255 165 43 42 0 0
57
100.955 32.066 0.0
100.682 31.920 0.0
100.410 31.777 0.0
100.137 31.641 0.0
99.863 31.515 0.0
99.586 31.402 0.0
99.306 31.306 0.0
99.021 31.232 0.0
98.648 31.169 0.0
98.266 31.139 0.0
97.876 31.134 0.0
97.479 31.147 0.0
97.076 31.170 0.0
96.669 31.197 0.0
96.258 31.221 0.0
95.899 31.232 0.0
95.543 31.230 0.0
95.191 31.210 0.0
94.847 31.167 0.0
94.514 31.096 0.0
94.197 30.993 0.0
93.897 30.852 0.0
93.664 30.707 0.0
93.440 30.545 0.0
93.220 30.379 0.0
92.997 30.221 0.0
92.766 30.083 0.0
92.520 29.977 0.0
92.254 29.914 0.0
92.090 29.901 0.0
91.920 29.900 0.0
91.749 29.905 0.0
91.580 29.909 0.0
91.418 29.905 0.0
91.266 29.889 0.0
91.129 29.852 0.0
90.975 29.767 0.0
90.849 29.644 0.0
90.745 29.490 0.0
90.658 29.313 0.0
90.583 29.120 0.0
90.515 28.917 0.0
90.450 28.711 0.0
90.307 28.301 0.0
90.149 27.913 0.0
89.971 27.551 0.0
89.770 27.219 0.0
89.541 26.920 0.0
89.282 26.658 0.0
88.988 26.437 0.0
88.703 26.279 0.0
88.393 26.148 0.0
88.062 26.041 0.0
87.715 25.951 0.0
87.356 25.873 0.0
86.988 25.804 0.0
86.617 25.737 0.0
NoLabel 0
