diamond 14 /disk2/diamond/update/rr041508.024
2015 4 15 4 0
LINES: 0
LINES_SYMBOL: 4
38 2 78
   105.776    43.783     0.000   105.734    43.338     0.000   105.702    42.891     0.000   105.686    42.438     0.000
   105.695    41.976     0.000   105.736    41.503     0.000   105.816    41.016     0.000   105.942    40.511     0.000
   106.077    40.105     0.000   106.248    39.703     0.000   106.456    39.322     0.000   106.704    38.981     0.000
   106.996    38.696     0.000   107.336    38.483     0.000   107.728    38.359     0.000   107.907    38.337     0.000
   108.093    38.332     0.000   108.285    38.341     0.000   108.481    38.363     0.000   108.677    38.396     0.000
   108.874    38.437     0.000   109.067    38.486     0.000   109.509    38.623     0.000   109.928    38.784     0.000
   110.333    38.961     0.000   110.730    39.145     0.000   111.126    39.329     0.000   111.528    39.505     0.000
   111.942    39.664     0.000   112.221    39.756     0.000   112.506    39.841     0.000   112.794    39.922     0.000
   113.083    40.003     0.000   113.372    40.086     0.000   113.657    40.175     0.000   113.937    40.274     0.000
   114.219    40.388     0.000   114.493    40.516     0.000   114.758    40.655     0.000   115.014    40.806     0.000
   115.259    40.966     0.000   115.493    41.136     0.000   115.716    41.314     0.000   116.011    41.580     0.000
   116.286    41.857     0.000   116.546    42.144     0.000   116.796    42.438     0.000   117.042    42.736     0.000
   117.288    43.035     0.000   117.540    43.331     0.000   117.920    43.750     0.000   118.318    44.162     0.000
   118.724    44.569     0.000   119.132    44.976     0.000   119.534    45.386     0.000   119.922    45.802     0.000
   120.289    46.227     0.000   120.532    46.537     0.000   120.766    46.852     0.000   120.996    47.169     0.000
   121.226    47.487     0.000   121.463    47.804     0.000   121.712    48.117     0.000   121.980    48.424     0.000
   122.326    48.779     0.000   122.705    49.121     0.000   123.117    49.448     0.000   123.559    49.758     0.000
   124.032    50.050     0.000   124.533    50.320     0.000   125.062    50.569     0.000   125.442    50.726     0.000
   125.832    50.873     0.000   126.231    51.012     0.000   126.638    51.143     0.000   127.052    51.268     0.000
   127.470    51.389     0.000   127.892    51.507     0.000
NoLabel 0
38 2 169
    89.860    26.028     0.000    89.899    26.053     0.000    89.937    26.078     0.000    89.975    26.102     0.000
    90.013    26.127     0.000    90.052    26.151     0.000    90.090    26.176     0.000    90.128    26.200     0.000
    90.403    26.369     0.000    90.677    26.531     0.000    90.951    26.694     0.000    91.226    26.862     0.000
    91.505    27.042     0.000    91.789    27.239     0.000    92.082    27.461     0.000    92.210    27.566     0.000
    92.335    27.675     0.000    92.448    27.788     0.000    92.542    27.904     0.000    92.613    28.022     0.000
    92.651    28.140     0.000    92.651    28.257     0.000    92.626    28.339     0.000    92.581    28.419     0.000
    92.520    28.497     0.000    92.445    28.572     0.000    92.359    28.642     0.000    92.266    28.707     0.000
    92.168    28.766     0.000    91.919    28.882     0.000    91.662    28.962     0.000    91.399    29.011     0.000
    91.133    29.034     0.000    90.866    29.038     0.000    90.601    29.026     0.000    90.339    29.004     0.000
    90.171    28.988     0.000    90.004    28.973     0.000    89.836    28.963     0.000    89.666    28.961     0.000
    89.492    28.971     0.000    89.313    28.995     0.000    89.127    29.037     0.000    89.007    29.073     0.000
    88.890    29.118     0.000    88.779    29.169     0.000    88.681    29.227     0.000    88.601    29.290     0.000
    88.545    29.360     0.000    88.517    29.434     0.000    88.521    29.509     0.000    88.552    29.586     0.000
    88.604    29.663     0.000    88.675    29.739     0.000    88.760    29.811     0.000    88.854    29.879     0.000
    88.953    29.939     0.000    89.195    30.050     0.000    89.439    30.118     0.000    89.686    30.153     0.000
    89.934    30.164     0.000    90.183    30.159     0.000    90.432    30.147     0.000    90.681    30.137     0.000
    90.970    30.136     0.000    91.258    30.149     0.000    91.546    30.173     0.000    91.833    30.208     0.000
    92.119    30.253     0.000    92.403    30.306     0.000    92.686    30.366     0.000    92.951    30.429     0.000
    93.215    30.498     0.000    93.477    30.571     0.000    93.736    30.650     0.000    93.994    30.735     0.000
    94.249    30.825     0.000    94.503    30.920     0.000    94.781    31.030     0.000    95.058    31.142     0.000
    95.336    31.253     0.000    95.618    31.358     0.000    95.905    31.452     0.000    96.199    31.531     0.000
    96.501    31.592     0.000    96.713    31.621     0.000    96.928    31.637     0.000    97.144    31.641     0.000
    97.358    31.631     0.000    97.569    31.606     0.000    97.775    31.565     0.000    97.974    31.507     0.000
    98.181    31.425     0.000    98.380    31.328     0.000    98.575    31.223     0.000    98.769    31.116     0.000
    98.966    31.013     0.000    99.168    30.922     0.000    99.380    30.847     0.000    99.612    30.793     0.000
    99.852    30.764     0.000   100.097    30.759     0.000   100.341    30.777     0.000   100.579    30.819     0.000
   100.807    30.884     0.000   101.019    30.973     0.000   101.248    31.108     0.000   101.450    31.271     0.000
   101.629    31.458     0.000   101.789    31.665     0.000   101.933    31.885     0.000   102.063    32.115     0.000
   102.182    32.349     0.000   102.309    32.618     0.000   102.423    32.887     0.000   102.520    33.158     0.000
   102.598    33.429     0.000   102.653    33.703     0.000   102.682    33.979     0.000   102.681    34.258     0.000
   102.643    34.560     0.000   102.567    34.860     0.000   102.455    35.155     0.000   102.306    35.439     0.000
   102.121    35.708     0.000   101.902    35.955     0.000   101.649    36.177     0.000   101.266    36.422     0.000
   100.836    36.617     0.000   100.369    36.762     0.000    99.875    36.862     0.000    99.364    36.920     0.000
    98.846    36.939     0.000    98.331    36.924     0.000    97.605    36.849     0.000    96.902    36.721     0.000
    96.219    36.554     0.000    95.551    36.359     0.000    94.892    36.149     0.000    94.236    35.935     0.000
    93.578    35.728     0.000    92.672    35.477     0.000    91.753    35.261     0.000    90.823    35.081     0.000
    89.885    34.937     0.000    88.942    34.831     0.000    87.997    34.762     0.000    87.053    34.732     0.000
    86.140    34.739     0.000    85.227    34.772     0.000    84.314    34.819     0.000    83.401    34.869     0.000
    82.485    34.910     0.000    81.569    34.929     0.000    80.654    34.916     0.000    80.231    34.896     0.000
    79.810    34.866     0.000    79.389    34.827     0.000    78.970    34.780     0.000    78.554    34.723     0.000
    78.139    34.658     0.000    77.727    34.585     0.000    77.657    34.572     0.000    77.586    34.558     0.000
    77.516    34.544     0.000    77.446    34.530     0.000    77.376    34.516     0.000    77.306    34.502     0.000
    77.236    34.488     0.000
NoLabel 0
0 4 22
   128.766    52.820         1   128.322    52.504     0.000   127.877    52.192     0.000   127.426    51.888     0.000
   126.963    51.596     0.000   126.481    51.323     0.000   125.975    51.071     0.000   125.437    50.846     0.000
   124.942    50.675     0.000   124.423    50.528     0.000   123.888    50.406     0.000   123.340    50.310     0.000
   122.786    50.240     0.000   122.230    50.197     0.000   121.678    50.183     0.000   120.726    50.226     0.000
   119.793    50.347     0.000   118.869    50.531     0.000   117.950    50.764     0.000   117.030    51.033     0.000
   116.104    51.323     0.000   115.170    51.620     0.000
NoLabel 0
0 4 50
    85.353    30.087         1    85.389    30.058     0.000    85.424    30.030     0.000    85.460    30.002     0.000
    85.496    29.974     0.000    85.532    29.946     0.000    85.568    29.918     0.000    85.605    29.890     0.000
    85.868    29.695     0.000    86.142    29.507     0.000    86.426    29.331     0.000    86.718    29.171     0.000
    87.018    29.033     0.000    87.324    28.919     0.000    87.635    28.836     0.000    88.076    28.774     0.000
    88.526    28.762     0.000    88.986    28.785     0.000    89.454    28.825     0.000    89.930    28.865     0.000
    90.414    28.889     0.000    90.903    28.880     0.000    91.057    28.868     0.000    91.210    28.848     0.000
    91.358    28.819     0.000    91.500    28.779     0.000    91.633    28.724     0.000    91.755    28.654     0.000
    91.864    28.566     0.000    91.931    28.492     0.000    91.990    28.411     0.000    92.038    28.324     0.000
    92.074    28.234     0.000    92.098    28.143     0.000    92.107    28.054     0.000    92.101    27.968     0.000
    92.056    27.840     0.000    91.974    27.726     0.000    91.863    27.623     0.000    91.728    27.528     0.000
    91.577    27.440     0.000    91.417    27.357     0.000    91.254    27.275     0.000    90.877    27.080     0.000
    90.522    26.885     0.000    90.187    26.691     0.000    89.868    26.497     0.000    89.561    26.304     0.000
    89.262    26.111     0.000    88.969    25.917     0.000
NoLabel 0
SYMBOLS: 18
  45    81.859    38.102 0.0 0
 211   105.551    40.708 0.0 0
 211    96.126    40.583 0.0 0
  26   113.377    29.181 0.0 0
  24   124.471    52.539 0.0 0
  26   123.894    45.352 0.0 0
  36    81.224    44.504 0.0 -0.509593
  36    94.143    43.490 0.0 -0.724863
  36   101.839    38.563 0.0 -0.974598
  33   114.818    43.431 0.0 -0.742689
  33   114.817    39.896 0.0 -1.034358
  33   123.574    42.552 0.0 1.190287
  36   127.166    45.720 0.0 1.155288
  33   119.747    48.488 0.0 -0.827626
  36   111.689    37.139 0.0 -1.325811
  48   124.629    41.279 1 13
  48   114.071    29.055 1 8
  48    81.599    44.007 1 28
CLOSED_CONTOURS: 7
4 111
   124.322    54.097     0.000   124.847    53.958     0.000   125.356    53.813     0.000   125.840    53.658     0.000
   126.285    53.490     0.000   126.679    53.307     0.000   127.012    53.103     0.000   127.272    52.878     0.000
   127.496    52.540     0.000   127.600    52.165     0.000   127.614    51.761     0.000   127.567    51.336     0.000
   127.487    50.898     0.000   127.401    50.455     0.000   127.334    50.015     0.000   127.305    49.577     0.000
   127.311    49.148     0.000   127.340    48.727     0.000   127.381    48.312     0.000   127.422    47.902     0.000
   127.453    47.494     0.000   127.463    47.086     0.000   127.444    46.648     0.000   127.397    46.207     0.000
   127.329    45.764     0.000   127.249    45.317     0.000   127.162    44.867     0.000   127.075    44.411     0.000
   126.995    43.951     0.000   126.912    43.392     0.000   126.829    42.831     0.000   126.729    42.277     0.000
   126.595    41.737     0.000   126.411    41.217     0.000   126.160    40.725     0.000   125.826    40.268     0.000
   125.510    39.947     0.000   125.144    39.652     0.000   124.733    39.386     0.000   124.283    39.151     0.000
   123.800    38.952     0.000   123.289    38.789     0.000   122.754    38.667     0.000   122.273    38.596     0.000
   121.786    38.560     0.000   121.303    38.564     0.000   120.832    38.610     0.000   120.384    38.702     0.000
   119.965    38.842     0.000   119.586    39.036     0.000   119.383    39.175     0.000   119.192    39.328     0.000
   119.007    39.488     0.000   118.823    39.650     0.000   118.823    39.650     0.000   118.556    39.797     0.000
   118.286    39.941     0.000   118.012    40.076     0.000   117.733    40.200     0.000   117.448    40.308     0.000
   117.155    40.397     0.000   116.855    40.463     0.000   116.403    40.514     0.000   115.938    40.525     0.000
   115.465    40.513     0.000   114.990    40.494     0.000   114.517    40.485     0.000   114.050    40.503     0.000
   113.592    40.564     0.000   113.145    40.683     0.000   112.717    40.857     0.000   112.318    41.078     0.000
   111.954    41.340     0.000   111.634    41.634     0.000   111.366    41.955     0.000   111.161    42.295     0.000
   111.005    42.722     0.000   110.947    43.161     0.000   110.979    43.605     0.000   111.094    44.047     0.000
   111.284    44.481     0.000   111.543    44.900     0.000   111.861    45.296     0.000   112.272    45.703     0.000
   112.728    46.083     0.000   113.209    46.443     0.000   113.699    46.792     0.000   114.177    47.140     0.000
   114.625    47.495     0.000   115.024    47.866     0.000   115.421    48.348     0.000   115.742    48.862     0.000
   116.011    49.403     0.000   116.254    49.964     0.000   116.495    50.537     0.000   116.763    51.117     0.000
   117.084    51.695     0.000   117.376    52.122     0.000   117.718    52.535     0.000   118.111    52.923     0.000
   118.559    53.277     0.000   119.061    53.588     0.000   119.620    53.845     0.000   120.236    54.039     0.000
   120.693    54.132     0.000   121.173    54.195     0.000   121.670    54.232     0.000   122.182    54.248     0.000
   122.704    54.248     0.000   123.232    54.236     0.000   123.763    54.217     0.000
0 1
   124.322    54.097     0.000
2 65
   125.003    42.096     0.000   125.053    42.077     0.000   125.101    42.058     0.000   125.149    42.037     0.000
   125.194    42.016     0.000   125.237    41.992     0.000   125.276    41.966     0.000   125.311    41.938     0.000
   125.346    41.902     0.000   125.374    41.862     0.000   125.397    41.820     0.000   125.415    41.776     0.000
   125.428    41.730     0.000   125.437    41.684     0.000   125.442    41.637     0.000   125.440    41.541     0.000
   125.423    41.447     0.000   125.393    41.355     0.000   125.350    41.265     0.000   125.298    41.176     0.000
   125.237    41.088     0.000   125.168    41.001     0.000   125.102    40.922     0.000   125.031    40.846     0.000
   124.955    40.775     0.000   124.874    40.711     0.000   124.788    40.656     0.000   124.697    40.612     0.000
   124.600    40.583     0.000   124.512    40.570     0.000   124.421    40.568     0.000   124.327    40.574     0.000
   124.230    40.587     0.000   124.131    40.606     0.000   124.030    40.627     0.000   123.929    40.650     0.000
   123.833    40.678     0.000   123.758    40.706     0.000   123.686    40.738     0.000   123.620    40.776     0.000
   123.561    40.817     0.000   123.511    40.861     0.000   123.471    40.908     0.000   123.446    40.956     0.000
   123.434    41.029     0.000   123.448    41.104     0.000   123.485    41.180     0.000   123.538    41.258     0.000
   123.603    41.338     0.000   123.674    41.417     0.000   123.747    41.498     0.000   123.829    41.592     0.000
   123.909    41.684     0.000   123.990    41.771     0.000   124.074    41.849     0.000   124.165    41.916     0.000
   124.266    41.969     0.000   124.380    42.005     0.000   124.415    42.012     0.000   124.450    42.018     0.000
   124.487    42.022     0.000   124.524    42.025     0.000   124.562    42.028     0.000   124.600    42.031     0.000
   124.638    42.033     0.000
10 1
   125.003    42.096     0.000
4 108
   117.184    30.541     0.000   117.305    30.472     0.000   117.426    30.404     0.000   117.551    30.339     0.000
   117.680    30.278     0.000   117.815    30.224     0.000   117.959    30.177     0.000   118.111    30.139     0.000
   118.344    30.101     0.000   118.587    30.075     0.000   118.827    30.050     0.000   119.052    30.016     0.000
   119.248    29.965     0.000   119.404    29.885     0.000   119.507    29.768     0.000   119.536    29.690     0.000
   119.548    29.602     0.000   119.545    29.507     0.000   119.530    29.408     0.000   119.502    29.308     0.000
   119.465    29.208     0.000   119.418    29.113     0.000   119.354    29.008     0.000   119.280    28.912     0.000
   119.198    28.824     0.000   119.109    28.743     0.000   119.014    28.670     0.000   118.914    28.603     0.000
   118.809    28.542     0.000   118.409    28.358     0.000   117.981    28.218     0.000   117.536    28.105     0.000
   117.087    28.000     0.000   116.646    27.885     0.000   116.646    27.885     0.000   116.354    27.684     0.000
   116.060    27.483     0.000   116.060    27.483     0.000   115.808    27.383     0.000   115.556    27.283     0.000
   115.305    27.182     0.000   115.056    27.081     0.000   114.807    26.980     0.000   114.561    26.879     0.000
   114.315    26.778     0.000   114.045    26.666     0.000   113.776    26.555     0.000   113.506    26.444     0.000
   113.235    26.334     0.000   112.960    26.225     0.000   112.680    26.117     0.000   112.394    26.011     0.000
   112.231    25.952     0.000   112.065    25.897     0.000   111.900    25.848     0.000   111.735    25.809     0.000
   111.570    25.783     0.000   111.408    25.773     0.000   111.248    25.781     0.000   110.919    25.871     0.000
   110.612    26.045     0.000   110.335    26.287     0.000   110.096    26.579     0.000   109.903    26.905     0.000
   109.767    27.246     0.000   109.695    27.587     0.000   109.694    27.910     0.000   109.754    28.220     0.000
   109.863    28.522     0.000   110.008    28.822     0.000   110.175    29.123     0.000   110.352    29.432     0.000
   110.525    29.754     0.000   110.692    30.108     0.000   110.852    30.467     0.000   111.017    30.817     0.000
   111.199    31.143     0.000   111.410    31.430     0.000   111.663    31.662     0.000   111.968    31.824     0.000
   112.110    31.867     0.000   112.261    31.899     0.000   112.419    31.924     0.000   112.584    31.945     0.000
   112.753    31.964     0.000   112.926    31.986     0.000   113.100    32.014     0.000   113.256    32.044     0.000
   113.411    32.078     0.000   113.563    32.110     0.000   113.712    32.136     0.000   113.855    32.152     0.000
   113.990    32.153     0.000   114.118    32.135     0.000   114.296    32.063     0.000   114.454    31.947     0.000
   114.600    31.799     0.000   114.738    31.631     0.000   114.875    31.454     0.000   115.017    31.280     0.000
   115.170    31.123     0.000   115.354    30.979     0.000   115.554    30.863     0.000   115.769    30.770     0.000
   115.995    30.693     0.000   116.230    30.630     0.000   116.471    30.576     0.000   116.714    30.525     0.000

0 1
   117.184    30.541     0.000
4 181
    88.641    49.733     0.000    88.727    49.676     0.000    88.727    49.676     0.000    88.863    49.596     0.000
    88.996    49.515     0.000    89.123    49.432     0.000    89.241    49.347     0.000    89.346    49.258     0.000
    89.436    49.164     0.000    89.508    49.066     0.000    89.595    48.841     0.000    89.600    48.600     0.000
    89.532    48.352     0.000    89.403    48.106     0.000    89.221    47.872     0.000    88.995    47.659     0.000
    88.734    47.477     0.000    88.560    47.384     0.000    88.377    47.303     0.000    88.187    47.233     0.000
    87.991    47.172     0.000    87.791    47.116     0.000    87.589    47.065     0.000    87.386    47.014     0.000
    87.222    46.973     0.000    87.057    46.932     0.000    86.894    46.890     0.000    86.731    46.847     0.000
    86.569    46.803     0.000    86.409    46.757     0.000    86.249    46.711     0.000    86.090    46.662     0.000
    85.932    46.613     0.000    85.775    46.562     0.000    85.618    46.509     0.000    85.462    46.456     0.000
    85.305    46.401     0.000    85.148    46.346     0.000    85.055    46.312     0.000    84.964    46.277     0.000
    84.875    46.239     0.000    84.790    46.198     0.000    84.712    46.152     0.000    84.640    46.100     0.000
    84.578    46.042     0.000    84.540    45.995     0.000    84.509    45.946     0.000    84.484    45.894     0.000
    84.468    45.842     0.000    84.462    45.790     0.000    84.465    45.740     0.000    84.480    45.692     0.000
    84.513    45.639     0.000    84.560    45.591     0.000    84.619    45.547     0.000    84.688    45.508     0.000
    84.765    45.472     0.000    84.846    45.440     0.000    84.929    45.411     0.000    85.131    45.354     0.000
    85.334    45.311     0.000    85.536    45.282     0.000    85.740    45.263     0.000    85.944    45.251     0.000
    86.150    45.245     0.000    86.357    45.243     0.000    86.848    45.237     0.000    87.344    45.227     0.000
    87.838    45.204     0.000    88.325    45.161     0.000    88.800    45.090     0.000    89.256    44.984     0.000
    89.687    44.835     0.000    89.859    44.758     0.000    90.022    44.671     0.000    90.173    44.574     0.000
    90.308    44.465     0.000    90.424    44.343     0.000    90.517    44.208     0.000    90.585    44.059     0.000
    90.603    43.998     0.000    90.616    43.936     0.000    90.622    43.875     0.000    90.620    43.816     0.000
    90.609    43.762     0.000    90.588    43.713     0.000    90.555    43.671     0.000    90.495    43.629     0.000
    90.416    43.599     0.000    90.322    43.580     0.000    90.217    43.569     0.000    90.105    43.564     0.000
    89.989    43.562     0.000    89.872    43.561     0.000    89.593    43.556     0.000    89.331    43.545     0.000
    89.081    43.528     0.000    88.841    43.506     0.000    88.607    43.479     0.000    88.377    43.448     0.000
    88.147    43.413     0.000    87.859    43.364     0.000    87.566    43.311     0.000    87.271    43.254     0.000
    86.973    43.194     0.000    86.674    43.132     0.000    86.374    43.069     0.000    86.074    43.006     0.000
    85.757    42.941     0.000    85.442    42.877     0.000    85.127    42.818     0.000    84.813    42.765     0.000
    84.500    42.720     0.000    84.188    42.684     0.000    83.877    42.659     0.000    83.425    42.643     0.000
    83.425    42.643     0.000    83.027    42.634     0.000    82.628    42.622     0.000    82.226    42.605     0.000
    81.819    42.580     0.000    81.407    42.547     0.000    80.988    42.503     0.000    80.561    42.445     0.000
    80.405    42.422     0.000    80.249    42.399     0.000    80.095    42.379     0.000    79.944    42.364     0.000
    79.799    42.358     0.000    79.660    42.363     0.000    79.529    42.381     0.000    79.299    42.460     0.000
    79.102    42.590     0.000    78.935    42.761     0.000    78.794    42.965     0.000    78.678    43.191     0.000
    78.584    43.430     0.000    78.510    43.673     0.000    78.433    44.026     0.000    78.396    44.366     0.000
    78.401    44.693     0.000    78.447    45.008     0.000    78.536    45.311     0.000    78.668    45.602     0.000
    78.844    45.881     0.000    79.002    46.078     0.000    79.180    46.270     0.000    79.376    46.458     0.000
    79.587    46.641     0.000    79.810    46.821     0.000    80.040    46.999     0.000    80.276    47.175     0.000
    80.407    47.258     0.000    80.818    47.517     0.000    81.231    47.772     0.000    81.652    48.021     0.000
    82.083    48.259     0.000    82.529    48.482     0.000    82.993    48.686     0.000    83.479    48.866     0.000
    83.861    48.984     0.000    84.255    49.089     0.000    84.659    49.182     0.000    85.070    49.266     0.000
    85.487    49.344     0.000    85.906    49.417     0.000    86.327    49.487     0.000    86.505    49.517     0.000
    86.683    49.546     0.000    86.861    49.574     0.000    87.040    49.601     0.000    87.219    49.625     0.000
    87.399    49.647     0.000    87.580    49.665     0.000    87.674    49.674     0.000    87.768    49.681     0.000
    87.862    49.687     0.000    87.956    49.693     0.000    88.051    49.698     0.000    88.145    49.703     0.000
    88.240    49.708     0.000
0 1
    88.641    49.733     0.000
2 113
    84.265    44.620     0.000    84.393    44.635     0.000    84.521    44.648     0.000    84.651    44.657     0.000
    84.784    44.659     0.000    84.919    44.654     0.000    85.059    44.639     0.000    85.204    44.612     0.000
    85.253    44.600     0.000    85.300    44.587     0.000    85.345    44.571     0.000    85.386    44.554     0.000
    85.420    44.534     0.000    85.446    44.513     0.000    85.462    44.488     0.000    85.467    44.460     0.000
    85.461    44.429     0.000    85.445    44.397     0.000    85.421    44.364     0.000    85.391    44.332     0.000
    85.356    44.302     0.000    85.318    44.273     0.000    85.188    44.201     0.000    85.050    44.151     0.000
    84.905    44.117     0.000    84.758    44.092     0.000    84.613    44.069     0.000    84.472    44.041     0.000
    84.341    44.001     0.000    84.208    43.937     0.000    84.087    43.855     0.000    83.973    43.763     0.000
    83.862    43.666     0.000    83.749    43.572     0.000    83.628    43.486     0.000    83.497    43.416     0.000
    83.427    43.389     0.000    83.354    43.366     0.000    83.278    43.346     0.000    83.199    43.329     0.000
    83.120    43.314     0.000    83.039    43.299     0.000    82.958    43.285     0.000    82.742    43.243     0.000
    82.528    43.199     0.000    82.315    43.157     0.000    82.104    43.119     0.000    81.893    43.089     0.000
    81.684    43.070     0.000    81.475    43.066     0.000    81.362    43.071     0.000    81.250    43.081     0.000
    81.136    43.093     0.000    81.022    43.107     0.000    80.906    43.122     0.000    80.789    43.137     0.000
    80.670    43.150     0.000    80.577    43.158     0.000    80.485    43.167     0.000    80.393    43.176     0.000
    80.304    43.188     0.000    80.218    43.203     0.000    80.136    43.224     0.000    80.061    43.251     0.000
    79.960    43.307     0.000    79.875    43.378     0.000    79.805    43.461     0.000    79.750    43.556     0.000
    79.709    43.658     0.000    79.682    43.766     0.000    79.669    43.876     0.000    79.668    43.965     0.000
    79.677    44.053     0.000    79.697    44.137     0.000    79.729    44.215     0.000    79.774    44.287     0.000
    79.833    44.350     0.000    79.907    44.401     0.000    79.957    44.426     0.000    80.012    44.447     0.000
    80.071    44.465     0.000    80.132    44.480     0.000    80.196    44.494     0.000    80.261    44.507     0.000
    80.326    44.519     0.000    80.490    44.551     0.000    80.651    44.582     0.000    80.811    44.610     0.000
    80.970    44.634     0.000    81.128    44.650     0.000    81.286    44.657     0.000    81.443    44.653     0.000
    81.526    44.645     0.000    81.609    44.634     0.000    81.692    44.621     0.000    81.775    44.606     0.000
    81.858    44.591     0.000    81.942    44.575     0.000    82.026    44.561     0.000    82.184    44.536     0.000
    82.344    44.518     0.000    82.504    44.504     0.000    82.664    44.494     0.000    82.825    44.490     0.000
    82.985    44.489     0.000    83.146    44.493     0.000    83.278    44.499     0.000    83.411    44.507     0.000
    83.543    44.517     0.000    83.675    44.529     0.000    83.807    44.541     0.000    83.939    44.554     0.000
    84.071    44.568     0.000
10 1
    84.071    44.568     0.000
4 150
    92.913    29.776     0.000    92.986    29.809     0.000    93.060    29.841     0.000    93.134    29.872     0.000
    93.208    29.902     0.000    93.282    29.930     0.000    93.357    29.955     0.000    93.432    29.978     0.000
    93.611    30.019     0.000    93.792    30.047     0.000    93.977    30.066     0.000    94.166    30.082     0.000
    94.360    30.101     0.000    94.560    30.127     0.000    94.767    30.167     0.000    94.944    30.211     0.000
    95.122    30.258     0.000    95.297    30.302     0.000    95.466    30.332     0.000    95.623    30.340     0.000
    95.764    30.318     0.000    95.885    30.257     0.000    95.935    30.211     0.000    95.979    30.155     0.000
    96.016    30.093     0.000    96.045    30.025     0.000    96.065    29.953     0.000    96.077    29.881     0.000
    96.078    29.809     0.000    96.065    29.716     0.000    96.036    29.628     0.000    95.992    29.544     0.000
    95.935    29.464     0.000    95.869    29.388     0.000    95.796    29.316     0.000    95.716    29.246     0.000
    95.556    29.122     0.000    95.391    29.004     0.000    95.228    28.889     0.000    95.073    28.773     0.000
    94.935    28.653     0.000    94.819    28.525     0.000    94.733    28.386     0.000    94.681    28.228     0.000
    94.658    28.059     0.000    94.654    27.880     0.000    94.658    27.695     0.000    94.661    27.508     0.000
    94.653    27.320     0.000    94.622    27.137     0.000    94.585    27.013     0.000    94.533    26.895     0.000
    94.469    26.781     0.000    94.394    26.675     0.000    94.308    26.577     0.000    94.212    26.488     0.000
    94.108    26.411     0.000    93.913    26.304     0.000    93.700    26.228     0.000    93.473    26.178     0.000
    93.235    26.150     0.000    92.991    26.138     0.000    92.745    26.139     0.000    92.500    26.148     0.000
    92.301    26.158     0.000    92.105    26.171     0.000    91.911    26.185     0.000    91.720    26.200     0.000
    91.530    26.216     0.000    91.341    26.232     0.000    91.153    26.249     0.000    90.751    26.339     0.000
    90.357    26.439     0.000    89.967    26.544     0.000    89.655    26.625     0.000    89.342    26.704     0.000
    89.028    26.782     0.000    88.633    26.876     0.000    88.237    26.968     0.000    87.840    27.057     0.000
    87.442    27.146     0.000    87.044    27.234     0.000    86.646    27.322     0.000    86.248    27.411     0.000
    85.963    27.476     0.000    85.681    27.547     0.000    85.402    27.628     0.000    85.128    27.724     0.000
    84.860    27.841     0.000    84.601    27.983     0.000    84.350    28.155     0.000    84.178    28.299     0.000
    84.020    28.458     0.000    83.882    28.627     0.000    83.773    28.805     0.000    83.702    28.987     0.000
    83.675    29.170     0.000    83.701    29.351     0.000    83.738    29.443     0.000    83.790    29.532     0.000
    83.855    29.617     0.000    83.931    29.696     0.000    84.015    29.768     0.000    84.107    29.832     0.000
    84.203    29.886     0.000    84.463    29.978     0.000    84.738    30.010     0.000    85.025    29.996     0.000
    85.320    29.948     0.000    85.620    29.878     0.000    85.922    29.800     0.000    86.224    29.725     0.000
    86.616    29.650     0.000    87.003    29.602     0.000    87.385    29.580     0.000    87.385    29.580     0.000
    87.622    29.627     0.000    87.859    29.672     0.000    88.096    29.710     0.000    88.333    29.741     0.000
    88.569    29.761     0.000    88.805    29.767     0.000    89.039    29.758     0.000    89.195    29.743     0.000
    89.351    29.720     0.000    89.505    29.691     0.000    89.660    29.657     0.000    89.814    29.619     0.000
    89.968    29.578     0.000    90.122    29.535     0.000    90.301    29.483     0.000    90.480    29.433     0.000
    90.660    29.386     0.000    90.840    29.345     0.000    91.020    29.313     0.000    91.020    29.313     0.000
    91.216    29.336     0.000    91.413    29.360     0.000    91.608    29.387     0.000    91.801    29.420     0.000
    91.992    29.459     0.000    92.180    29.507     0.000    92.364    29.565     0.000    92.397    29.578     0.000
    92.431    29.590     0.000    92.465    29.603     0.000    92.498    29.616     0.000    92.532    29.629     0.000
    92.565    29.643     0.000    92.599    29.656     0.000
0 1
    92.913    29.776     0.000
2 81
    81.654    44.060     0.000    81.675    44.061     0.000    81.675    44.061     0.000    81.685    44.061     0.000
    81.695    44.061     0.000    81.706    44.061     0.000    81.716    44.061     0.000    81.727    44.061     0.000
    81.738    44.061     0.000    81.749    44.061     0.000    81.775    44.061     0.000    81.803    44.059     0.000
    81.830    44.056     0.000    81.855    44.052     0.000    81.878    44.045     0.000    81.897    44.035     0.000
    81.912    44.023     0.000    81.920    44.010     0.000    81.925    43.997     0.000    81.926    43.982     0.000
    81.925    43.967     0.000    81.921    43.953     0.000    81.913    43.939     0.000    81.904    43.928     0.000
    81.890    43.918     0.000    81.874    43.910     0.000    81.856    43.904     0.000    81.837    43.900     0.000
    81.816    43.897     0.000    81.795    43.895     0.000    81.774    43.893     0.000    81.732    43.891     0.000
    81.691    43.890     0.000    81.651    43.890     0.000    81.612    43.890     0.000    81.573    43.891     0.000
    81.535    43.892     0.000    81.496    43.893     0.000    81.474    43.893     0.000    81.446    43.892     0.000
    81.419    43.892     0.000    81.391    43.892     0.000    81.365    43.893     0.000    81.340    43.897     0.000
    81.316    43.903     0.000    81.295    43.913     0.000    81.280    43.923     0.000    81.267    43.935     0.000
    81.257    43.948     0.000    81.249    43.962     0.000    81.244    43.977     0.000    81.242    43.992     0.000
    81.244    44.007     0.000    81.247    44.016     0.000    81.252    44.025     0.000    81.258    44.033     0.000
    81.266    44.041     0.000    81.274    44.048     0.000    81.284    44.055     0.000    81.294    44.061     0.000
    81.312    44.069     0.000    81.331    44.075     0.000    81.350    44.080     0.000    81.371    44.083     0.000
    81.392    44.086     0.000    81.413    44.087     0.000    81.434    44.088     0.000    81.456    44.089     0.000
    81.477    44.089     0.000    81.499    44.089     0.000    81.520    44.088     0.000    81.541    44.087     0.000
    81.562    44.085     0.000    81.583    44.084     0.000    81.590    44.083     0.000    81.596    44.082     0.000
    81.603    44.081     0.000    81.610    44.081     0.000    81.617    44.080     0.000    81.624    44.079     0.000
    81.630    44.078     0.000
25 1
    81.654    44.060     0.000
STATION_SITUATION
50136 0
50204 0
50246 0
50247 0
50349 0
50353 0
50425 0
50431 0
50434 0
50442 0
50445 0
50514 0
50524 0
50525 0
50526 0
50527 0
50548 0
50557 0
50603 0
50618 0
50632 0
50639 0
50645 0
50646 0
50647 0
50655 0
50656 0
50658 0
50659 0
50727 0
50739 0
50741 0
50742 0
50745 0
50749 0
50750 0
50755 0
50756 0
50758 0
50767 0
50832 0
50833 0
50834 0
50838 0
50842 0
50844 0
50851 0
50852 0
50853 0
50854 0
50858 0
50859 0
50913 0
50915 0
50928 0
50934 0
50936 0
50937 0
50939 0
50940 0
50945 0
50946 0
50948 0
50949 0
50950 0
50953 0
50954 0
50955 0
50956 0
50958 0
51053 0
51057 0
51058 0
51059 0
51060 0
51068 0
51076 0
51133 0
51137 0
51145 0
51156 0
51232 0
51238 0
51241 0
51243 0
51328 10
51329 10
51330 0
51334 0
51346 10
51352 0
51353 0
51356 0
51357 0
51358 0
51359 0
51365 0
51367 0
51368 0
51369 0
51377 0
51378 0
51379 0
51430 10
51431 25
51433 10
51434 25
51435 10
51436 10
51437 10
51438 10
51463 0
51465 0
51469 0
51470 0
51482 0
51542 0
53068 0
53083 0
53192 0
53194 0
53195 0
53201 0
53272 0
53276 0
53289 0
53378 0
53384 0
53385 0
53391 0
53392 0
53397 0
53399 0
53472 0
53480 0
53481 0
53483 0
53491 0
53498 0
53499 0
54001 0
54010 0
54012 0
54024 0
54026 0
54027 0
54031 0
54039 0
54041 0
54047 0
54049 0
54063 0
54064 0
54065 0
54069 0
54072 0
54076 0
54080 0
54102 0
54103 0
54113 0
54115 0
54117 0
54122 0
54132 0
54134 0
54135 0
54142 0
54154 0
54155 0
54156 0
54157 0
54161 0
54164 0
54165 0
54169 0
54171 0
54172 0
54204 0
54205 0
54208 0
54209 0
54213 0
54214 0
54218 0
54219 0
54223 0
54225 0
54226 0
54231 0
54234 0
54236 0
54237 0
54243 0
54244 0
54245 0
54247 0
54248 0
54249 0
54252 0
54254 0
54259 0
54260 0
54261 0
54263 0
54266 0
54267 0
54273 0
54274 0
54301 0
54304 0
54305 0
54308 0
54311 0
54313 0
54316 0
54318 0
54319 0
54320 0
54321 0
54323 0
54324 0
54325 0
54326 0
54327 0
54328 0
54330 0
54331 0
54332 0
54333 0
54334 0
54335 0
54336 0
54337 0
54338 0
54339 0
54340 0
54342 0
54345 0
54346 10
54347 0
54348 0
54349 10
54351 0
54353 10
54362 0
54363 0
54365 10
54371 0
54377 0
54401 0
54404 0
54410 0
54412 0
54420 0
54421 0
54422 0
54423 0
54425 0
54430 0
54432 0
54434 0
54436 0
54438 0
54439 0
54449 0
54452 0
54453 0
54454 0
54455 0
54470 0
54471 0
54472 0
54474 0
54475 0
54476 0
54483 10
54486 0
54493 10
54494 0
54497 0
54531 0
54540 0
54541 0
54563 0
54568 0
54569 0
54575 0
54579 0
54584 0
54587 0
54660 0
54662 0
55569 0
55572 0
55578 0
55585 0
55589 0
55597 0
55598 0
55655 0
55664 0
55680 0
55681 0
55690 0
55696 0
55773 0
56227 0
56307 0
56312 0
56317 0
57289 0
57297 0
57363 0
57368 0
57370 0
57377 0
57378 0
57381 0
57387 0
57388 0
57389 0
57390 0
57395 0
57398 0
57399 0
57453 0
57460 0
57461 0
57464 0
57465 0
57466 0
57469 0
57474 0
57475 0
57476 0
57477 0
57481 0
57482 0
57483 0
57485 0
57486 0
57489 0
57491 0
57492 0
57493 0
57494 0
57496 0
57498 0
57499 0
57558 0
57562 0
57564 0
57565 0
57566 0
57571 0
57573 0
57574 0
57575 0
57577 0
57581 0
57582 0
57583 0
57584 0
57585 0
57586 0
57589 0
57590 0
57595 0
57598 0
57655 0
57657 0
57658 0
57661 0
57662 0
57663 0
57666 0
57669 0
57671 0
57673 0
57674 0
57678 0
57679 0
57680 0
57682 0
57687 0
57688 0
57694 0
57696 0
57698 0
57699 0
57743 0
57746 0
57749 0
57752 0
57754 0
57758 0
57760 0
57761 0
57762 0
57763 0
57766 0
57767 0
57768 0
57769 0
57771 0
57772 0
57773 0
57774 0
57776 0
57777 0
57778 0
57779 0
57780 0
57781 0
57782 0
57786 0
57789 0
57792 0
57793 0
57796 0
57798 0
57799 0
57846 0
57851 0
57853 0
57857 0
57860 0
57865 0
57866 0
57867 0
57868 0
57870 0
57871 0
57872 0
57874 0
57875 0
57876 0
57881 0
57882 0
57883 0
57891 0
57960 0
57962 0
58401 0
58402 0
58404 0
58407 0
58408 0
58409 0
58414 0
58416 0
58417 0
58418 0
58419 0
58424 0
58428 0
58437 0
58500 0
58501 0
58502 0
58503 0
58506 0
58507 0
58508 0
58509 0
58510 0
58512 0
58514 0
58517 0
58518 0
58519 0
58520 0
58523 0
58527 0
58529 0
58530 0
58531 0
58534 0
58537 0
58543 0
58544 0
58547 0
58548 0
58590 0
58600 0
58601 0
58602 0
58605 0
58606 0
58607 0
58608 0
58609 0
58611 0
58612 0
58614 0
58615 0
58616 0
58617 0
58618 0
58620 0
58622 0
58623 0
58624 0
58625 0
58626 0
58627 0
58629 0
58631 0
58632 0
58633 0
58634 0
58635 0
58637 0
58693 0
58701 0
58704 0
58705 0
58706 0
58707 0
58710 0
58712 0
58714 0
WEATHER_REGION: 0
FILLAREA: 0
NOTES_SYMBOL: 3
48 124.629 41.279 0 2 13 0 4 ו 12 1 255 0 255 255
48 114.071 29.055 0 1 8 0 4 ו 12 1 255 0 255 255
48 81.599 44.007 0 2 28 0 4 ו 12 1 255 0 255 255
WithProp_LINESYMBOLS: 2
0 4 255 165 43 42 0 0
22
128.766 52.820 0.0
128.322 52.504 0.0
127.877 52.192 0.0
127.426 51.888 0.0
126.963 51.596 0.0
126.481 51.323 0.0
125.975 51.071 0.0
125.437 50.846 0.0
124.942 50.675 0.0
124.423 50.528 0.0
123.888 50.406 0.0
123.340 50.310 0.0
122.786 50.240 0.0
122.230 50.197 0.0
121.678 50.183 0.0
120.726 50.226 0.0
119.793 50.347 0.0
118.869 50.531 0.0
117.950 50.764 0.0
117.030 51.033 0.0
116.104 51.323 0.0
115.170 51.620 0.0
NoLabel 0
0 4 255 165 43 42 0 0
50
85.353 30.087 0.0
85.389 30.058 0.0
85.424 30.030 0.0
85.460 30.002 0.0
85.496 29.974 0.0
85.532 29.946 0.0
85.568 29.918 0.0
85.605 29.890 0.0
85.868 29.695 0.0
86.142 29.507 0.0
86.426 29.331 0.0
86.718 29.171 0.0
87.018 29.033 0.0
87.324 28.919 0.0
87.635 28.836 0.0
88.076 28.774 0.0
88.526 28.762 0.0
88.986 28.785 0.0
89.454 28.825 0.0
89.930 28.865 0.0
90.414 28.889 0.0
90.903 28.880 0.0
91.057 28.868 0.0
91.210 28.848 0.0
91.358 28.819 0.0
91.500 28.779 0.0
91.633 28.724 0.0
91.755 28.654 0.0
91.864 28.566 0.0
91.931 28.492 0.0
91.990 28.411 0.0
92.038 28.324 0.0
92.074 28.234 0.0
92.098 28.143 0.0
92.107 28.054 0.0
92.101 27.968 0.0
92.056 27.840 0.0
91.974 27.726 0.0
91.863 27.623 0.0
91.728 27.528 0.0
91.577 27.440 0.0
91.417 27.357 0.0
91.254 27.275 0.0
90.877 27.080 0.0
90.522 26.885 0.0
90.187 26.691 0.0
89.868 26.497 0.0
89.561 26.304 0.0
89.262 26.111 0.0
88.969 25.917 0.0
NoLabel 0
