diamond 14 /disk2/diamond/update/rr040808.024
2015 4 8 4 0
LINES: 0
LINES_SYMBOL: 5
38 2 232
    91.455    26.017     0.000    91.507    26.057     0.000    91.558    26.098     0.000    91.609    26.139     0.000
    91.661    26.180     0.000    91.714    26.222     0.000    91.766    26.265     0.000    91.819    26.310     0.000
    92.072    26.533     0.000    92.320    26.779     0.000    92.546    27.043     0.000    92.731    27.318     0.000
    92.856    27.598     0.000    92.903    27.879     0.000    92.852    28.153     0.000    92.809    28.244     0.000
    92.758    28.335     0.000    92.702    28.426     0.000    92.646    28.517     0.000    92.596    28.610     0.000
    92.557    28.706     0.000    92.532    28.805     0.000    92.527    28.886     0.000    92.533    28.969     0.000
    92.550    29.052     0.000    92.578    29.133     0.000    92.616    29.210     0.000    92.662    29.284     0.000
    92.717    29.351     0.000    92.830    29.454     0.000    92.962    29.537     0.000    93.109    29.603     0.000
    93.268    29.656     0.000    93.434    29.698     0.000    93.604    29.732     0.000    93.775    29.762     0.000
    94.057    29.809     0.000    94.332    29.853     0.000    94.604    29.893     0.000    94.875    29.932     0.000
    95.148    29.967     0.000    95.426    30.001     0.000    95.710    30.033     0.000    95.957    30.057     0.000
    96.207    30.076     0.000    96.456    30.085     0.000    96.700    30.079     0.000    96.935    30.054     0.000
    97.157    30.007     0.000    97.361    29.932     0.000    97.648    29.750     0.000    97.894    29.510     0.000
    98.116    29.232     0.000    98.329    28.939     0.000    98.551    28.653     0.000    98.797    28.396     0.000
    99.083    28.187     0.000    99.214    28.122     0.000    99.351    28.068     0.000    99.495    28.027     0.000
    99.644    27.998     0.000    99.796    27.983     0.000    99.949    27.981     0.000   100.103    27.993     0.000
   100.252    28.020     0.000   100.397    28.059     0.000   100.536    28.112     0.000   100.668    28.177     0.000
   100.789    28.253     0.000   100.897    28.341     0.000   100.990    28.439     0.000   101.080    28.572     0.000
   101.145    28.718     0.000   101.187    28.873     0.000   101.206    29.035     0.000   101.203    29.202     0.000
   101.179    29.370     0.000   101.136    29.537     0.000   101.081    29.689     0.000   101.016    29.839     0.000
   100.949    29.984     0.000   100.885    30.126     0.000   100.833    30.264     0.000   100.799    30.398     0.000
   100.789    30.528     0.000   100.835    30.724     0.000   100.947    30.911     0.000   101.116    31.088     0.000
   101.328    31.256     0.000   101.571    31.416     0.000   101.835    31.566     0.000   102.106    31.709     0.000
   102.418    31.866     0.000   102.719    32.019     0.000   103.002    32.173     0.000   103.264    32.334     0.000
   103.498    32.506     0.000   103.700    32.698     0.000   103.865    32.913     0.000   103.976    33.123     0.000
   104.065    33.351     0.000   104.141    33.588     0.000   104.215    33.828     0.000   104.299    34.065     0.000
   104.401    34.293     0.000   104.534    34.503     0.000   104.702    34.690     0.000   104.905    34.857     0.000
   105.135    35.005     0.000   105.386    35.137     0.000   105.652    35.256     0.000   105.927    35.365     0.000
   106.203    35.466     0.000   106.423    35.543     0.000   106.641    35.616     0.000   106.860    35.686     0.000
   107.080    35.751     0.000   107.304    35.811     0.000   107.533    35.866     0.000   107.767    35.915     0.000
   107.977    35.954     0.000   108.188    35.992     0.000   108.397    36.033     0.000   108.600    36.080     0.000
   108.793    36.139     0.000   108.973    36.212     0.000   109.134    36.304     0.000   109.327    36.468     0.000
   109.489    36.665     0.000   109.634    36.880     0.000   109.773    37.102     0.000   109.918    37.318     0.000
   110.082    37.514     0.000   110.278    37.677     0.000   110.492    37.791     0.000   110.734    37.875     0.000
   110.997    37.938     0.000   111.272    37.989     0.000   111.551    38.038     0.000   111.826    38.094     0.000
   112.089    38.165     0.000   112.299    38.243     0.000   112.498    38.334     0.000   112.692    38.433     0.000
   112.884    38.536     0.000   113.078    38.639     0.000   113.278    38.736     0.000   113.488    38.822     0.000
   113.667    38.882     0.000   113.851    38.936     0.000   114.035    38.989     0.000   114.216    39.043     0.000
   114.389    39.103     0.000   114.551    39.173     0.000   114.697    39.258     0.000   114.854    39.386     0.000
   114.988    39.535     0.000   115.108    39.698     0.000   115.222    39.867     0.000   115.338    40.035     0.000
   115.463    40.194     0.000   115.606    40.337     0.000   115.827    40.490     0.000   116.083    40.609     0.000
   116.369    40.699     0.000   116.678    40.766     0.000   117.002    40.816     0.000   117.335    40.854     0.000
   117.671    40.887     0.000   117.951    40.914     0.000   118.226    40.943     0.000   118.495    40.976     0.000
   118.757    41.014     0.000   119.010    41.059     0.000   119.252    41.113     0.000   119.483    41.179     0.000
   119.838    41.313     0.000   120.169    41.477     0.000   120.490    41.668     0.000   120.813    41.881     0.000
   121.150    42.112     0.000   121.515    42.357     0.000   121.920    42.609     0.000   122.209    42.774     0.000
   122.510    42.928     0.000   122.815    43.058     0.000   123.111    43.154     0.000   123.390    43.203     0.000
   123.640    43.193     0.000   123.849    43.113     0.000   123.937    43.042     0.000   124.011    42.955     0.000
   124.071    42.853     0.000   124.117    42.742     0.000   124.147    42.625     0.000   124.163    42.505     0.000
   124.162    42.387     0.000   124.101    42.124     0.000   123.971    41.882     0.000   123.795    41.656     0.000
   123.596    41.438     0.000   123.395    41.222     0.000   123.214    41.002     0.000   123.074    40.772     0.000
   123.022    40.639     0.000   122.987    40.503     0.000   122.965    40.363     0.000   122.957    40.221     0.000
   122.959    40.077     0.000   122.969    39.932     0.000   122.986    39.786     0.000   123.005    39.662     0.000
   123.028    39.539     0.000   123.057    39.418     0.000   123.094    39.299     0.000   123.140    39.184     0.000
   123.196    39.073     0.000   123.264    38.967     0.000   123.391    38.816     0.000   123.543    38.678     0.000
   123.716    38.551     0.000   123.906    38.435     0.000   124.107    38.331     0.000   124.316    38.236     0.000
   124.528    38.151     0.000   124.574    38.134     0.000   124.619    38.117     0.000   124.665    38.101     0.000
   124.710    38.085     0.000   124.755    38.069     0.000   124.801    38.053     0.000   124.846    38.037     0.000

NoLabel 0
38 2 246
    83.657    48.194     0.000    83.674    48.163     0.000    83.691    48.131     0.000    83.709    48.100     0.000
    83.726    48.069     0.000    83.744    48.038     0.000    83.762    48.006     0.000    83.780    47.975     0.000
    83.900    47.780     0.000    84.033    47.587     0.000    84.181    47.399     0.000    84.346    47.219     0.000
    84.529    47.052     0.000    84.733    46.899     0.000    84.958    46.766     0.000    85.169    46.669     0.000
    85.394    46.586     0.000    85.630    46.516     0.000    85.876    46.456     0.000    86.126    46.404     0.000
    86.379    46.360     0.000    86.631    46.321     0.000    87.110    46.253     0.000    87.579    46.188     0.000
    88.041    46.116     0.000    88.499    46.027     0.000    88.957    45.912     0.000    89.417    45.761     0.000
    89.880    45.563     0.000    90.125    45.437     0.000    90.359    45.299     0.000    90.570    45.152     0.000
    90.748    45.001     0.000    90.879    44.848     0.000    90.952    44.698     0.000    90.957    44.555     0.000
    90.870    44.403     0.000    90.698    44.266     0.000    90.459    44.146     0.000    90.171    44.045     0.000
    89.852    43.964     0.000    89.519    43.905     0.000    89.191    43.870     0.000    88.917    43.861     0.000
    88.657    43.869     0.000    88.407    43.889     0.000    88.163    43.916     0.000    87.924    43.947     0.000
    87.685    43.976     0.000    87.445    44.001     0.000    87.075    44.020     0.000    86.698    44.025     0.000
    86.316    44.021     0.000    85.932    44.016     0.000    85.550    44.019     0.000    85.172    44.035     0.000
    84.800    44.074     0.000    84.501    44.125     0.000    84.207    44.192     0.000    83.915    44.269     0.000
    83.623    44.351     0.000    83.331    44.434     0.000    83.037    44.514     0.000    82.740    44.584     0.000
    82.495    44.633     0.000    82.250    44.679     0.000    82.008    44.730     0.000    81.771    44.791     0.000
    81.540    44.870     0.000    81.320    44.972     0.000    81.111    45.105     0.000    81.035    45.164     0.000
    80.961    45.224     0.000    80.888    45.282     0.000    80.815    45.333     0.000    80.740    45.374     0.000
    80.665    45.401     0.000    80.587    45.409     0.000    80.511    45.398     0.000    80.434    45.369     0.000
    80.361    45.325     0.000    80.293    45.270     0.000    80.234    45.206     0.000    80.186    45.136     0.000
    80.152    45.064     0.000    80.131    44.952     0.000    80.143    44.844     0.000    80.184    44.740     0.000
    80.249    44.642     0.000    80.334    44.553     0.000    80.432    44.475     0.000    80.541    44.408     0.000
    80.756    44.320     0.000    80.988    44.271     0.000    81.236    44.248     0.000    81.498    44.241     0.000
    81.773    44.239     0.000    82.061    44.230     0.000    82.359    44.205     0.000    82.564    44.172     0.000
    82.765    44.126     0.000    82.951    44.067     0.000    83.114    43.994     0.000    83.245    43.908     0.000
    83.336    43.807     0.000    83.376    43.693     0.000    83.377    43.649     0.000    83.371    43.603     0.000
    83.359    43.557     0.000    83.341    43.512     0.000    83.318    43.467     0.000    83.290    43.424     0.000
    83.258    43.383     0.000    83.137    43.275     0.000    82.989    43.191     0.000    82.818    43.127     0.000
    82.630    43.079     0.000    82.430    43.043     0.000    82.224    43.016     0.000    82.017    42.994     0.000
    81.499    42.944     0.000    81.006    42.891     0.000    80.533    42.824     0.000    80.074    42.729     0.000
    79.625    42.595     0.000    79.181    42.410     0.000    78.737    42.160     0.000    78.627    42.087     0.000
    78.522    42.010     0.000    78.427    41.932     0.000    78.347    41.853     0.000    78.288    41.777     0.000
    78.254    41.704     0.000    78.250    41.635     0.000    78.296    41.556     0.000    78.391    41.487     0.000
    78.526    41.430     0.000    78.690    41.383     0.000    78.874    41.347     0.000    79.068    41.323     0.000
    79.263    41.310     0.000    79.740    41.327     0.000    80.164    41.409     0.000    80.550    41.538     0.000
    80.911    41.696     0.000    81.259    41.866     0.000    81.607    42.029     0.000    81.968    42.169     0.000
    82.410    42.283     0.000    82.877    42.354     0.000    83.362    42.395     0.000    83.858    42.419     0.000
    84.358    42.439     0.000    84.856    42.469     0.000    85.346    42.522     0.000    85.889    42.621     0.000
    86.421    42.753     0.000    86.946    42.905     0.000    87.469    43.062     0.000    87.993    43.210     0.000
    88.523    43.336     0.000    89.060    43.424     0.000    89.507    43.462     0.000    89.960    43.471     0.000
    90.418    43.460     0.000    90.879    43.435     0.000    91.344    43.402     0.000    91.813    43.369     0.000
    92.284    43.343     0.000    92.586    43.332     0.000    92.888    43.320     0.000    93.186    43.303     0.000
    93.480    43.275     0.000    93.766    43.230     0.000    94.042    43.164     0.000    94.305    43.070     0.000
    94.553    42.946     0.000    94.780    42.793     0.000    94.980    42.618     0.000    95.146    42.426     0.000
    95.274    42.222     0.000    95.358    42.011     0.000    95.392    41.798     0.000    95.360    41.533     0.000
    95.253    41.277     0.000    95.084    41.032     0.000    94.863    40.800     0.000    94.602    40.585     0.000
    94.313    40.389     0.000    94.006    40.215     0.000    93.471    39.974     0.000    92.920    39.791     0.000
    92.356    39.650     0.000    91.784    39.537     0.000    91.209    39.439     0.000    90.635    39.342     0.000
    90.068    39.232     0.000    89.345    39.053     0.000    88.641    38.837     0.000    87.951    38.595     0.000
    87.270    38.334     0.000    86.594    38.062     0.000    85.917    37.789     0.000    85.235    37.521     0.000
    84.697    37.324     0.000    84.153    37.140     0.000    83.603    36.975     0.000    83.049    36.836     0.000
    82.490    36.727     0.000    81.928    36.654     0.000    81.361    36.622     0.000    81.146    36.622     0.000
    80.931    36.628     0.000    80.715    36.640     0.000    80.500    36.657     0.000    80.285    36.678     0.000
    80.070    36.704     0.000    79.856    36.734     0.000    79.467    36.797     0.000    79.081    36.873     0.000
    78.700    36.961     0.000    78.324    37.065     0.000    77.953    37.184     0.000    77.589    37.321     0.000
    77.232    37.476     0.000    76.971    37.605     0.000    76.717    37.745     0.000    76.477    37.898     0.000
    76.252    38.063     0.000    76.048    38.241     0.000    75.868    38.433     0.000    75.717    38.640     0.000
    75.614    38.827     0.000    75.534    39.023     0.000    75.478    39.225     0.000    75.445    39.431     0.000
    75.434    39.639     0.000    75.445    39.847     0.000    75.479    40.052     0.000    75.512    40.183     0.000
    75.554    40.313     0.000    75.602    40.441     0.000    75.655    40.567     0.000    75.713    40.693     0.000
    75.774    40.818     0.000    75.836    40.943     0.000
NoLabel 0
0 4 43
   113.990    40.431         1   113.955    40.312     0.000   113.922    40.192     0.000   113.890    40.070     0.000
   113.861    39.946     0.000   113.835    39.819     0.000   113.813    39.688     0.000   113.796    39.552     0.000
   113.785    39.425     0.000   113.775    39.296     0.000   113.761    39.170     0.000   113.739    39.049     0.000
   113.705    38.938     0.000   113.655    38.840     0.000   113.584    38.759     0.000   113.469    38.686     0.000
   113.324    38.637     0.000   113.156    38.608     0.000   112.970    38.592     0.000   112.772    38.586     0.000
   112.567    38.585     0.000   112.363    38.583     0.000   112.210    38.580     0.000   112.062    38.577     0.000
   111.919    38.578     0.000   111.783    38.585     0.000   111.655    38.602     0.000   111.534    38.631     0.000
   111.423    38.676     0.000   111.322    38.740     0.000   111.232    38.819     0.000   111.155    38.911     0.000
   111.091    39.013     0.000   111.042    39.122     0.000   111.008    39.234     0.000   110.991    39.346     0.000
   110.990    39.420     0.000   110.995    39.494     0.000   111.006    39.566     0.000   111.023    39.638     0.000
   111.042    39.709     0.000   111.064    39.780     0.000   111.088    39.851     0.000
NoLabel 0
0 4 92
   102.320    33.278         1   102.211    33.063     0.000   102.101    32.849     0.000   101.987    32.637     0.000
   101.868    32.426     0.000   101.741    32.219     0.000   101.605    32.016     0.000   101.456    31.817     0.000
   101.341    31.676     0.000   101.223    31.536     0.000   101.106    31.396     0.000   100.995    31.255     0.000
   100.894    31.111     0.000   100.807    30.964     0.000   100.739    30.812     0.000   100.701    30.693     0.000
   100.675    30.571     0.000   100.659    30.447     0.000   100.651    30.320     0.000   100.652    30.192     0.000
   100.658    30.062     0.000   100.669    29.930     0.000   100.686    29.784     0.000   100.703    29.638     0.000
   100.716    29.493     0.000   100.721    29.351     0.000   100.714    29.213     0.000   100.691    29.080     0.000
   100.648    28.954     0.000   100.606    28.872     0.000   100.554    28.794     0.000   100.492    28.719     0.000
   100.421    28.647     0.000   100.343    28.577     0.000   100.258    28.511     0.000   100.167    28.447     0.000
   100.047    28.371     0.000    99.921    28.303     0.000    99.792    28.245     0.000    99.662    28.201     0.000
    99.534    28.174     0.000    99.410    28.168     0.000    99.291    28.185     0.000    99.205    28.216     0.000
    99.123    28.260     0.000    99.044    28.315     0.000    98.968    28.379     0.000    98.893    28.447     0.000
    98.819    28.518     0.000    98.745    28.590     0.000    98.564    28.752     0.000    98.382    28.904     0.000
    98.200    29.050     0.000    98.023    29.197     0.000    97.854    29.349     0.000    97.693    29.512     0.000
    97.546    29.691     0.000    97.469    29.801     0.000    97.394    29.914     0.000    97.319    30.027     0.000
    97.242    30.136     0.000    97.160    30.237     0.000    97.070    30.326     0.000    96.971    30.399     0.000
    96.770    30.484     0.000    96.539    30.516     0.000    96.288    30.505     0.000    96.025    30.458     0.000
    95.757    30.383     0.000    95.493    30.288     0.000    95.242    30.181     0.000    95.073    30.101     0.000
    94.914    30.019     0.000    94.763    29.933     0.000    94.620    29.844     0.000    94.485    29.750     0.000
    94.356    29.652     0.000    94.233    29.548     0.000    94.063    29.387     0.000    93.901    29.216     0.000
    93.746    29.039     0.000    93.593    28.858     0.000    93.441    28.675     0.000    93.288    28.494     0.000
    93.130    28.317     0.000    92.880    28.062     0.000    92.617    27.821     0.000    92.344    27.591     0.000
    92.062    27.370     0.000    91.775    27.155     0.000    91.484    26.943     0.000    91.192    26.733     0.000

NoLabel 0
0 4 36
    93.333    35.034         1    93.691    34.787     0.000    94.031    34.534     0.000    94.340    34.273     0.000
    94.605    34.000     0.000    94.810    33.711     0.000    94.944    33.404     0.000    94.993    33.075     0.000
    94.982    32.909     0.000    94.948    32.742     0.000    94.891    32.578     0.000    94.809    32.421     0.000
    94.701    32.277     0.000    94.568    32.149     0.000    94.408    32.042     0.000    94.273    31.978     0.000
    94.131    31.924     0.000    93.988    31.873     0.000    93.852    31.822     0.000    93.729    31.767     0.000
    93.627    31.702     0.000    93.552    31.622     0.000    93.509    31.516     0.000    93.496    31.394     0.000
    93.506    31.259     0.000    93.528    31.118     0.000    93.551    30.975     0.000    93.567    30.835     0.000
    93.564    30.705     0.000    93.496    30.500     0.000    93.352    30.334     0.000    93.145    30.199     0.000
    92.888    30.089     0.000    92.594    29.997     0.000    92.275    29.916     0.000    91.943    29.840     0.000

NoLabel 0
SYMBOLS: 43
  26   104.282    29.050 0.0 0
  34   119.465    24.397 0.0 3.950241
  41   117.645    22.319 0.0 3.964009
  41   123.095    27.779 0.0 4.232870
  36   114.706    43.687 0.0 -0.982799
  23   122.873    50.753 0.0 0
  48   122.093    51.319 1 1
  24   112.655    39.112 0.0 0
  26   111.805    37.540 0.0 0
  48   112.712    37.760 1 3
  24   103.283    37.082 0.0 0
  48   102.792    37.093 1 2
  26    81.346    43.127 0.0 0
  48    78.151    40.934 1 2
  23    91.515    32.825 0.0 0
  24    98.099    31.082 0.0 0
  48   107.598    28.664 1 11
  48   112.035    28.315 1 15
  48   116.149    24.500 1 12
  48   102.171    22.569 1 55
  26   118.367    39.408 0.0 0
  48   117.404    38.716 1 1
  50    88.050    44.969 0.0 0
  50    86.078    39.640 0.0 0
  51    86.799    30.421 0.0 0
  51    99.867    35.722 0.0 0
  51   104.047    40.114 0.0 0
  51   109.788    32.870 0.0 0
  51   117.205    32.342 0.0 0
  51   116.366    35.934 0.0 0
  50   122.565    44.521 0.0 0
  51   120.702    23.287 0.0 0
  51   108.986    18.792 0.0 0
  51   101.027    25.890 0.0 0
  26   110.062    24.362 0.0 0
  47   107.522    28.446 0.0 0
  47   111.495    28.118 0.0 0
  47   115.565    24.442 0.0 0
  47   103.742    22.939 0.0 0
  55   102.838    22.833 0.0 0
  64   102.035    22.592 0.0 0
  48    95.469    29.274 1 20
  47    95.917    28.780 0.0 0
CLOSED_CONTOURS: 13
6 148
   121.267    54.219     0.000   120.989    54.100     0.000   120.989    54.100     0.000   120.500    53.858     0.000
   120.026    53.610     0.000   119.574    53.354     0.000   119.155    53.085     0.000   118.778    52.801     0.000
   118.450    52.499     0.000   118.181    52.175     0.000   117.955    51.782     0.000   117.814    51.366     0.000
   117.756    50.937     0.000   117.780    50.503     0.000   117.884    50.075     0.000   118.067    49.660     0.000
   118.328    49.266     0.000   118.573    48.992     0.000   118.858    48.737     0.000   119.179    48.503     0.000
   119.535    48.292     0.000   119.921    48.107     0.000   120.337    47.949     0.000   120.779    47.820     0.000
   121.089    47.752     0.000   121.405    47.699     0.000   121.725    47.665     0.000   122.042    47.652     0.000
   122.355    47.661     0.000   122.658    47.695     0.000   122.947    47.755     0.000   123.193    47.833     0.000
   123.430    47.927     0.000   123.661    48.033     0.000   123.891    48.143     0.000   124.125    48.251     0.000
   124.365    48.352     0.000   124.617    48.437     0.000   124.871    48.501     0.000   125.136    48.546     0.000
   125.407    48.574     0.000   125.683    48.583     0.000   125.958    48.577     0.000   126.231    48.554     0.000
   126.498    48.516     0.000   126.845    48.441     0.000   127.176    48.344     0.000   127.495    48.229     0.000
   127.804    48.101     0.000   128.105    47.962     0.000   128.402    47.819     0.000   128.697    47.674     0.000
   128.880    47.586     0.000   129.063    47.500     0.000   129.248    47.418     0.000   129.436    47.339     0.000
   129.627    47.266     0.000   129.822    47.199     0.000   130.022    47.140     0.000   130.346    47.062     0.000
   130.681    47.005     0.000   131.024    46.966     0.000   131.372    46.944     0.000   131.722    46.940     0.000
   132.072    46.951     0.000   132.418    46.978     0.000   132.863    47.036     0.000   133.296    47.119     0.000
   133.717    47.228     0.000   134.124    47.364     0.000   134.124    47.364     0.000   134.338    47.449     0.000
   134.549    47.535     0.000   134.757    47.626     0.000   134.958    47.724     0.000   135.150    47.830     0.000
   135.330    47.948     0.000   135.497    48.080     0.000   135.612    48.189     0.000   135.713    48.306     0.000
   135.799    48.427     0.000   135.863    48.551     0.000   135.903    48.676     0.000   135.914    48.799     0.000
   135.893    48.919     0.000   135.843    49.022     0.000   135.768    49.120     0.000   135.670    49.214     0.000
   135.553    49.302     0.000   135.422    49.384     0.000   135.280    49.460     0.000   135.130    49.530     0.000
   134.792    49.660     0.000   134.441    49.763     0.000   134.078    49.840     0.000   133.707    49.894     0.000
   133.330    49.928     0.000   132.949    49.944     0.000   132.568    49.945     0.000   131.960    49.922     0.000
   131.355    49.877     0.000   130.754    49.822     0.000   130.155    49.766     0.000   129.558    49.721     0.000
   128.961    49.696     0.000   128.362    49.702     0.000   128.135    49.715     0.000   127.910    49.734     0.000
   127.685    49.762     0.000   127.464    49.798     0.000   127.246    49.844     0.000   127.033    49.902     0.000
   126.825    49.971     0.000   126.596    50.066     0.000   126.380    50.176     0.000   126.181    50.299     0.000
   126.004    50.434     0.000   125.853    50.577     0.000   125.732    50.727     0.000   125.646    50.882     0.000
   125.587    51.109     0.000   125.593    51.342     0.000   125.643    51.580     0.000   125.720    51.822     0.000
   125.805    52.068     0.000   125.877    52.317     0.000   125.916    52.569     0.000   125.912    52.780     0.000
   125.872    52.989     0.000   125.795    53.193     0.000   125.682    53.388     0.000   125.532    53.571     0.000
   125.346    53.739     0.000   125.123    53.887     0.000   124.884    54.006     0.000   124.619    54.106     0.000
   124.332    54.188     0.000   124.029    54.256     0.000   123.714    54.308     0.000   123.392    54.348     0.000
   123.069    54.376     0.000   122.894    54.386     0.000   122.720    54.395     0.000   122.547    54.401     0.000
   122.374    54.405     0.000   122.202    54.408     0.000   122.030    54.410     0.000   121.858    54.411     0.000

0 1
   121.267    54.219     0.000
6 121
   114.021    39.998     0.000   113.840    40.023     0.000   113.660    40.045     0.000   113.481    40.063     0.000
   113.303    40.075     0.000   113.127    40.079     0.000   112.954    40.072     0.000   112.784    40.054     0.000
   112.605    40.019     0.000   112.430    39.971     0.000   112.257    39.914     0.000   112.084    39.852     0.000
   111.910    39.789     0.000   111.734    39.727     0.000   111.554    39.671     0.000   111.308    39.609     0.000
   111.057    39.556     0.000   110.807    39.506     0.000   110.563    39.452     0.000   110.329    39.388     0.000
   110.110    39.305     0.000   109.912    39.199     0.000   109.747    39.071     0.000   109.607    38.919     0.000
   109.495    38.749     0.000   109.413    38.565     0.000   109.362    38.371     0.000   109.345    38.174     0.000
   109.362    37.976     0.000   109.415    37.782     0.000   109.500    37.597     0.000   109.616    37.424     0.000
   109.757    37.267     0.000   109.922    37.128     0.000   110.107    37.013     0.000   110.308    36.924     0.000
   110.399    36.895     0.000   110.493    36.870     0.000   110.588    36.850     0.000   110.685    36.834     0.000
   110.782    36.820     0.000   110.881    36.809     0.000   110.980    36.799     0.000   111.147    36.786     0.000
   111.314    36.777     0.000   111.481    36.772     0.000   111.647    36.772     0.000   111.812    36.779     0.000
   111.976    36.791     0.000   112.139    36.811     0.000   112.212    36.823     0.000   112.284    36.835     0.000
   112.356    36.849     0.000   112.428    36.864     0.000   112.500    36.880     0.000   112.572    36.895     0.000
   112.644    36.911     0.000   112.798    36.967     0.000   112.948    37.029     0.000   113.092    37.098     0.000
   113.230    37.175     0.000   113.359    37.259     0.000   113.464    37.337     0.000   113.563    37.420     0.000
   113.657    37.507     0.000   113.748    37.597     0.000   113.836    37.690     0.000   113.922    37.784     0.000
   114.008    37.879     0.000   114.090    37.985     0.000   114.187    38.079     0.000   114.305    38.158     0.000
   114.360    38.184     0.000   114.418    38.206     0.000   114.479    38.225     0.000   114.542    38.240     0.000
   114.606    38.251     0.000   114.670    38.257     0.000   114.733    38.259     0.000   114.849    38.250     0.000
   114.960    38.228     0.000   115.070    38.195     0.000   115.179    38.155     0.000   115.288    38.111     0.000
   115.401    38.066     0.000   115.517    38.023     0.000   115.591    37.999     0.000   115.666    37.979     0.000
   115.742    37.963     0.000   115.817    37.952     0.000   115.890    37.948     0.000   115.960    37.951     0.000
   116.027    37.964     0.000   116.096    37.989     0.000   116.159    38.025     0.000   116.218    38.070     0.000
   116.271    38.122     0.000   116.320    38.179     0.000   116.365    38.240     0.000   116.405    38.303     0.000
   116.437    38.361     0.000   116.466    38.419     0.000   116.490    38.477     0.000   116.509    38.535     0.000
   116.521    38.592     0.000   116.526    38.649     0.000   116.523    38.704     0.000   116.499    38.799     0.000
   116.452    38.891     0.000   116.386    38.980     0.000   116.304    39.065     0.000   116.211    39.146     0.000
   116.108    39.224     0.000   116.000    39.296     0.000   115.768    39.435     0.000   115.530    39.556     0.000
   115.286    39.664     0.000   115.038    39.759     0.000   114.786    39.846     0.000   114.532    39.926     0.000
   114.277    40.003     0.000
0 1
   114.021    39.998     0.000
6 454
   124.305    29.664     0.000   123.966    29.753     0.000   123.627    29.837     0.000   123.287    29.910     0.000
   122.947    29.968     0.000   122.607    30.007     0.000   122.267    30.021     0.000   121.929    30.006     0.000
   121.596    29.961     0.000   121.265    29.892     0.000   120.934    29.810     0.000   120.605    29.722     0.000
   120.276    29.639     0.000   119.945    29.570     0.000   119.613    29.524     0.000   119.390    29.510     0.000
   119.166    29.508     0.000   118.941    29.515     0.000   118.715    29.529     0.000   118.489    29.547     0.000
   118.262    29.568     0.000   118.035    29.588     0.000   117.669    29.616     0.000   117.303    29.640     0.000
   116.939    29.661     0.000   116.575    29.683     0.000   116.212    29.708     0.000   115.851    29.738     0.000
   115.490    29.777     0.000   115.222    29.811     0.000   114.955    29.850     0.000   114.688    29.892     0.000
   114.421    29.934     0.000   114.153    29.975     0.000   113.885    30.013     0.000   113.616    30.046     0.000
   113.032    30.098     0.000   112.446    30.128     0.000   111.859    30.145     0.000   111.271    30.157     0.000
   110.683    30.172     0.000   110.096    30.200     0.000   109.508    30.248     0.000   109.096    30.298     0.000
   108.686    30.362     0.000   108.277    30.440     0.000   107.873    30.531     0.000   107.475    30.635     0.000
   107.083    30.753     0.000   106.699    30.883     0.000   106.338    31.019     0.000   105.982    31.162     0.000
   105.624    31.306     0.000   105.261    31.446     0.000   104.886    31.577     0.000   104.497    31.694     0.000
   104.087    31.790     0.000   103.753    31.849     0.000   103.414    31.903     0.000   103.083    31.964     0.000
   102.767    32.041     0.000   102.479    32.146     0.000   102.227    32.290     0.000   102.023    32.485     0.000
   101.913    32.652     0.000   101.821    32.837     0.000   101.739    33.030     0.000   101.658    33.219     0.000
   101.568    33.392     0.000   101.461    33.540     0.000   101.328    33.649     0.000   101.147    33.717     0.000
   100.933    33.739     0.000   100.694    33.726     0.000   100.437    33.693     0.000   100.169    33.650     0.000
    99.900    33.610     0.000    99.635    33.585     0.000    99.306    33.591     0.000    98.993    33.634     0.000
    98.691    33.708     0.000    98.397    33.801     0.000    98.106    33.906     0.000    97.816    34.014     0.000
    97.522    34.115     0.000    97.094    34.235     0.000    96.655    34.328     0.000    96.208    34.399     0.000
    95.757    34.451     0.000    95.303    34.491     0.000    94.848    34.522     0.000    94.396    34.550     0.000
    93.668    34.594     0.000    92.946    34.630     0.000    92.946    34.630     0.000    92.639    34.634     0.000
    92.331    34.638     0.000    92.022    34.644     0.000    91.709    34.652     0.000    91.393    34.664     0.000
    91.073    34.679     0.000    90.747    34.701     0.000    90.394    34.729     0.000    90.038    34.755     0.000
    89.685    34.769     0.000    89.341    34.761     0.000    89.012    34.721     0.000    88.702    34.640     0.000
    88.418    34.508     0.000    88.287    34.420     0.000    88.167    34.319     0.000    88.060    34.206     0.000
    87.967    34.085     0.000    87.892    33.955     0.000    87.837    33.821     0.000    87.803    33.683     0.000
    87.795    33.473     0.000    87.834    33.265     0.000    87.914    33.061     0.000    88.030    32.866     0.000
    88.175    32.683     0.000    88.344    32.517     0.000    88.531    32.372     0.000    88.753    32.239     0.000
    88.987    32.130     0.000    89.231    32.039     0.000    89.482    31.959     0.000    89.736    31.885     0.000
    89.990    31.811     0.000    90.240    31.730     0.000    90.384    31.677     0.000    90.525    31.620     0.000
    90.664    31.559     0.000    90.800    31.494     0.000    90.933    31.425     0.000    91.062    31.352     0.000
    91.188    31.275     0.000    91.341    31.172     0.000    91.488    31.065     0.000    91.632    30.953     0.000
    91.771    30.837     0.000    91.908    30.719     0.000    92.043    30.599     0.000    92.177    30.478     0.000
    92.323    30.301     0.000    92.460    30.115     0.000    92.556    29.972     0.000    92.644    29.826     0.000
    92.722    29.678     0.000    92.785    29.528     0.000    92.831    29.378     0.000    92.856    29.228     0.000
    92.858    29.080     0.000    92.832    28.925     0.000    92.781    28.772     0.000    92.708    28.622     0.000
    92.618    28.474     0.000    92.516    28.328     0.000    92.404    28.184     0.000    92.289    28.041     0.000
    92.165    27.891     0.000    92.044    27.741     0.000    91.931    27.590     0.000    91.830    27.439     0.000
    91.743    27.285     0.000    91.674    27.128     0.000    91.628    26.967     0.000    91.606    26.760     0.000
    91.619    26.547     0.000    91.664    26.332     0.000    91.736    26.117     0.000    91.830    25.906     0.000
    91.942    25.700     0.000    92.069    25.503     0.000    92.293    25.207     0.000    92.539    24.936     0.000
    92.802    24.685     0.000    93.079    24.451     0.000    93.365    24.227     0.000    93.658    24.011     0.000
    93.953    23.799     0.000    94.353    23.516     0.000    94.353    23.516     0.000    94.480    23.459     0.000
    94.608    23.402     0.000    94.737    23.347     0.000    94.867    23.293     0.000    95.000    23.242     0.000
    95.136    23.193     0.000    95.275    23.148     0.000    95.532    23.079     0.000    95.797    23.026     0.000
    96.064    22.993     0.000    96.329    22.983     0.000    96.586    23.001     0.000    96.829    23.049     0.000
    97.054    23.133     0.000    97.243    23.242     0.000    97.416    23.379     0.000    97.577    23.537     0.000
    97.729    23.711     0.000    97.878    23.893     0.000    98.026    24.078     0.000    98.178    24.259     0.000
    98.312    24.407     0.000    98.450    24.551     0.000    98.588    24.691     0.000    98.724    24.830     0.000
    98.857    24.970     0.000    98.982    25.113     0.000    99.099    25.262     0.000    99.187    25.391     0.000
    99.269    25.524     0.000    99.345    25.661     0.000    99.418    25.802     0.000    99.489    25.946     0.000
    99.558    26.093     0.000    99.628    26.242     0.000    99.720    26.437     0.000    99.809    26.633     0.000
    99.890    26.831     0.000    99.958    27.029     0.000   100.006    27.226     0.000   100.028    27.422     0.000
   100.019    27.616     0.000    99.982    27.782     0.000    99.926    27.947     0.000    99.858    28.112     0.000
    99.786    28.280     0.000    99.718    28.450     0.000    99.664    28.625     0.000    99.631    28.806     0.000
    99.627    28.866     0.000    99.626    28.925     0.000    99.630    28.984     0.000    99.639    29.042     0.000
    99.655    29.097     0.000    99.677    29.150     0.000    99.708    29.199     0.000    99.771    29.267     0.000
    99.851    29.324     0.000    99.944    29.370     0.000   100.045    29.405     0.000   100.152    29.427     0.000
   100.260    29.437     0.000   100.365    29.433     0.000   100.533    29.396     0.000   100.685    29.326     0.000
   100.823    29.231     0.000   100.952    29.118     0.000   101.076    28.995     0.000   101.200    28.869     0.000
   101.326    28.749     0.000   101.482    28.624     0.000   101.644    28.510     0.000   101.809    28.404     0.000
   101.974    28.301     0.000   102.135    28.194     0.000   102.288    28.080     0.000   102.429    27.954     0.000
   102.615    27.733     0.000   102.762    27.481     0.000   102.870    27.209     0.000   102.934    26.925     0.000
   102.954    26.639     0.000   102.926    26.360     0.000   102.848    26.096     0.000   102.778    25.951     0.000
   102.693    25.812     0.000   102.597    25.679     0.000   102.493    25.549     0.000   102.383    25.423     0.000
   102.272    25.297     0.000   102.162    25.171     0.000   102.093    25.088     0.000   102.026    25.005     0.000
   101.959    24.921     0.000   101.893    24.838     0.000   101.826    24.756     0.000   101.758    24.674     0.000
   101.689    24.594     0.000   101.481    24.372     0.000   101.261    24.159     0.000   101.035    23.950     0.000
   100.809    23.742     0.000   100.587    23.529     0.000   100.375    23.308     0.000   100.178    23.073     0.000
   100.014    22.842     0.000    99.871    22.597     0.000    99.752    22.343     0.000    99.661    22.081     0.000
    99.600    21.812     0.000    99.574    21.541     0.000    99.585    21.268     0.000    99.619    21.060     0.000
    99.676    20.855     0.000    99.754    20.656     0.000    99.851    20.467     0.000    99.968    20.289     0.000
   100.101    20.127     0.000   100.251    19.981     0.000   100.442    19.839     0.000   100.650    19.719     0.000
   100.872    19.620     0.000   101.106    19.537     0.000   101.348    19.467     0.000   101.595    19.408     0.000
   101.844    19.355     0.000   102.201    19.286     0.000   102.557    19.228     0.000   102.910    19.182     0.000
   103.261    19.151     0.000   103.610    19.136     0.000   103.958    19.141     0.000   104.304    19.168     0.000
   104.529    19.199     0.000   104.753    19.238     0.000   104.977    19.284     0.000   105.202    19.336     0.000
   105.426    19.392     0.000   105.650    19.450     0.000   105.875    19.510     0.000   106.226    19.672     0.000
   106.564    19.864     0.000   106.888    20.083     0.000   107.198    20.323     0.000   107.494    20.581     0.000
   107.776    20.854     0.000   108.042    21.136     0.000   108.166    21.274     0.000   108.289    21.411     0.000
   108.415    21.545     0.000   108.547    21.674     0.000   108.690    21.796     0.000   108.845    21.909     0.000
   109.017    22.010     0.000   109.137    22.068     0.000   109.263    22.117     0.000   109.391    22.155     0.000
   109.520    22.179     0.000   109.646    22.187     0.000   109.766    22.176     0.000   109.878    22.143     0.000
   110.013    22.062     0.000   110.125    21.946     0.000   110.215    21.803     0.000   110.280    21.641     0.000
   110.319    21.470     0.000   110.330    21.297     0.000   110.313    21.130     0.000   110.242    20.919     0.000
   110.128    20.730     0.000   109.986    20.555     0.000   109.831    20.388     0.000   109.679    20.221     0.000
   109.544    20.046     0.000   109.441    19.859     0.000   109.391    19.697     0.000   109.369    19.527     0.000
   109.372    19.352     0.000   109.400    19.177     0.000   109.450    19.004     0.000   109.520    18.838     0.000
   109.609    18.683     0.000   109.710    18.548     0.000   109.826    18.425     0.000   109.953    18.315     0.000
   110.090    18.218     0.000   110.236    18.132     0.000   110.388    18.058     0.000   110.544    17.995     0.000
   110.829    17.909     0.000   111.120    17.855     0.000   111.417    17.830     0.000   111.717    17.830     0.000
   112.019    17.852     0.000   112.322    17.895     0.000   112.622    17.955     0.000   113.312    18.155     0.000
   113.977    18.429     0.000   114.610    18.770     0.000   115.207    19.169     0.000   115.761    19.619     0.000
   116.266    20.112     0.000   116.716    20.641     0.000   117.064    21.131     0.000   117.387    21.633     0.000
   117.712    22.139     0.000   118.062    22.637     0.000   118.465    23.118     0.000   118.948    23.569     0.000
   119.537    23.979     0.000   119.716    24.080     0.000   119.901    24.171     0.000   120.088    24.247     0.000
   120.271    24.302     0.000   120.446    24.329     0.000   120.609    24.325     0.000   120.755    24.283     0.000
   120.852    24.223     0.000   120.941    24.144     0.000   121.025    24.049     0.000   121.106    23.944     0.000
   121.189    23.833     0.000   121.277    23.721     0.000   121.374    23.613     0.000   121.458    23.534     0.000
   121.548    23.463     0.000   121.643    23.401     0.000   121.741    23.351     0.000   121.840    23.315     0.000
   121.940    23.295     0.000   122.039    23.293     0.000   122.136    23.311     0.000   122.230    23.347     0.000
   122.322    23.398     0.000   122.410    23.461     0.000   122.495    23.533     0.000   122.576    23.612     0.000
   122.653    23.694     0.000   122.852    23.937     0.000   123.024    24.184     0.000   123.176    24.434     0.000
   123.317    24.686     0.000   123.456    24.936     0.000   123.601    25.184     0.000   123.761    25.426     0.000
   123.901    25.612     0.000   124.051    25.795     0.000   124.204    25.978     0.000   124.354    26.163     0.000
   124.498    26.351     0.000   124.628    26.545     0.000   124.739    26.748     0.000   124.817    26.934     0.000
   124.878    27.127     0.000   124.922    27.326     0.000   124.952    27.528     0.000   124.968    27.733     0.000
   124.972    27.938     0.000   124.966    28.143     0.000   124.959    28.254     0.000   124.950    28.363     0.000
   124.938    28.473     0.000   124.926    28.582     0.000   124.912    28.691     0.000   124.897    28.799     0.000
   124.882    28.908     0.000   124.820    29.083     0.000   124.748    29.257     0.000   124.669    29.430     0.000
   124.586    29.603     0.000   124.499    29.775     0.000
0 1
   124.305    29.664     0.000
2 131
   110.048    26.964     0.000   109.946    26.947     0.000   109.845    26.932     0.000   109.745    26.921     0.000
   109.646    26.915     0.000   109.549    26.916     0.000   109.453    26.926     0.000   109.361    26.947     0.000
   109.254    26.988     0.000   109.153    27.045     0.000   109.060    27.116     0.000   108.977    27.199     0.000
   108.905    27.290     0.000   108.846    27.389     0.000   108.802    27.493     0.000   108.791    27.530     0.000
   108.781    27.567     0.000   108.775    27.605     0.000   108.770    27.643     0.000   108.768    27.680     0.000
   108.769    27.717     0.000   108.773    27.754     0.000   108.789    27.826     0.000   108.816    27.896     0.000
   108.851    27.964     0.000   108.893    28.031     0.000   108.940    28.096     0.000   108.991    28.160     0.000
   109.045    28.223     0.000   109.117    28.305     0.000   109.191    28.385     0.000   109.267    28.462     0.000
   109.346    28.534     0.000   109.429    28.601     0.000   109.517    28.662     0.000   109.610    28.716     0.000
   109.719    28.767     0.000   109.833    28.809     0.000   109.953    28.843     0.000   110.076    28.869     0.000
   110.202    28.887     0.000   110.329    28.900     0.000   110.457    28.906     0.000   110.542    28.908     0.000
   110.627    28.907     0.000   110.712    28.906     0.000   110.796    28.905     0.000   110.880    28.905     0.000
   110.963    28.906     0.000   111.047    28.909     0.000   111.153    28.917     0.000   111.259    28.929     0.000
   111.364    28.944     0.000   111.470    28.962     0.000   111.576    28.982     0.000   111.681    29.004     0.000
   111.787    29.026     0.000   112.034    29.044     0.000   112.280    29.062     0.000   112.526    29.081     0.000
   112.772    29.103     0.000   113.017    29.130     0.000   113.262    29.164     0.000   113.448    29.194     0.000
   113.634    29.224     0.000   113.822    29.248     0.000   114.010    29.260     0.000   114.199    29.256     0.000
   114.390    29.228     0.000   114.581    29.173     0.000   114.627    29.155     0.000   114.671    29.135     0.000
   114.713    29.114     0.000   114.751    29.090     0.000   114.783    29.064     0.000   114.810    29.036     0.000
   114.829    29.006     0.000   114.842    28.952     0.000   114.834    28.894     0.000   114.809    28.833     0.000
   114.770    28.772     0.000   114.720    28.712     0.000   114.663    28.654     0.000   114.602    28.601     0.000
   114.504    28.527     0.000   114.403    28.467     0.000   114.301    28.417     0.000   114.198    28.375     0.000
   114.093    28.340     0.000   113.987    28.307     0.000   113.880    28.276     0.000   113.745    28.236     0.000
   113.609    28.194     0.000   113.474    28.148     0.000   113.339    28.099     0.000   113.207    28.046     0.000
   113.077    27.988     0.000   112.951    27.925     0.000   112.834    27.860     0.000   112.721    27.791     0.000
   112.609    27.721     0.000   112.498    27.650     0.000   112.498    27.650     0.000   112.414    27.599     0.000
   112.329    27.548     0.000   112.244    27.498     0.000   112.159    27.450     0.000   112.072    27.404     0.000
   111.983    27.361     0.000   111.893    27.321     0.000   111.816    27.290     0.000   111.737    27.262     0.000
   111.657    27.236     0.000   111.576    27.212     0.000   111.494    27.190     0.000   111.412    27.169     0.000
   111.329    27.150     0.000   111.251    27.132     0.000   111.172    27.115     0.000   111.093    27.099     0.000
   111.014    27.085     0.000   110.935    27.071     0.000   110.856    27.058     0.000   110.777    27.047     0.000
   110.693    27.037     0.000   110.609    27.028     0.000   110.524    27.019     0.000   110.440    27.012     0.000
   110.355    27.005     0.000   110.270    26.999     0.000   110.186    26.992     0.000
10 1
   110.048    26.964     0.000
2 108
   102.895    20.897     0.000   102.809    20.848     0.000   102.724    20.801     0.000   102.637    20.756     0.000
   102.548    20.714     0.000   102.457    20.678     0.000   102.363    20.647     0.000   102.265    20.625     0.000
   102.116    20.607     0.000   101.964    20.607     0.000   101.811    20.625     0.000   101.664    20.662     0.000
   101.527    20.717     0.000   101.405    20.790     0.000   101.303    20.883     0.000   101.246    20.957     0.000
   101.200    21.039     0.000   101.163    21.126     0.000   101.136    21.218     0.000   101.118    21.313     0.000
   101.106    21.408     0.000   101.102    21.504     0.000   101.103    21.619     0.000   101.111    21.732     0.000
   101.123    21.844     0.000   101.136    21.956     0.000   101.148    22.069     0.000   101.156    22.184     0.000
   101.158    22.303     0.000   101.153    22.420     0.000   101.144    22.538     0.000   101.136    22.656     0.000
   101.134    22.770     0.000   101.142    22.879     0.000   101.164    22.980     0.000   101.205    23.070     0.000
   101.269    23.149     0.000   101.354    23.217     0.000   101.455    23.276     0.000   101.569    23.327     0.000
   101.690    23.373     0.000   101.816    23.415     0.000   101.941    23.456     0.000   102.026    23.484     0.000
   102.109    23.511     0.000   102.190    23.536     0.000   102.271    23.557     0.000   102.351    23.574     0.000
   102.430    23.583     0.000   102.509    23.586     0.000   102.640    23.570     0.000   102.772    23.536     0.000
   102.903    23.489     0.000   103.034    23.434     0.000   103.165    23.379     0.000   103.296    23.329     0.000
   103.426    23.289     0.000   103.529    23.269     0.000   103.633    23.258     0.000   103.738    23.255     0.000
   103.846    23.258     0.000   103.956    23.266     0.000   104.071    23.279     0.000   104.189    23.294     0.000
   104.290    23.307     0.000   104.391    23.317     0.000   104.490    23.323     0.000   104.584    23.321     0.000
   104.670    23.309     0.000   104.747    23.283     0.000   104.810    23.241     0.000   104.841    23.206     0.000
   104.867    23.166     0.000   104.888    23.121     0.000   104.906    23.072     0.000   104.922    23.020     0.000
   104.935    22.968     0.000   104.948    22.915     0.000   104.966    22.835     0.000   104.982    22.756     0.000
   104.996    22.680     0.000   105.007    22.604     0.000   105.014    22.529     0.000   105.017    22.454     0.000
   105.014    22.380     0.000   104.992    22.233     0.000   104.948    22.088     0.000   104.885    21.945     0.000
   104.805    21.809     0.000   104.710    21.679     0.000   104.602    21.559     0.000   104.482    21.451     0.000
   104.370    21.367     0.000   104.252    21.293     0.000   104.128    21.229     0.000   104.000    21.174     0.000
   103.868    21.128     0.000   103.734    21.089     0.000   103.598    21.059     0.000   103.562    21.052     0.000
   103.525    21.045     0.000   103.488    21.039     0.000   103.451    21.033     0.000   103.415    21.027     0.000
   103.378    21.022     0.000   103.341    21.016     0.000   103.141    20.985     0.000   102.941    20.957     0.000

10 1
   102.895    20.897     0.000
4 57
   102.522    37.799     0.000   102.637    37.783     0.000   102.751    37.767     0.000   102.866    37.750     0.000
   102.980    37.731     0.000   103.093    37.710     0.000   103.206    37.686     0.000   103.317    37.658     0.000
   103.439    37.623     0.000   103.558    37.583     0.000   103.673    37.536     0.000   103.783    37.482     0.000
   103.886    37.420     0.000   103.980    37.349     0.000   104.066    37.267     0.000   104.139    37.179     0.000
   104.199    37.084     0.000   104.245    36.984     0.000   104.274    36.882     0.000   104.285    36.781     0.000
   104.274    36.683     0.000   104.240    36.592     0.000   104.159    36.486     0.000   104.043    36.396     0.000
   103.899    36.324     0.000   103.736    36.270     0.000   103.562    36.236     0.000   103.385    36.224     0.000
   103.213    36.233     0.000   103.073    36.260     0.000   102.943    36.302     0.000   102.820    36.358     0.000
   102.706    36.425     0.000   102.600    36.501     0.000   102.501    36.584     0.000   102.409    36.672     0.000
   102.331    36.755     0.000   102.260    36.840     0.000   102.196    36.928     0.000   102.142    37.020     0.000
   102.098    37.117     0.000   102.066    37.217     0.000   102.047    37.324     0.000   102.044    37.372     0.000
   102.043    37.420     0.000   102.048    37.468     0.000   102.057    37.514     0.000   102.072    37.557     0.000
   102.094    37.597     0.000   102.123    37.632     0.000   102.155    37.658     0.000   102.193    37.681     0.000
   102.235    37.701     0.000   102.281    37.718     0.000   102.329    37.734     0.000   102.379    37.748     0.000
   102.431    37.761     0.000
0 1
   102.522    37.799     0.000
4 85
    79.854    43.529     0.000    80.008    43.550     0.000    80.162    43.571     0.000    80.317    43.590     0.000
    80.473    43.609     0.000    80.630    43.627     0.000    80.789    43.644     0.000    80.949    43.658     0.000
    81.120    43.672     0.000    81.292    43.680     0.000    81.463    43.682     0.000    81.631    43.673     0.000
    81.797    43.653     0.000    81.957    43.619     0.000    82.110    43.567     0.000    82.158    43.546     0.000
    82.206    43.522     0.000    82.251    43.497     0.000    82.293    43.469     0.000    82.331    43.440     0.000
    82.364    43.409     0.000    82.393    43.375     0.000    82.436    43.295     0.000    82.453    43.207     0.000
    82.448    43.115     0.000    82.422    43.021     0.000    82.380    42.928     0.000    82.325    42.837     0.000
    82.259    42.752     0.000    82.107    42.601     0.000    81.931    42.475     0.000    81.738    42.367     0.000
    81.532    42.272     0.000    81.318    42.183     0.000    81.102    42.096     0.000    80.889    42.003     0.000
    80.608    41.861     0.000    80.339    41.706     0.000    80.079    41.543     0.000    79.824    41.380     0.000
    79.570    41.222     0.000    79.314    41.075     0.000    79.051    40.946     0.000    78.691    40.808     0.000
    78.315    40.696     0.000    77.928    40.593     0.000    77.533    40.483     0.000    77.135    40.353     0.000
    76.738    40.185     0.000    76.348    39.966     0.000    76.149    39.828     0.000    75.955    39.685     0.000
    75.765    39.548     0.000    75.582    39.430     0.000    75.405    39.342     0.000    75.235    39.297     0.000
    75.071    39.308     0.000    74.965    39.351     0.000    74.864    39.421     0.000    74.771    39.512     0.000
    74.687    39.619     0.000    74.615    39.738     0.000    74.557    39.863     0.000    74.516    39.990     0.000
    74.487    40.280     0.000    74.549    40.551     0.000    74.687    40.806     0.000    74.886    41.045     0.000
    75.131    41.270     0.000    75.408    41.480     0.000    75.701    41.678     0.000    76.081    41.917     0.000
    76.463    42.138     0.000    76.849    42.344     0.000    77.241    42.536     0.000    77.639    42.715     0.000
    78.047    42.884     0.000    78.466    43.044     0.000    78.638    43.106     0.000    78.812    43.167     0.000
    78.988    43.227     0.000    79.165    43.286     0.000    79.343    43.345     0.000    79.522    43.403     0.000
    79.701    43.460     0.000
0 1
    79.854    43.529     0.000
2 78
   102.737    21.369     0.000   102.808    21.405     0.000   102.880    21.442     0.000   102.950    21.480     0.000
   103.018    21.519     0.000   103.084    21.561     0.000   103.147    21.606     0.000   103.207    21.655     0.000
   103.268    21.713     0.000   103.323    21.775     0.000   103.374    21.842     0.000   103.419    21.913     0.000
   103.458    21.987     0.000   103.492    22.065     0.000   103.519    22.146     0.000   103.537    22.212     0.000
   103.550    22.280     0.000   103.557    22.348     0.000   103.558    22.415     0.000   103.553    22.481     0.000
   103.539    22.545     0.000   103.517    22.606     0.000   103.488    22.662     0.000   103.452    22.714     0.000
   103.409    22.764     0.000   103.361    22.811     0.000   103.309    22.855     0.000   103.254    22.897     0.000
   103.197    22.937     0.000   103.116    22.988     0.000   103.033    23.035     0.000   102.949    23.078     0.000
   102.862    23.114     0.000   102.773    23.145     0.000   102.682    23.169     0.000   102.588    23.186     0.000
   102.489    23.195     0.000   102.389    23.195     0.000   102.289    23.187     0.000   102.190    23.171     0.000
   102.093    23.146     0.000   102.001    23.111     0.000   101.914    23.068     0.000   101.820    23.006     0.000
   101.736    22.933     0.000   101.660    22.851     0.000   101.593    22.762     0.000   101.535    22.667     0.000
   101.485    22.568     0.000   101.445    22.467     0.000   101.409    22.355     0.000   101.383    22.242     0.000
   101.365    22.128     0.000   101.355    22.013     0.000   101.352    21.896     0.000   101.355    21.778     0.000
   101.363    21.658     0.000   101.371    21.577     0.000   101.383    21.497     0.000   101.399    21.418     0.000
   101.422    21.342     0.000   101.452    21.271     0.000   101.492    21.205     0.000   101.542    21.146     0.000
   101.586    21.109     0.000   101.635    21.075     0.000   101.688    21.047     0.000   101.744    21.024     0.000
   101.802    21.005     0.000   101.861    20.993     0.000   101.920    20.986     0.000   102.035    20.990     0.000
   102.146    21.014     0.000   102.253    21.055     0.000   102.358    21.109     0.000   102.462    21.174     0.000
   102.564    21.246     0.000   102.666    21.321     0.000
25 1
   102.737    21.369     0.000
2 57
   107.649    29.111     0.000   107.702    29.104     0.000   107.755    29.096     0.000   107.807    29.086     0.000
   107.857    29.074     0.000   107.905    29.059     0.000   107.951    29.040     0.000   107.994    29.017     0.000
   108.029    28.991     0.000   108.062    28.961     0.000   108.091    28.928     0.000   108.116    28.892     0.000
   108.137    28.854     0.000   108.154    28.813     0.000   108.166    28.772     0.000   108.174    28.723     0.000
   108.176    28.675     0.000   108.172    28.626     0.000   108.162    28.579     0.000   108.147    28.533     0.000
   108.126    28.490     0.000   108.100    28.449     0.000   108.060    28.402     0.000   108.011    28.360     0.000
   107.957    28.324     0.000   107.896    28.293     0.000   107.830    28.267     0.000   107.760    28.246     0.000
   107.686    28.228     0.000   107.580    28.209     0.000   107.472    28.200     0.000   107.365    28.200     0.000
   107.264    28.212     0.000   107.171    28.237     0.000   107.089    28.276     0.000   107.023    28.332     0.000
   106.997    28.367     0.000   106.976    28.405     0.000   106.959    28.446     0.000   106.947    28.489     0.000
   106.941    28.533     0.000   106.940    28.578     0.000   106.945    28.622     0.000   106.965    28.694     0.000
   106.999    28.761     0.000   107.045    28.823     0.000   107.102    28.879     0.000   107.166    28.929     0.000
   107.237    28.972     0.000   107.311    29.007     0.000   107.352    29.022     0.000   107.394    29.035     0.000
   107.437    29.046     0.000   107.479    29.056     0.000   107.522    29.065     0.000   107.565    29.073     0.000
   107.608    29.081     0.000
10 1
   107.649    29.111     0.000
2 101
   116.153    24.923     0.000   116.239    24.926     0.000   116.239    24.926     0.000   116.287    24.925     0.000
   116.334    24.923     0.000   116.381    24.922     0.000   116.429    24.920     0.000   116.476    24.917     0.000
   116.523    24.914     0.000   116.570    24.911     0.000   116.612    24.907     0.000   116.655    24.903     0.000
   116.697    24.897     0.000   116.739    24.889     0.000   116.781    24.879     0.000   116.823    24.867     0.000
   116.864    24.852     0.000   116.905    24.835     0.000   116.944    24.814     0.000   116.981    24.791     0.000
   117.014    24.765     0.000   117.043    24.736     0.000   117.066    24.704     0.000   117.083    24.670     0.000
   117.092    24.629     0.000   117.093    24.586     0.000   117.087    24.543     0.000   117.073    24.500     0.000
   117.054    24.458     0.000   117.029    24.418     0.000   117.000    24.382     0.000   116.965    24.348     0.000
   116.927    24.318     0.000   116.885    24.292     0.000   116.842    24.269     0.000   116.797    24.249     0.000
   116.750    24.230     0.000   116.703    24.212     0.000   116.606    24.175     0.000   116.509    24.140     0.000
   116.411    24.108     0.000   116.313    24.081     0.000   116.215    24.059     0.000   116.116    24.045     0.000
   116.017    24.040     0.000   115.911    24.045     0.000   115.805    24.059     0.000   115.698    24.079     0.000
   115.591    24.103     0.000   115.484    24.127     0.000   115.378    24.150     0.000   115.271    24.167     0.000
   115.188    24.175     0.000   115.106    24.178     0.000   115.023    24.176     0.000   114.940    24.166     0.000
   114.857    24.150     0.000   114.773    24.126     0.000   114.689    24.093     0.000   114.564    24.030     0.000
   114.440    23.957     0.000   114.317    23.885     0.000   114.198    23.825     0.000   114.085    23.785     0.000
   113.979    23.777     0.000   113.880    23.811     0.000   113.840    23.842     0.000   113.803    23.882     0.000
   113.770    23.927     0.000   113.744    23.977     0.000   113.726    24.029     0.000   113.717    24.082     0.000
   113.718    24.133     0.000   113.734    24.185     0.000   113.762    24.233     0.000   113.801    24.277     0.000
   113.849    24.317     0.000   113.903    24.352     0.000   113.961    24.384     0.000   114.022    24.412     0.000
   114.137    24.457     0.000   114.253    24.491     0.000   114.368    24.518     0.000   114.482    24.539     0.000
   114.596    24.557     0.000   114.710    24.575     0.000   114.823    24.594     0.000   114.954    24.621     0.000
   115.086    24.652     0.000   115.217    24.687     0.000   115.348    24.723     0.000   115.480    24.761     0.000
   115.612    24.797     0.000   115.744    24.833     0.000   115.793    24.845     0.000   115.842    24.857     0.000
   115.892    24.869     0.000   115.941    24.880     0.000   115.990    24.891     0.000   116.040    24.902     0.000
   116.089    24.913     0.000
10 1
   116.153    24.923     0.000
2 57
   102.465    22.088     0.000   102.404    22.080     0.000   102.344    22.074     0.000   102.283    22.070     0.000
   102.223    22.069     0.000   102.164    22.072     0.000   102.105    22.081     0.000   102.046    22.096     0.000
   101.986    22.119     0.000   101.929    22.150     0.000   101.876    22.188     0.000   101.829    22.231     0.000
   101.790    22.280     0.000   101.761    22.333     0.000   101.744    22.390     0.000   101.739    22.426     0.000
   101.740    22.463     0.000   101.745    22.500     0.000   101.754    22.536     0.000   101.767    22.571     0.000
   101.784    22.604     0.000   101.805    22.634     0.000   101.832    22.664     0.000   101.862    22.692     0.000
   101.896    22.716     0.000   101.933    22.737     0.000   101.972    22.757     0.000   102.013    22.775     0.000
   102.056    22.793     0.000   102.107    22.812     0.000   102.160    22.830     0.000   102.213    22.844     0.000
   102.265    22.854     0.000   102.316    22.857     0.000   102.365    22.853     0.000   102.412    22.839     0.000
   102.438    22.826     0.000   102.464    22.809     0.000   102.488    22.789     0.000   102.510    22.766     0.000
   102.529    22.742     0.000   102.546    22.716     0.000   102.561    22.689     0.000   102.575    22.655     0.000
   102.585    22.621     0.000   102.591    22.586     0.000   102.594    22.551     0.000   102.595    22.516     0.000
   102.593    22.481     0.000   102.589    22.446     0.000   102.581    22.398     0.000   102.569    22.351     0.000
   102.555    22.304     0.000   102.539    22.258     0.000   102.522    22.212     0.000   102.503    22.167     0.000
   102.485    22.121     0.000
50 1
   102.465    22.088     0.000
4 73
   119.549    39.008     0.000   119.440    38.909     0.000   119.330    38.811     0.000   119.219    38.717     0.000
   119.105    38.627     0.000   118.987    38.545     0.000   118.863    38.470     0.000   118.734    38.406     0.000
   118.582    38.347     0.000   118.421    38.303     0.000   118.252    38.272     0.000   118.076    38.254     0.000
   117.892    38.247     0.000   117.702    38.253     0.000   117.505    38.269     0.000   117.446    38.276     0.000
   117.387    38.285     0.000   117.331    38.296     0.000   117.279    38.309     0.000   117.233    38.325     0.000
   117.193    38.345     0.000   117.161    38.370     0.000   117.132    38.411     0.000   117.118    38.460     0.000
   117.115    38.515     0.000   117.120    38.575     0.000   117.129    38.637     0.000   117.140    38.701     0.000
   117.148    38.765     0.000   117.151    38.827     0.000   117.151    38.888     0.000   117.150    38.946     0.000
   117.149    39.003     0.000   117.151    39.059     0.000   117.159    39.112     0.000   117.175    39.164     0.000
   117.196    39.208     0.000   117.223    39.251     0.000   117.256    39.292     0.000   117.293    39.333     0.000
   117.334    39.373     0.000   117.378    39.412     0.000   117.423    39.450     0.000   117.493    39.507     0.000
   117.566    39.562     0.000   117.640    39.613     0.000   117.716    39.661     0.000   117.796    39.704     0.000
   117.878    39.742     0.000   117.964    39.774     0.000   118.048    39.798     0.000   118.135    39.817     0.000
   118.225    39.830     0.000   118.317    39.839     0.000   118.411    39.844     0.000   118.507    39.846     0.000
   118.604    39.844     0.000   118.738    39.838     0.000   118.873    39.825     0.000   119.004    39.805     0.000
   119.129    39.776     0.000   119.247    39.737     0.000   119.354    39.688     0.000   119.448    39.626     0.000
   119.480    39.599     0.000   119.510    39.571     0.000   119.539    39.541     0.000   119.566    39.510     0.000
   119.592    39.478     0.000   119.618    39.446     0.000   119.643    39.414     0.000   119.665    39.338     0.000
   119.686    39.261     0.000
0 2
   119.549    39.008     0.000   117.115    38.515     0.000
2 85
    96.050    25.860     0.000    96.260    25.887     0.000    96.472    25.915     0.000    96.685    25.943     0.000
    96.900    25.973     0.000    97.119    26.006     0.000    97.342    26.041     0.000    97.569    26.081     0.000
    97.808    26.127     0.000    98.046    26.181     0.000    98.276    26.248     0.000    98.493    26.331     0.000
    98.690    26.434     0.000    98.861    26.561     0.000    98.998    26.716     0.000    99.065    26.831     0.000
    99.116    26.956     0.000    99.151    27.089     0.000    99.168    27.225     0.000    99.167    27.363     0.000
    99.148    27.499     0.000    99.111    27.631     0.000    99.041    27.782     0.000    98.946    27.921     0.000
    98.830    28.050     0.000    98.697    28.167     0.000    98.550    28.273     0.000    98.394    28.369     0.000
    98.233    28.454     0.000    98.109    28.512     0.000    97.984    28.567     0.000    97.860    28.620     0.000
    97.736    28.675     0.000    97.613    28.731     0.000    97.492    28.793     0.000    97.374    28.862     0.000
    97.181    28.997     0.000    96.993    29.145     0.000    96.807    29.296     0.000    96.618    29.437     0.000
    96.425    29.556     0.000    96.225    29.641     0.000    96.015    29.680     0.000    95.892    29.678     0.000
    95.767    29.660     0.000    95.640    29.629     0.000    95.513    29.587     0.000    95.386    29.537     0.000
    95.261    29.481     0.000    95.140    29.421     0.000    94.817    29.247     0.000    94.522    29.062     0.000
    94.248    28.864     0.000    93.991    28.648     0.000    93.746    28.413     0.000    93.507    28.155     0.000
    93.271    27.870     0.000    93.139    27.699     0.000    93.015    27.522     0.000    92.906    27.343     0.000
    92.822    27.167     0.000    92.769    26.996     0.000    92.756    26.835     0.000    92.791    26.687     0.000
    92.862    26.575     0.000    92.965    26.474     0.000    93.095    26.383     0.000    93.246    26.301     0.000
    93.410    26.226     0.000    93.583    26.158     0.000    93.758    26.096     0.000    94.016    26.012     0.000
    94.265    25.939     0.000    94.510    25.880     0.000    94.750    25.834     0.000    94.990    25.804     0.000
    95.230    25.791     0.000    95.472    25.795     0.000    95.541    25.800     0.000    95.611    25.806     0.000
    95.681    25.812     0.000    95.752    25.820     0.000    95.822    25.829     0.000    95.893    25.837     0.000
    95.963    25.846     0.000
10 1
    96.050    25.860     0.000
STATION_SITUATION
45001 0
45004 0
45005 0
45007 0
45009 0
45011 0
50136 0
50204 0
50246 0
50247 0
50349 0
50425 0
50431 0
50434 0
50442 0
50445 0
50524 0
50525 0
50526 0
50527 0
50548 0
50557 0
50564 0
50566 0
50632 0
50639 0
50645 0
50647 0
50673 0
50674 0
50741 0
50772 0
50774 0
50775 0
50776 0
50778 0
50779 0
50787 0
50788 0
50878 0
51435 0
51437 0
51438 0
51627 0
51701 0
51705 0
51711 0
52784 0
52787 0
52797 0
52885 0
52887 0
52896 0
53488 0
53564 0
53565 0
53567 0
53573 0
53574 0
53575 0
53576 0
53577 0
53578 0
53579 0
53580 0
53582 0
53584 0
53585 0
53588 0
53590 0
53593 0
53594 0
53596 0
53599 0
53646 0
53651 0
53658 0
53659 0
53660 0
53662 0
53663 0
53664 0
53665 0
53666 0
53669 0
53673 0
53674 0
53676 0
53677 0
53678 0
53679 0
53680 0
53681 0
53682 0
53685 0
53687 0
53688 0
53690 0
53692 0
53693 0
53694 0
53695 0
53696 0
53750 0
53751 0
53753 0
53754 0
53756 0
53757 0
53759 0
53760 0
53763 0
53764 0
53767 0
53768 0
53769 0
53770 0
53771 0
53772 0
53774 0
53775 0
53776 0
53777 0
53778 0
53780 0
53782 0
53783 0
53787 0
53860 0
53862 0
53863 0
54437 0
54503 0
54504 0
54507 0
54508 0
54517 0
54526 0
54529 0
54530 0
54531 0
54533 0
54534 0
54535 0
54539 0
54540 0
54601 0
54602 0
54603 0
54604 0
54605 0
54606 0
54607 0
54608 0
54609 0
54610 0
54611 0
54612 0
54614 0
54617 0
54620 0
54621 0
54622 0
54623 0
54624 0
54626 0
54636 0
54645 0
54646 0
54700 0
55294 0
55299 0
56004 0
56016 0
56018 0
56021 0
56029 0
56034 0
56038 0
56067 0
56106 0
56109 0
56116 0
56125 0
56128 0
56137 0
56144 0
56146 0
56147 0
56151 0
56152 0
56158 0
56164 0
56167 0
56168 0
56171 0
56172 0
56178 0
56180 0
56181 0
56183 0
56184 0
56186 0
56187 0
56188 0
56189 0
56190 0
56196 0
56197 0
56198 0
56199 0
56202 0
56223 0
56227 0
56228 0
56247 0
56251 0
56257 0
56263 0
56267 0
56272 0
56273 0
56276 0
56278 0
56279 0
56280 0
56281 0
56284 0
56285 0
56286 0
56287 0
56288 0
56290 0
56291 0
56294 0
56295 0
56296 0
56297 0
56298 0
56312 0
56317 0
56331 0
56342 0
56371 0
56373 0
56374 0
56376 0
56378 0
56380 0
56381 0
56382 0
56383 0
56384 0
56385 0
56386 0
56387 0
56389 0
56390 0
56391 0
56393 0
56394 0
56395 0
56396 0
56434 10
56441 0
56444 0
56462 0
56473 0
56474 0
56475 0
56478 0
56479 0
56480 0
56483 0
56485 0
56487 0
56489 0
56490 0
56491 0
56492 0
56493 0
56494 0
56495 0
56496 0
56497 0
56498 0
56499 0
56533 10
56543 0
56548 0
56580 0
56582 0
56584 0
56585 0
56586 0
56592 0
56593 0
56594 0
56595 0
56596 0
56598 0
56641 10
56643 10
56645 0
56684 0
56688 0
56691 0
56693 0
56697 0
56739 0
56741 0
56742 0
56772 0
56774 0
56778 0
56779 0
56781 0
56782 0
56783 0
56785 0
56786 0
56788 0
56790 0
56792 0
56793 0
56835 0
56836 0
56837 0
56838 0
56840 0
56863 0
56867 0
56869 0
56870 0
56871 0
56872 0
56873 0
56875 0
56876 0
56878 0
56879 0
56880 0
56881 0
56882 0
56883 0
56885 0
56886 0
56889 0
56891 0
56898 0
56952 0
56954 0
56956 0
56957 0
56958 0
56959 0
56961 10
56962 0
56964 10
56966 10
56969 25
56970 0
56973 0
56975 10
56976 25
56977 50
56978 25
56982 0
56984 0
56985 0
56986 10
56987 25
56989 10
56991 0
56992 0
56994 0
56995 10
56996 10
57307 0
57308 0
57309 0
57401 0
57402 0
57405 0
57407 0
57408 0
57409 0
57411 0
57413 0
57414 0
57415 0
57416 0
57417 0
57420 0
57425 0
57437 0
57438 0
57439 0
57458 0
57477 0
57502 0
57503 0
57504 0
57505 0
57506 0
57507 0
57508 0
57509 0
57510 0
57511 0
57512 0
57513 0
57514 0
57516 0
57517 0
57518 0
57519 0
57520 0
57522 0
57523 0
57525 0
57536 0
57537 0
57540 0
57541 0
57543 0
57544 0
57545 0
57554 0
57558 0
57562 0
57564 0
57565 0
57566 0
57571 0
57573 0
57574 0
57575 0
57577 0
57581 0
57582 0
57583 0
57584 0
57585 0
57586 0
57589 0
57590 0
57595 0
57598 10
57600 0
57602 0
57603 0
57604 0
57605 0
57606 0
57608 0
57609 0
57612 0
57614 0
57622 0
57623 10
57625 10
57633 0
57634 10
57635 0
57636 0
57637 0
57640 10
57642 10
57643 0
57646 10
57647 10
57649 10
57655 10
57657 10
57658 10
57661 10
57662 0
57663 10
57666 10
57669 10
57671 10
57673 10
57674 10
57678 10
57679 10
57680 10
57682 10
57687 10
57688 0
57694 10
57696 0
57698 0
57699 0
57707 0
57708 0
57710 0
57713 0
57714 0
57717 0
57718 0
57719 0
57720 0
57722 0
57723 0
57728 0
57729 0
57730 0
57731 0
57732 0
57734 0
57735 0
57736 10
57737 0
57738 0
57739 0
57740 10
57741 10
57742 10
57743 10
57744 10
57745 10
57746 10
57749 10
57752 10
57754 10
57758 0
57760 0
57761 10
57762 10
57763 10
57766 10
57767 10
57768 10
57769 0
57771 10
57772 10
57773 10
57774 10
57776 0
57777 0
57778 0
57779 0
57780 0
57781 0
57782 0
57786 0
57789 0
57792 0
57793 0
57796 0
57797 0
57798 0
57799 0
57800 0
57803 0
57805 0
57806 0
57807 0
57808 0
57809 0
57811 0
57813 0
57814 0
57816 0
57818 0
57821 0
57822 0
57823 0
57824 0
57825 0
57826 0
57827 0
57828 0
57829 0
57832 0
57834 0
57835 0
57837 0
57839 0
57840 0
57841 0
57842 0
57844 0
57845 0
57846 0
57851 0
57853 0
57857 0
57859 0
57860 0
57865 0
57866 0
57867 0
57868 0
57870 0
57871 0
57872 0
57874 0
57875 0
57876 0
57881 0
57882 0
57883 0
57886 0
57887 0
57889 0
57891 0
57894 0
57895 0
57896 0
57899 0
57900 0
57902 0
57903 0
57905 0
57906 0
57907 0
57908 0
57909 0
57910 0
57911 0
57912 0
57913 0
57914 0
57915 0
57916 0
57921 0
57922 0
57923 0
57926 0
57927 0
57932 0
57936 0
57941 0
57942 0
57947 0
57948 0
57949 0
57954 0
57955 0
57956 0
57957 0
57958 0
57960 0
57962 0
57964 0
57965 0
57966 0
57969 0
57971 0
57972 0
57973 0
57974 0
57975 0
57976 0
57978 0
57980 0
57981 0
57985 0
57988 0
57989 0
57990 0
57991 0
57992 0
57993 0
57994 0
57995 0
57996 0
58500 0
58502 0
58503 0
58506 0
58507 0
58508 0
58509 0
58514 0
58517 0
58518 0
58519 0
58527 0
58529 0
58537 0
58544 0
58546 0
58547 0
58548 0
58549 0
58555 0
58556 0
58557 0
58558 0
58559 0
58562 0
58565 0
58566 0
58567 0
58568 0
58569 0
58570 0
58600 0
58601 0
58602 0
58605 0
58606 0
58607 0
58608 0
58609 0
58611 0
58612 0
58614 0
58615 0
58616 0
58617 0
58618 0
58620 0
58622 0
58623 0
58624 0
58625 0
58626 0
58627 0
58629 0
58631 0
58632 0
58633 0
58634 0
58635 0
58637 0
58642 0
58643 0
58644 0
58646 0
58647 0
58652 0
58653 0
58654 0
58656 0
58657 0
58658 0
58659 0
58660 0
58664 0
58665 0
58666 0
58667 0
58693 0
58701 0
58704 0
58705 0
58706 0
58707 0
58710 0
58712 0
58712 0
58713 0
58714 0
58715 0
58718 0
58724 0
58725 0
58730 0
58731 0
58734 0
58735 0
58736 0
58737 0
58742 0
58744 0
58745 0
58746 0
58747 0
58748 0
58749 0
58750 0
58751 0
58752 0
58754 0
58760 0
58804 0
58806 0
58813 0
58814 0
58818 0
58819 0
58820 0
58821 0
58822 0
58823 0
58824 0
58826 0
58828 0
58834 0
58836 0
58837 0
58839 0
58843 0
58844 0
58845 0
58846 0
58847 0
58848 0
58849 0
58900 0
58903 0
58905 0
58906 0
58907 0
58911 0
58912 0
58917 0
58918 0
58921 0
58923 0
58926 0
58927 0
58928 0
58929 0
58931 0
58932 0
58933 0
58934 0
58935 0
58936 0
58938 0
58940 0
58941 0
58942 0
58944 0
58945 0
58946 0
58965 0
58968 0
58969 0
58974 0
59001 0
59004 0
59007 0
59012 0
59015 0
59017 0
59021 0
59022 0
59023 0
59025 0
59027 0
59031 0
59033 0
59034 0
59037 0
59038 0
59041 0
59044 0
59045 0
59046 0
59047 0
59051 0
59052 0
59053 0
59055 0
59057 0
59058 0
59059 0
59061 0
59063 0
59064 0
59065 0
59071 0
59072 0
59074 0
59075 0
59081 0
59082 0
59087 0
59088 0
59090 0
59091 0
59092 0
59093 0
59094 10
59096 10
59097 10
59099 10
59102 0
59106 10
59107 0
59109 10
59113 10
59114 10
59116 10
59117 10
59122 0
59124 0
59125 0
59126 0
59127 0
59129 0
59130 0
59131 0
59133 0
59134 0
59135 0
59137 0
59152 0
59153 0
59162 0
59205 0
59209 0
59211 0
59213 0
59215 0
59218 0
59224 0
59227 0
59228 0
59229 0
59230 0
59235 0
59237 0
59238 0
59241 0
59242 0
59246 0
59249 0
59252 0
59254 0
59255 0
59256 0
59262 0
59264 0
59265 0
59266 0
59268 0
59269 0
59270 0
59271 0
59276 0
59278 0
59279 0
59280 0
59282 0
59284 0
59285 0
59287 0
59288 0
59289 0
59290 0
59293 0
59294 0
59297 0
59298 0
59303 0
59304 0
59306 0
59310 0
59312 0
59313 0
59314 0
59315 0
59316 0
59317 0
59318 0
59319 0
59320 0
59321 0
59322 0
59324 0
59327 0
59328 0
59362 0
59399 0
59413 0
59417 0
59419 0
59421 0
59425 0
59426 0
59427 0
59428 0
59429 0
59431 0
59435 0
59441 0
59446 0
59448 0
59449 0
59451 0
59452 0
59453 0
59454 0
59456 0
59457 0
59462 0
59469 0
59470 0
59471 0
59473 0
59475 0
59476 0
59477 0
59478 0
59480 0
59481 0
59485 0
59487 0
59488 0
59492 0
59493 0
59500 0
59501 0
59502 0
59505 0
59620 0
59626 0
59631 0
59632 0
59635 0
59653 0
59655 0
59656 0
59658 0
59659 0
59663 0
59664 0
59673 0
59681 0
59752 0
59754 0
59757 0
59758 0
59792 0
59842 0
59843 0
59845 0
59848 0
59849 0
59851 0
59853 0
59854 0
59855 0
59856 0
59945 0
59951 0
59954 0
WEATHER_REGION: 0
FILLAREA: 0
NOTES_SYMBOL: 10
48 122.093 51.319 0 1 1 0 4  12 1 255 0 255 255
48 112.712 37.760 0 1 3 0 4  12 1 255 0 255 255
48 102.792 37.093 0 1 2 0 4  12 1 255 0 255 255
48 78.151 40.934 0 1 2 0 4  12 1 255 0 255 255
48 107.598 28.664 0 2 11 0 4  12 1 255 0 255 255
48 112.035 28.315 0 2 15 0 4  12 1 255 0 255 255
48 116.149 24.500 0 2 12 0 4  12 1 255 0 255 255
48 102.171 22.569 0 2 55 0 4  12 1 255 0 255 255
48 117.404 38.716 0 1 1 0 4  12 1 255 0 255 255
48 95.469 29.274 0 2 20 0 4  12 1 255 0 255 255
WithProp_LINESYMBOLS: 3
0 4 255 165 43 42 0 0
43
113.990 40.431 0.0
113.955 40.312 0.0
113.922 40.192 0.0
113.890 40.070 0.0
113.861 39.946 0.0
113.835 39.819 0.0
113.813 39.688 0.0
113.796 39.552 0.0
113.785 39.425 0.0
113.775 39.296 0.0
113.761 39.170 0.0
113.739 39.049 0.0
113.705 38.938 0.0
113.655 38.840 0.0
113.584 38.759 0.0
113.469 38.686 0.0
113.324 38.637 0.0
113.156 38.608 0.0
112.970 38.592 0.0
112.772 38.586 0.0
112.567 38.585 0.0
112.363 38.583 0.0
112.210 38.580 0.0
112.062 38.577 0.0
111.919 38.578 0.0
111.783 38.585 0.0
111.655 38.602 0.0
111.534 38.631 0.0
111.423 38.676 0.0
111.322 38.740 0.0
111.232 38.819 0.0
111.155 38.911 0.0
111.091 39.013 0.0
111.042 39.122 0.0
111.008 39.234 0.0
110.991 39.346 0.0
110.990 39.420 0.0
110.995 39.494 0.0
111.006 39.566 0.0
111.023 39.638 0.0
111.042 39.709 0.0
111.064 39.780 0.0
111.088 39.851 0.0
NoLabel 0
0 4 255 165 43 42 0 0
92
102.320 33.278 0.0
102.211 33.063 0.0
102.101 32.849 0.0
101.987 32.637 0.0
101.868 32.426 0.0
101.741 32.219 0.0
101.605 32.016 0.0
101.456 31.817 0.0
101.341 31.676 0.0
101.223 31.536 0.0
101.106 31.396 0.0
100.995 31.255 0.0
100.894 31.111 0.0
100.807 30.964 0.0
100.739 30.812 0.0
100.701 30.693 0.0
100.675 30.571 0.0
100.659 30.447 0.0
100.651 30.320 0.0
100.652 30.192 0.0
100.658 30.062 0.0
100.669 29.930 0.0
100.686 29.784 0.0
100.703 29.638 0.0
100.716 29.493 0.0
100.721 29.351 0.0
100.714 29.213 0.0
100.691 29.080 0.0
100.648 28.954 0.0
100.606 28.872 0.0
100.554 28.794 0.0
100.492 28.719 0.0
100.421 28.647 0.0
100.343 28.577 0.0
100.258 28.511 0.0
100.167 28.447 0.0
100.047 28.371 0.0
99.921 28.303 0.0
99.792 28.245 0.0
99.662 28.201 0.0
99.534 28.174 0.0
99.410 28.168 0.0
99.291 28.185 0.0
99.205 28.216 0.0
99.123 28.260 0.0
99.044 28.315 0.0
98.968 28.379 0.0
98.893 28.447 0.0
98.819 28.518 0.0
98.745 28.590 0.0
98.564 28.752 0.0
98.382 28.904 0.0
98.200 29.050 0.0
98.023 29.197 0.0
97.854 29.349 0.0
97.693 29.512 0.0
97.546 29.691 0.0
97.469 29.801 0.0
97.394 29.914 0.0
97.319 30.027 0.0
97.242 30.136 0.0
97.160 30.237 0.0
97.070 30.326 0.0
96.971 30.399 0.0
96.770 30.484 0.0
96.539 30.516 0.0
96.288 30.505 0.0
96.025 30.458 0.0
95.757 30.383 0.0
95.493 30.288 0.0
95.242 30.181 0.0
95.073 30.101 0.0
94.914 30.019 0.0
94.763 29.933 0.0
94.620 29.844 0.0
94.485 29.750 0.0
94.356 29.652 0.0
94.233 29.548 0.0
94.063 29.387 0.0
93.901 29.216 0.0
93.746 29.039 0.0
93.593 28.858 0.0
93.441 28.675 0.0
93.288 28.494 0.0
93.130 28.317 0.0
92.880 28.062 0.0
92.617 27.821 0.0
92.344 27.591 0.0
92.062 27.370 0.0
91.775 27.155 0.0
91.484 26.943 0.0
91.192 26.733 0.0
NoLabel 0
0 4 255 165 43 42 0 0
36
93.333 35.034 0.0
93.691 34.787 0.0
94.031 34.534 0.0
94.340 34.273 0.0
94.605 34.000 0.0
94.810 33.711 0.0
94.944 33.404 0.0
94.993 33.075 0.0
94.982 32.909 0.0
94.948 32.742 0.0
94.891 32.578 0.0
94.809 32.421 0.0
94.701 32.277 0.0
94.568 32.149 0.0
94.408 32.042 0.0
94.273 31.978 0.0
94.131 31.924 0.0
93.988 31.873 0.0
93.852 31.822 0.0
93.729 31.767 0.0
93.627 31.702 0.0
93.552 31.622 0.0
93.509 31.516 0.0
93.496 31.394 0.0
93.506 31.259 0.0
93.528 31.118 0.0
93.551 30.975 0.0
93.567 30.835 0.0
93.564 30.705 0.0
93.496 30.500 0.0
93.352 30.334 0.0
93.145 30.199 0.0
92.888 30.089 0.0
92.594 29.997 0.0
92.275 29.916 0.0
91.943 29.840 0.0
NoLabel 0
