diamond 14 /disk2/diamond/update/rr041608.024
2015 4 16 5 0
LINES: 0
LINES_SYMBOL: 9
0 4 43
   124.480    54.810         1   124.356    54.672     0.000   124.237    54.534     0.000   124.127    54.394     0.000
   124.031    54.254     0.000   123.953    54.113     0.000   123.897    53.970     0.000   123.867    53.825     0.000
   123.866    53.661     0.000   123.894    53.494     0.000   123.939    53.327     0.000   123.992    53.159     0.000
   124.045    52.990     0.000   124.086    52.822     0.000   124.107    52.656     0.000   124.094    52.438     0.000
   124.038    52.223     0.000   123.950    52.009     0.000   123.837    51.796     0.000   123.708    51.583     0.000
   123.572    51.369     0.000   123.438    51.153     0.000   123.309    50.932     0.000   123.182    50.713     0.000
   123.050    50.497     0.000   122.907    50.288     0.000   122.744    50.090     0.000   122.556    49.905     0.000
   122.335    49.736     0.000   122.162    49.633     0.000   121.974    49.538     0.000   121.772    49.453     0.000
   121.559    49.378     0.000   121.338    49.314     0.000   121.111    49.260     0.000   120.881    49.217     0.000
   120.626    49.183     0.000   120.370    49.161     0.000   120.113    49.148     0.000   119.855    49.142     0.000
   119.596    49.143     0.000   119.336    49.147     0.000   119.076    49.152     0.000
NoLabel 0
0 4 78
   134.556    44.107         1   134.539    44.106     0.000   134.521    44.105     0.000   134.503    44.104     0.000
   134.486    44.103     0.000   134.468    44.102     0.000   134.450    44.101     0.000   134.433    44.099     0.000
   134.298    44.091     0.000   134.163    44.082     0.000   134.028    44.072     0.000   133.893    44.062     0.000
   133.759    44.051     0.000   133.624    44.039     0.000   133.490    44.027     0.000   133.292    44.006     0.000
   133.095    43.985     0.000   132.898    43.963     0.000   132.702    43.943     0.000   132.505    43.924     0.000
   132.308    43.907     0.000   132.111    43.894     0.000   131.951    43.887     0.000   131.789    43.882     0.000
   131.628    43.879     0.000   131.466    43.877     0.000   131.304    43.876     0.000   131.141    43.874     0.000
   130.977    43.872     0.000   130.849    43.869     0.000   130.721    43.865     0.000   130.593    43.858     0.000
   130.467    43.847     0.000   130.342    43.832     0.000   130.220    43.811     0.000   130.100    43.784     0.000
   129.992    43.753     0.000   129.886    43.717     0.000   129.782    43.678     0.000   129.679    43.637     0.000
   129.576    43.596     0.000   129.472    43.556     0.000   129.368    43.518     0.000   129.194    43.465     0.000
   129.016    43.419     0.000   128.836    43.379     0.000   128.653    43.341     0.000   128.469    43.303     0.000
   128.285    43.261     0.000   128.102    43.214     0.000   127.899    43.151     0.000   127.701    43.078     0.000
   127.513    42.993     0.000   127.338    42.898     0.000   127.179    42.793     0.000   127.040    42.677     0.000
   126.924    42.550     0.000   126.840    42.424     0.000   126.774    42.290     0.000   126.722    42.150     0.000
   126.680    42.007     0.000   126.644    41.861     0.000   126.609    41.715     0.000   126.571    41.570     0.000
   126.517    41.401     0.000   126.456    41.236     0.000   126.387    41.073     0.000   126.313    40.912     0.000
   126.237    40.751     0.000   126.159    40.592     0.000   126.081    40.432     0.000   126.047    40.360     0.000
   126.013    40.289     0.000   125.980    40.217     0.000   125.947    40.145     0.000   125.914    40.074     0.000
   125.881    40.002     0.000   125.849    39.930     0.000
NoLabel 0
0 4 43
    94.186    46.513         1    93.887    46.505     0.000    93.590    46.498     0.000    93.293    46.495     0.000
    92.998    46.498     0.000    92.704    46.509     0.000    92.413    46.531     0.000    92.123    46.566     0.000
    91.941    46.596     0.000    91.760    46.632     0.000    91.581    46.674     0.000    91.405    46.722     0.000
    91.232    46.776     0.000    91.064    46.834     0.000    90.899    46.898     0.000    90.741    46.967     0.000
    90.588    47.040     0.000    90.439    47.117     0.000    90.293    47.198     0.000    90.149    47.282     0.000
    90.008    47.368     0.000    89.869    47.457     0.000    89.655    47.598     0.000    89.441    47.740     0.000
    89.224    47.879     0.000    89.002    48.013     0.000    88.772    48.138     0.000    88.532    48.250     0.000
    88.278    48.348     0.000    88.050    48.417     0.000    87.813    48.474     0.000    87.567    48.520     0.000
    87.316    48.557     0.000    87.060    48.587     0.000    86.802    48.610     0.000    86.542    48.629     0.000
    86.058    48.655     0.000    85.576    48.671     0.000    85.096    48.679     0.000    84.617    48.681     0.000
    84.140    48.676     0.000    83.664    48.667     0.000    83.189    48.655     0.000
NoLabel 0
0 4 50
    95.526    31.741         1    95.516    31.727     0.000    95.507    31.712     0.000    95.498    31.697     0.000
    95.488    31.682     0.000    95.479    31.667     0.000    95.470    31.653     0.000    95.460    31.638     0.000
    95.390    31.534     0.000    95.315    31.431     0.000    95.235    31.331     0.000    95.149    31.235     0.000
    95.057    31.145     0.000    94.959    31.062     0.000    94.855    30.987     0.000    94.705    30.902     0.000
    94.544    30.831     0.000    94.376    30.770     0.000    94.201    30.717     0.000    94.023    30.669     0.000
    93.844    30.623     0.000    93.666    30.575     0.000    93.540    30.538     0.000    93.415    30.498     0.000
    93.293    30.455     0.000    93.173    30.409     0.000    93.056    30.360     0.000    92.941    30.307     0.000
    92.830    30.250     0.000    92.653    30.147     0.000    92.482    30.035     0.000    92.315    29.918     0.000
    92.150    29.798     0.000    91.984    29.679     0.000    91.816    29.564     0.000    91.643    29.455     0.000
    91.564    29.410     0.000    91.483    29.366     0.000    91.402    29.324     0.000    91.319    29.285     0.000
    91.234    29.247     0.000    91.149    29.211     0.000    91.063    29.177     0.000    91.050    29.171     0.000
    91.037    29.166     0.000    91.023    29.161     0.000    91.010    29.156     0.000    90.996    29.151     0.000
    90.983    29.146     0.000    90.969    29.141     0.000
NoLabel 0
0 4 57
    90.572    28.724         1    90.670    28.720     0.000    90.768    28.716     0.000    90.866    28.712     0.000
    90.964    28.709     0.000    91.063    28.707     0.000    91.161    28.706     0.000    91.259    28.706     0.000
    91.361    28.708     0.000    91.463    28.711     0.000    91.565    28.715     0.000    91.667    28.718     0.000
    91.769    28.720     0.000    91.870    28.720     0.000    91.971    28.718     0.000    92.034    28.715     0.000
    92.097    28.711     0.000    92.160    28.705     0.000    92.223    28.696     0.000    92.286    28.686     0.000
    92.349    28.672     0.000    92.412    28.656     0.000    92.469    28.638     0.000    92.526    28.617     0.000
    92.581    28.592     0.000    92.631    28.564     0.000    92.678    28.532     0.000    92.718    28.495     0.000
    92.750    28.453     0.000    92.777    28.401     0.000    92.794    28.344     0.000    92.802    28.284     0.000
    92.800    28.223     0.000    92.791    28.162     0.000    92.773    28.104     0.000    92.749    28.050     0.000
    92.683    27.959     0.000    92.597    27.885     0.000    92.493    27.824     0.000    92.377    27.774     0.000
    92.253    27.730     0.000    92.124    27.689     0.000    91.995    27.646     0.000    91.853    27.593     0.000
    91.718    27.534     0.000    91.592    27.467     0.000    91.477    27.392     0.000    91.374    27.308     0.000
    91.287    27.215     0.000    91.216    27.111     0.000    91.199    27.078     0.000    91.183    27.043     0.000
    91.168    27.009     0.000    91.154    26.973     0.000    91.141    26.938     0.000    91.128    26.902     0.000
    91.116    26.865     0.000
NoLabel 0
0 4 85
    96.190    31.242         1    96.079    31.139     0.000    95.968    31.037     0.000    95.855    30.936     0.000
    95.740    30.839     0.000    95.622    30.746     0.000    95.500    30.658     0.000    95.373    30.577     0.000
    95.198    30.479     0.000    95.015    30.394     0.000    94.825    30.318     0.000    94.628    30.251     0.000
    94.426    30.193     0.000    94.221    30.140     0.000    94.012    30.093     0.000    93.845    30.058     0.000
    93.677    30.024     0.000    93.512    29.988     0.000    93.350    29.949     0.000    93.192    29.903     0.000
    93.041    29.849     0.000    92.898    29.785     0.000    92.805    29.734     0.000    92.714    29.680     0.000
    92.625    29.623     0.000    92.534    29.565     0.000    92.440    29.508     0.000    92.342    29.453     0.000
    92.238    29.402     0.000    92.182    29.377     0.000    92.126    29.353     0.000    92.072    29.327     0.000
    92.022    29.299     0.000    91.978    29.267     0.000    91.942    29.230     0.000    91.917    29.187     0.000
    91.906    29.153     0.000    91.901    29.116     0.000    91.902    29.078     0.000    91.909    29.040     0.000
    91.922    29.004     0.000    91.940    28.970     0.000    91.964    28.941     0.000    91.985    28.923     0.000
    92.010    28.908     0.000    92.036    28.895     0.000    92.064    28.884     0.000    92.094    28.875     0.000
    92.125    28.867     0.000    92.156    28.860     0.000    92.247    28.844     0.000    92.337    28.831     0.000
    92.427    28.820     0.000    92.515    28.807     0.000    92.601    28.791     0.000    92.684    28.769     0.000
    92.764    28.740     0.000    92.811    28.717     0.000    92.856    28.690     0.000    92.899    28.660     0.000
    92.939    28.626     0.000    92.977    28.590     0.000    93.011    28.550     0.000    93.041    28.509     0.000
    93.083    28.434     0.000    93.113    28.355     0.000    93.132    28.273     0.000    93.139    28.190     0.000
    93.135    28.107     0.000    93.119    28.027     0.000    93.092    27.952     0.000    93.049    27.876     0.000
    92.993    27.806     0.000    92.928    27.741     0.000    92.856    27.681     0.000    92.777    27.624     0.000
    92.696    27.570     0.000    92.613    27.517     0.000    92.434    27.403     0.000    92.258    27.292     0.000
    92.085    27.182     0.000    91.915    27.073     0.000    91.746    26.965     0.000    91.578    26.858     0.000
    91.412    26.750     0.000
NoLabel 0
38 2 239
   105.435    42.812     0.000   105.429    42.643     0.000   105.426    42.475     0.000   105.431    42.309     0.000
   105.448    42.147     0.000   105.479    41.990     0.000   105.529    41.839     0.000   105.601    41.695     0.000
   105.711    41.544     0.000   105.849    41.403     0.000   106.009    41.270     0.000   106.187    41.146     0.000
   106.378    41.028     0.000   106.578    40.918     0.000   106.782    40.813     0.000   106.973    40.719     0.000
   107.163    40.628     0.000   107.350    40.537     0.000   107.532    40.444     0.000   107.709    40.347     0.000
   107.878    40.244     0.000   108.039    40.133     0.000   108.212    39.993     0.000   108.371    39.842     0.000
   108.514    39.680     0.000   108.640    39.510     0.000   108.749    39.333     0.000   108.838    39.152     0.000
   108.907    38.967     0.000   108.947    38.824     0.000   108.978    38.681     0.000   109.006    38.537     0.000
   109.035    38.393     0.000   109.069    38.248     0.000   109.113    38.104     0.000   109.172    37.959     0.000
   109.227    37.853     0.000   109.292    37.750     0.000   109.367    37.652     0.000   109.454    37.563     0.000
   109.552    37.486     0.000   109.661    37.422     0.000   109.783    37.375     0.000   109.880    37.353     0.000
   109.982    37.341     0.000   110.086    37.341     0.000   110.190    37.351     0.000   110.292    37.373     0.000
   110.390    37.406     0.000   110.481    37.450     0.000   110.597    37.532     0.000   110.700    37.629     0.000
   110.795    37.732     0.000   110.887    37.833     0.000   110.979    37.922     0.000   111.079    37.991     0.000
   111.190    38.031     0.000   111.286    38.037     0.000   111.388    38.023     0.000   111.494    37.991     0.000
   111.600    37.943     0.000   111.702    37.883     0.000   111.799    37.812     0.000   111.886    37.734     0.000
   111.987    37.619     0.000   112.072    37.500     0.000   112.149    37.382     0.000   112.225    37.272     0.000
   112.307    37.175     0.000   112.404    37.097     0.000   112.522    37.043     0.000   112.640    37.020     0.000
   112.771    37.015     0.000   112.907    37.028     0.000   113.043    37.057     0.000   113.172    37.101     0.000
   113.285    37.159     0.000   113.376    37.228     0.000   113.445    37.316     0.000   113.485    37.414     0.000
   113.501    37.521     0.000   113.499    37.635     0.000   113.484    37.753     0.000   113.462    37.874     0.000
   113.436    37.995     0.000   113.410    38.133     0.000   113.390    38.268     0.000   113.378    38.401     0.000
   113.377    38.529     0.000   113.390    38.652     0.000   113.419    38.771     0.000   113.466    38.884     0.000
   113.557    39.023     0.000   113.676    39.154     0.000   113.815    39.279     0.000   113.967    39.402     0.000
   114.124    39.526     0.000   114.277    39.652     0.000   114.419    39.785     0.000   114.540    39.921     0.000
   114.650    40.062     0.000   114.754    40.206     0.000   114.857    40.348     0.000   114.966    40.485     0.000
   115.087    40.614     0.000   115.225    40.733     0.000   115.420    40.855     0.000   115.642    40.955     0.000
   115.886    41.031     0.000   116.147    41.080     0.000   116.416    41.102     0.000   116.689    41.095     0.000
   116.958    41.057     0.000   117.133    41.016     0.000   117.304    40.966     0.000   117.472    40.915     0.000
   117.636    40.869     0.000   117.797    40.834     0.000   117.955    40.816     0.000   118.112    40.823     0.000
   118.195    40.838     0.000   118.279    40.860     0.000   118.362    40.888     0.000   118.446    40.919     0.000
   118.530    40.953     0.000   118.615    40.987     0.000   118.701    41.019     0.000   118.831    41.063     0.000
   118.963    41.100     0.000   119.096    41.131     0.000   119.230    41.157     0.000   119.365    41.179     0.000
   119.501    41.197     0.000   119.637    41.212     0.000   119.803    41.227     0.000   119.969    41.240     0.000
   120.135    41.253     0.000   120.303    41.268     0.000   120.471    41.287     0.000   120.641    41.311     0.000
   120.812    41.342     0.000   120.986    41.383     0.000   121.157    41.434     0.000   121.321    41.494     0.000
   121.473    41.566     0.000   121.607    41.648     0.000   121.720    41.742     0.000   121.805    41.848     0.000
   121.851    41.940     0.000   121.878    42.038     0.000   121.889    42.139     0.000   121.885    42.244     0.000
   121.868    42.349     0.000   121.840    42.453     0.000   121.802    42.554     0.000   121.744    42.673     0.000
   121.677    42.787     0.000   121.607    42.898     0.000   121.538    43.010     0.000   121.474    43.123     0.000
   121.419    43.241     0.000   121.379    43.365     0.000   121.365    43.429     0.000   121.358    43.493     0.000
   121.357    43.558     0.000   121.364    43.620     0.000   121.379    43.680     0.000   121.404    43.737     0.000
   121.441    43.788     0.000   121.494    43.837     0.000   121.561    43.879     0.000   121.638    43.915     0.000
   121.724    43.945     0.000   121.816    43.969     0.000   121.914    43.988     0.000   122.015    44.003     0.000
   122.118    44.013     0.000   122.219    44.018     0.000   122.319    44.017     0.000   122.414    44.009     0.000
   122.504    43.993     0.000   122.586    43.967     0.000   122.658    43.930     0.000   122.758    43.845     0.000
   122.835    43.737     0.000   122.900    43.619     0.000   122.961    43.500     0.000   123.030    43.391     0.000
   123.114    43.304     0.000   123.224    43.249     0.000   123.329    43.233     0.000   123.448    43.234     0.000
   123.575    43.245     0.000   123.705    43.260     0.000   123.831    43.271     0.000   123.947    43.271     0.000
   124.047    43.253     0.000   124.129    43.210     0.000   124.189    43.144     0.000   124.230    43.061     0.000
   124.254    42.964     0.000   124.264    42.858     0.000   124.263    42.749     0.000   124.254    42.640     0.000
   124.221    42.450     0.000   124.169    42.274     0.000   124.100    42.113     0.000   124.013    41.962     0.000
   123.912    41.819     0.000   123.795    41.682     0.000   123.665    41.548     0.000   123.565    41.453     0.000
   123.464    41.358     0.000   123.367    41.260     0.000   123.279    41.158     0.000   123.204    41.052     0.000
   123.148    40.939     0.000   123.116    40.820     0.000   123.111    40.767     0.000   123.111    40.713     0.000
   123.117    40.660     0.000   123.129    40.608     0.000   123.147    40.559     0.000   123.171    40.513     0.000
   123.201    40.471     0.000   123.288    40.401     0.000   123.398    40.350     0.000   123.529    40.316     0.000
   123.674    40.295     0.000   123.827    40.283     0.000   123.984    40.276     0.000   124.140    40.271     0.000
   124.262    40.266     0.000   124.379    40.260     0.000   124.494    40.254     0.000   124.605    40.246     0.000
   124.715    40.238     0.000   124.823    40.230     0.000   124.930    40.221     0.000
NoLabel 0
38 2 239
    90.914    26.628     0.000    91.155    26.743     0.000    91.396    26.863     0.000    91.639    26.993     0.000
    91.883    27.139     0.000    92.129    27.307     0.000    92.377    27.501     0.000    92.627    27.728     0.000
    92.740    27.841     0.000    92.846    27.959     0.000    92.939    28.077     0.000    93.013    28.194     0.000
    93.059    28.304     0.000    93.072    28.405     0.000    93.044    28.494     0.000    92.996    28.550     0.000
    92.927    28.600     0.000    92.845    28.647     0.000    92.753    28.694     0.000    92.657    28.744     0.000
    92.564    28.800     0.000    92.478    28.864     0.000    92.411    28.930     0.000    92.355    29.003     0.000
    92.312    29.081     0.000    92.281    29.161     0.000    92.264    29.242     0.000    92.261    29.320     0.000
    92.275    29.394     0.000    92.325    29.494     0.000    92.407    29.581     0.000    92.515    29.656     0.000
    92.643    29.722     0.000    92.784    29.779     0.000    92.932    29.831     0.000    93.081    29.879     0.000
    93.332    29.959     0.000    93.571    30.033     0.000    93.803    30.103     0.000    94.030    30.166     0.000
    94.259    30.224     0.000    94.493    30.277     0.000    94.737    30.323     0.000    94.952    30.356     0.000
    95.173    30.381     0.000    95.395    30.394     0.000    95.613    30.391     0.000    95.823    30.370     0.000
    96.020    30.326     0.000    96.199    30.256     0.000    96.401    30.124     0.000    96.574    29.953     0.000
    96.728    29.756     0.000    96.872    29.544     0.000    97.014    29.329     0.000    97.166    29.122     0.000
    97.336    28.935     0.000    97.460    28.827     0.000    97.595    28.731     0.000    97.739    28.645     0.000
    97.890    28.567     0.000    98.047    28.495     0.000    98.208    28.429     0.000    98.372    28.365     0.000
    98.512    28.314     0.000    98.652    28.267     0.000    98.793    28.225     0.000    98.935    28.192     0.000
    99.078    28.169     0.000    99.223    28.159     0.000    99.369    28.165     0.000    99.500    28.184     0.000
    99.631    28.217     0.000    99.758    28.263     0.000    99.878    28.320     0.000    99.990    28.387     0.000
   100.091    28.465     0.000   100.177    28.551     0.000   100.280    28.698     0.000   100.352    28.861     0.000
   100.400    29.035     0.000   100.433    29.216     0.000   100.457    29.402     0.000   100.482    29.586     0.000
   100.513    29.766     0.000   100.557    29.936     0.000   100.612    30.101     0.000   100.671    30.263     0.000
   100.731    30.427     0.000   100.787    30.596     0.000   100.833    30.771     0.000   100.866    30.958     0.000
   100.881    31.150     0.000   100.887    31.347     0.000   100.893    31.542     0.000   100.908    31.727     0.000
   100.939    31.893     0.000   100.998    32.034     0.000   101.091    32.140     0.000   101.244    32.214     0.000
   101.440    32.249     0.000   101.667    32.260     0.000   101.912    32.260     0.000   102.165    32.263     0.000
   102.413    32.283     0.000   102.646    32.334     0.000   102.782    32.389     0.000   102.906    32.460     0.000
   103.018    32.546     0.000   103.116    32.643     0.000   103.199    32.749     0.000   103.267    32.862     0.000
   103.318    32.981     0.000   103.358    33.123     0.000   103.376    33.267     0.000   103.376    33.413     0.000
   103.361    33.559     0.000   103.334    33.705     0.000   103.296    33.850     0.000   103.253    33.992     0.000
   103.207    34.124     0.000   103.158    34.254     0.000   103.104    34.382     0.000   103.045    34.509     0.000
   102.981    34.636     0.000   102.910    34.763     0.000   102.833    34.891     0.000   102.758    35.004     0.000
   102.676    35.116     0.000   102.587    35.222     0.000   102.489    35.320     0.000   102.382    35.406     0.000
   102.265    35.476     0.000   102.137    35.528     0.000   101.959    35.565     0.000   101.769    35.578     0.000
   101.571    35.579     0.000   101.373    35.579     0.000   101.178    35.588     0.000   100.994    35.620     0.000
   100.825    35.685     0.000   100.724    35.751     0.000   100.635    35.833     0.000   100.560    35.927     0.000
   100.504    36.029     0.000   100.468    36.135     0.000   100.455    36.242     0.000   100.470    36.346     0.000
   100.505    36.430     0.000   100.560    36.507     0.000   100.633    36.577     0.000   100.720    36.639     0.000
   100.820    36.691     0.000   100.930    36.732     0.000   101.047    36.762     0.000   101.170    36.781     0.000
   101.294    36.791     0.000   101.416    36.799     0.000   101.533    36.807     0.000   101.642    36.822     0.000
   101.738    36.848     0.000   101.819    36.889     0.000   101.888    36.958     0.000   101.936    37.046     0.000
   101.962    37.148     0.000   101.969    37.260     0.000   101.958    37.374     0.000   101.928    37.486     0.000
   101.881    37.590     0.000   101.785    37.720     0.000   101.660    37.826     0.000   101.512    37.912     0.000
   101.347    37.985     0.000   101.171    38.047     0.000   100.990    38.106     0.000   100.809    38.164     0.000
   100.508    38.276     0.000   100.221    38.398     0.000    99.943    38.528     0.000    99.670    38.661     0.000
    99.399    38.792     0.000    99.126    38.917     0.000    98.846    39.032     0.000    98.240    39.223     0.000
    97.600    39.355     0.000    96.934    39.435     0.000    96.250    39.469     0.000    95.556    39.463     0.000
    94.859    39.426     0.000    94.168    39.362     0.000    93.520    39.284     0.000    92.883    39.187     0.000
    92.258    39.071     0.000    91.647    38.934     0.000    91.049    38.775     0.000    90.466    38.592     0.000
    89.899    38.384     0.000    89.390    38.169     0.000    88.892    37.936     0.000    88.404    37.692     0.000
    87.922    37.439     0.000    87.445    37.185     0.000    86.969    36.933     0.000    86.491    36.688     0.000
    86.026    36.462     0.000    85.555    36.250     0.000    85.075    36.051     0.000    84.585    35.868     0.000
    84.084    35.702     0.000    83.567    35.554     0.000    83.035    35.425     0.000    82.558    35.331     0.000
    82.074    35.257     0.000    81.589    35.209     0.000    81.111    35.192     0.000    80.644    35.213     0.000
    80.196    35.276     0.000    79.773    35.387     0.000    79.386    35.547     0.000    79.024    35.751     0.000
    78.680    35.991     0.000    78.349    36.260     0.000    78.026    36.548     0.000    77.707    36.849     0.000
    77.386    37.153     0.000    77.130    37.389     0.000    76.867    37.617     0.000    76.595    37.831     0.000
    76.312    38.027     0.000    76.014    38.199     0.000    75.700    38.342     0.000    75.368    38.450     0.000
    75.137    38.501     0.000    74.898    38.537     0.000    74.653    38.560     0.000    74.403    38.572     0.000
    74.150    38.577     0.000    73.894    38.576     0.000    73.637    38.572     0.000
NoLabel 0
38 2 36
    83.203    49.020     0.000    83.862    49.047     0.000    84.516    49.062     0.000    85.159    49.056     0.000
    85.783    49.020     0.000    86.382    48.945     0.000    86.949    48.823     0.000    87.476    48.645     0.000
    87.759    48.515     0.000    88.026    48.367     0.000    88.278    48.203     0.000    88.515    48.026     0.000
    88.739    47.839     0.000    88.949    47.645     0.000    89.145    47.446     0.000    89.310    47.269     0.000
    89.468    47.092     0.000    89.626    46.916     0.000    89.787    46.742     0.000    89.955    46.572     0.000
    90.134    46.406     0.000    90.329    46.246     0.000    90.472    46.141     0.000    90.624    46.040     0.000
    90.783    45.946     0.000    90.948    45.859     0.000    91.119    45.781     0.000    91.294    45.714     0.000
    91.473    45.660     0.000    91.886    45.584     0.000    92.313    45.568     0.000    92.753    45.599     0.000
    93.205    45.669     0.000    93.666    45.767     0.000    94.135    45.883     0.000    94.608    46.007     0.000

NoLabel 0
SYMBOLS: 54
  48   129.340    47.725 1 20
  48   131.788    45.604 1 16
  48   122.302    51.772 1 3
  48    83.432    43.601 1 26
  48    86.823    44.150 1 32
  48    92.386    32.742 1 4
  48    95.270    28.888 1 21
  48   115.803    33.471 1 3
  48   119.953    32.214 1 1
  33   120.128    45.094 0.0 -0.561571
  33   119.417    43.812 0.0 -0.773278
  33   120.013    42.139 0.0 -0.645052
  33   120.871    41.107 0.0 -0.767480
  36   113.964    43.701 0.0 -0.762325
  36   114.865    41.964 0.0 -0.813758
  36   117.062    39.547 0.0 -1.415432
  36   117.390    38.191 0.0 -0.747249
  36   119.226    36.707 0.0 -1.436774
  41   122.155    39.505 0.0 -0.666689
  41   122.225    37.278 0.0 -1.355105
  34   120.078    38.786 0.0 -0.332619
  34   122.606    38.000 0.0 -0.514784
  36   124.242    47.906 0.0 -0.714387
  36   125.629    45.595 0.0 -0.723462
  36   128.147    45.387 0.0 -0.018748
  36   118.525    48.758 0.0 -0.647299
  36   122.062    47.259 0.0 -0.662491
  45    80.894    37.068 0.0 0
  45    86.848    40.053 0.0 0
  45    95.440    40.512 0.0 0
  45   102.136    39.527 0.0 0
  36    77.432    39.048 0.0 -1.253530
  36    96.398    40.642 0.0 3.006064
  36   102.871    39.095 0.0 2.439336
  41    82.687    45.175 0.0 -1.204298
  36    81.725    43.602 0.0 -0.387384
  36    85.524    45.509 0.0 -1.110355
  36    93.616    43.520 0.0 -0.928232
  41    91.369    44.059 0.0 -1.258994
  36    87.383    46.030 0.0 -0.682559
  36    79.326    40.166 0.0 -1.048706
  26   128.228    45.903 0.0 0
  26   117.005    33.203 0.0 0
  26   109.181    30.025 0.0 0
  26    96.520    28.794 0.0 0
  26    86.862    45.655 0.0 0
  24    95.133    30.725 0.0 0
  24   121.839    50.969 0.0 0
  24   129.411    42.548 0.0 0
  23    90.182    47.762 0.0 0
  23    93.319    31.316 0.0 0
  48   129.439    44.903 1 23
  48   130.077    43.128 1 24
  48   108.326    30.426 1 8
CLOSED_CONTOURS: 11
4 372
   124.100    54.516     0.000   124.613    54.403     0.000   125.122    54.288     0.000   125.629    54.168     0.000
   126.132    54.043     0.000   126.631    53.912     0.000   127.126    53.774     0.000   127.616    53.627     0.000
   128.014    53.499     0.000   128.403    53.363     0.000   128.780    53.218     0.000   129.139    53.061     0.000
   129.478    52.893     0.000   129.790    52.711     0.000   130.072    52.515     0.000   130.325    52.300     0.000
   130.544    52.070     0.000   130.733    51.828     0.000   130.895    51.576     0.000   131.032    51.316     0.000
   131.146    51.050     0.000   131.241    50.779     0.000   131.324    50.490     0.000   131.397    50.201     0.000
   131.471    49.914     0.000   131.555    49.631     0.000   131.658    49.355     0.000   131.790    49.087     0.000
   131.960    48.831     0.000   132.188    48.570     0.000   132.453    48.319     0.000   132.738    48.074     0.000
   133.026    47.829     0.000   133.301    47.581     0.000   133.546    47.324     0.000   133.747    47.056     0.000
   133.880    46.804     0.000   133.973    46.541     0.000   134.036    46.271     0.000   134.078    45.995     0.000
   134.078    45.995     0.000   134.071    45.783     0.000   134.064    45.572     0.000   134.056    45.360     0.000
   134.048    45.148     0.000   134.037    44.935     0.000   134.025    44.722     0.000   134.011    44.507     0.000
   133.989    44.229     0.000   133.959    43.950     0.000   133.918    43.673     0.000   133.863    43.398     0.000
   133.791    43.128     0.000   133.698    42.863     0.000   133.581    42.604     0.000   133.489    42.438     0.000
   133.386    42.274     0.000   133.273    42.114     0.000   133.151    41.956     0.000   133.020    41.801     0.000
   132.881    41.647     0.000   132.735    41.496     0.000   132.598    41.360     0.000   132.455    41.229     0.000
   132.306    41.103     0.000   132.149    40.986     0.000   131.985    40.880     0.000   131.811    40.787     0.000
   131.628    40.710     0.000   131.417    40.646     0.000   131.195    40.599     0.000   130.966    40.564     0.000
   130.731    40.537     0.000   130.493    40.513     0.000   130.256    40.488     0.000   130.020    40.457     0.000
   129.835    40.427     0.000   129.653    40.391     0.000   129.472    40.352     0.000   129.293    40.312     0.000
   129.114    40.271     0.000   128.936    40.233     0.000   128.756    40.198     0.000   128.640    40.178     0.000
   128.523    40.160     0.000   128.406    40.143     0.000   128.288    40.127     0.000   128.170    40.112     0.000
   128.051    40.097     0.000   127.932    40.082     0.000   127.748    40.058     0.000   127.565    40.035     0.000
   127.381    40.014     0.000   127.198    39.998     0.000   127.016    39.986     0.000   126.835    39.982     0.000
   126.656    39.987     0.000   126.507    39.999     0.000   126.358    40.017     0.000   126.209    40.040     0.000
   126.059    40.066     0.000   125.908    40.095     0.000   125.753    40.124     0.000   125.596    40.153     0.000
   125.459    40.178     0.000   125.322    40.203     0.000   125.188    40.231     0.000   125.059    40.264     0.000
   124.939    40.305     0.000   124.831    40.356     0.000   124.737    40.418     0.000   124.687    40.464     0.000
   124.642    40.515     0.000   124.602    40.569     0.000   124.566    40.627     0.000   124.532    40.686     0.000
   124.500    40.748     0.000   124.469    40.810     0.000   124.417    40.910     0.000   124.366    41.011     0.000
   124.320    41.111     0.000   124.280    41.210     0.000   124.250    41.309     0.000   124.231    41.407     0.000
   124.228    41.504     0.000   124.244    41.612     0.000   124.278    41.719     0.000   124.328    41.825     0.000
   124.391    41.931     0.000   124.463    42.036     0.000   124.542    42.141     0.000   124.624    42.246     0.000
   124.703    42.377     0.000   124.784    42.507     0.000   124.882    42.659     0.000   124.982    42.811     0.000
   125.084    42.961     0.000   125.187    43.112     0.000   125.291    43.263     0.000   125.396    43.413     0.000
   125.502    43.564     0.000   125.664    43.796     0.000   125.823    44.030     0.000   125.976    44.266     0.000
   126.119    44.504     0.000   126.248    44.745     0.000   126.359    44.990     0.000   126.449    45.238     0.000
   126.500    45.426     0.000   126.539    45.615     0.000   126.567    45.806     0.000   126.586    45.999     0.000
   126.598    46.192     0.000   126.605    46.386     0.000   126.607    46.579     0.000   126.608    46.789     0.000
   126.604    46.999     0.000   126.596    47.208     0.000   126.582    47.416     0.000   126.560    47.624     0.000
   126.529    47.831     0.000   126.487    48.037     0.000   126.457    48.160     0.000   126.422    48.283     0.000
   126.382    48.406     0.000   126.337    48.527     0.000   126.287    48.648     0.000   126.231    48.767     0.000
   126.170    48.885     0.000   126.109    48.990     0.000   126.043    49.094     0.000   125.970    49.196     0.000
   125.891    49.295     0.000   125.804    49.392     0.000   125.709    49.486     0.000   125.604    49.577     0.000
   125.530    49.635     0.000   125.452    49.690     0.000   125.369    49.742     0.000   125.281    49.790     0.000
   125.189    49.833     0.000   125.091    49.870     0.000   124.988    49.901     0.000   124.921    49.917     0.000
   124.853    49.929     0.000   124.783    49.938     0.000   124.713    49.945     0.000   124.642    49.948     0.000
   124.571    49.948     0.000   124.500    49.944     0.000   124.402    49.934     0.000   124.306    49.917     0.000
   124.213    49.894     0.000   124.123    49.866     0.000   124.036    49.833     0.000   123.954    49.796     0.000
   123.877    49.755     0.000   123.752    49.674     0.000   123.643    49.584     0.000   123.548    49.487     0.000
   123.468    49.383     0.000   123.399    49.276     0.000   123.341    49.165     0.000   123.293    49.053     0.000
   123.259    48.962     0.000   123.230    48.870     0.000   123.204    48.779     0.000   123.180    48.687     0.000
   123.157    48.596     0.000   123.134    48.505     0.000   123.109    48.413     0.000   123.074    48.298     0.000
   123.039    48.183     0.000   123.003    48.068     0.000   122.971    47.953     0.000   122.943    47.838     0.000
   122.922    47.722     0.000   122.911    47.605     0.000   122.911    47.486     0.000   122.923    47.367     0.000
   122.944    47.248     0.000   122.975    47.130     0.000   123.015    47.013     0.000   123.064    46.897     0.000
   123.119    46.783     0.000   123.197    46.645     0.000   123.282    46.509     0.000   123.371    46.375     0.000
   123.461    46.242     0.000   123.549    46.108     0.000   123.633    45.973     0.000   123.710    45.837     0.000
   123.755    45.746     0.000   123.795    45.655     0.000   123.830    45.562     0.000   123.860    45.468     0.000
   123.885    45.373     0.000   123.905    45.277     0.000   123.919    45.180     0.000   123.925    45.120     0.000
   123.928    45.060     0.000   123.926    45.000     0.000   123.920    44.941     0.000   123.908    44.883     0.000
   123.889    44.826     0.000   123.862    44.771     0.000   123.824    44.714     0.000   123.777    44.660     0.000
   123.722    44.609     0.000   123.660    44.562     0.000   123.592    44.520     0.000   123.518    44.484     0.000
   123.440    44.453     0.000   123.375    44.433     0.000   123.307    44.417     0.000   123.238    44.404     0.000
   123.168    44.396     0.000   123.097    44.390     0.000   123.025    44.388     0.000   122.953    44.388     0.000
   122.922    44.389     0.000   122.892    44.391     0.000   122.862    44.393     0.000   122.832    44.396     0.000
   122.802    44.400     0.000   122.773    44.406     0.000   122.744    44.412     0.000   122.677    44.434     0.000
   122.615    44.463     0.000   122.558    44.499     0.000   122.506    44.539     0.000   122.462    44.584     0.000
   122.425    44.632     0.000   122.396    44.682     0.000   122.367    44.767     0.000   122.356    44.854     0.000
   122.356    44.942     0.000   122.361    45.030     0.000   122.364    45.118     0.000   122.357    45.204     0.000
   122.334    45.288     0.000   122.309    45.337     0.000   122.277    45.385     0.000   122.238    45.430     0.000
   122.193    45.473     0.000   122.142    45.513     0.000   122.087    45.550     0.000   122.027    45.582     0.000
   121.941    45.619     0.000   121.850    45.650     0.000   121.755    45.676     0.000   121.658    45.697     0.000
   121.560    45.717     0.000   121.461    45.737     0.000   121.364    45.758     0.000   121.260    45.784     0.000
   121.158    45.813     0.000   121.058    45.844     0.000   120.959    45.879     0.000   120.861    45.915     0.000
   120.763    45.954     0.000   120.665    45.994     0.000   120.542    46.046     0.000   120.421    46.101     0.000
   120.304    46.160     0.000   120.194    46.223     0.000   120.094    46.290     0.000   120.006    46.363     0.000
   119.933    46.442     0.000   119.889    46.507     0.000   119.853    46.576     0.000   119.825    46.647     0.000
   119.803    46.720     0.000   119.785    46.795     0.000   119.771    46.870     0.000   119.757    46.946     0.000
   119.733    47.085     0.000   119.711    47.223     0.000   119.691    47.360     0.000   119.677    47.495     0.000
   119.669    47.631     0.000   119.670    47.765     0.000   119.681    47.900     0.000   119.723    48.118     0.000
   119.787    48.335     0.000   119.864    48.553     0.000   119.944    48.770     0.000   120.018    48.987     0.000
   120.075    49.204     0.000   120.105    49.422     0.000   120.098    49.657     0.000   120.057    49.892     0.000
   119.991    50.128     0.000   119.909    50.364     0.000   119.820    50.599     0.000   119.735    50.835     0.000
   119.664    51.071     0.000   119.622    51.263     0.000   119.593    51.455     0.000   119.576    51.648     0.000
   119.569    51.841     0.000   119.570    52.035     0.000   119.576    52.231     0.000   119.586    52.428     0.000
   119.594    52.575     0.000   119.606    52.722     0.000   119.626    52.868     0.000   119.655    53.012     0.000
   119.698    53.154     0.000   119.757    53.291     0.000   119.837    53.424     0.000   119.962    53.576     0.000
   120.119    53.721     0.000   120.302    53.856     0.000   120.509    53.983     0.000   120.737    54.102     0.000
   120.981    54.211     0.000   121.238    54.312     0.000   121.452    54.387     0.000   121.672    54.454     0.000
   121.897    54.512     0.000   122.125    54.560     0.000   122.357    54.596     0.000   122.591    54.619     0.000
   122.827    54.626     0.000   122.961    54.623     0.000   123.095    54.615     0.000   123.229    54.604     0.000
   123.364    54.589     0.000   123.498    54.572     0.000   123.632    54.554     0.000   123.766    54.535     0.000

0 1
   124.100    54.516     0.000
2 246
   129.338    49.176     0.000   129.410    49.154     0.000   129.481    49.131     0.000   129.550    49.108     0.000
   129.550    49.108     0.000   129.622    49.084     0.000   129.692    49.060     0.000   129.760    49.034     0.000
   129.823    49.007     0.000   129.880    48.977     0.000   129.930    48.944     0.000   129.971    48.908     0.000
   130.002    48.868     0.000   130.025    48.825     0.000   130.041    48.780     0.000   130.051    48.732     0.000
   130.056    48.682     0.000   130.058    48.632     0.000   130.058    48.581     0.000   130.053    48.433     0.000
   130.045    48.287     0.000   130.041    48.145     0.000   130.044    48.005     0.000   130.061    47.869     0.000
   130.095    47.738     0.000   130.153    47.610     0.000   130.200    47.536     0.000   130.255    47.464     0.000
   130.318    47.393     0.000   130.386    47.324     0.000   130.459    47.255     0.000   130.534    47.188     0.000
   130.612    47.121     0.000   130.678    47.065     0.000   130.746    47.010     0.000   130.815    46.956     0.000
   130.886    46.904     0.000   130.959    46.854     0.000   131.035    46.807     0.000   131.114    46.763     0.000
   131.221    46.711     0.000   131.333    46.664     0.000   131.449    46.620     0.000   131.568    46.580     0.000
   131.689    46.541     0.000   131.810    46.504     0.000   131.931    46.466     0.000   132.059    46.425     0.000
   132.185    46.384     0.000   132.309    46.342     0.000   132.434    46.299     0.000   132.558    46.255     0.000
   132.683    46.210     0.000   132.809    46.165     0.000   132.901    46.132     0.000   132.993    46.098     0.000
   133.083    46.062     0.000   133.169    46.023     0.000   133.251    45.981     0.000   133.326    45.936     0.000
   133.394    45.886     0.000   133.463    45.822     0.000   133.521    45.752     0.000   133.569    45.677     0.000
   133.608    45.598     0.000   133.639    45.516     0.000   133.664    45.433     0.000   133.682    45.349     0.000
   133.702    45.211     0.000   133.709    45.073     0.000   133.705    44.937     0.000   133.690    44.801     0.000
   133.665    44.667     0.000   133.631    44.534     0.000   133.589    44.402     0.000   133.524    44.229     0.000
   133.446    44.059     0.000   133.358    43.891     0.000   133.260    43.726     0.000   133.154    43.563     0.000
   133.039    43.404     0.000   132.917    43.249     0.000   132.780    43.088     0.000   132.636    42.930     0.000
   132.486    42.776     0.000   132.331    42.625     0.000   132.170    42.476     0.000   132.006    42.329     0.000
   131.839    42.183     0.000   131.657    42.030     0.000   131.472    41.880     0.000   131.280    41.735     0.000
   131.082    41.597     0.000   130.875    41.468     0.000   130.659    41.349     0.000   130.432    41.244     0.000
   130.223    41.164     0.000   130.007    41.094     0.000   129.785    41.035     0.000   129.558    40.985     0.000
   129.329    40.944     0.000   129.099    40.910     0.000   128.870    40.885     0.000   128.694    40.870     0.000
   128.518    40.859     0.000   128.342    40.852     0.000   128.165    40.849     0.000   127.985    40.849     0.000
   127.801    40.852     0.000   127.613    40.858     0.000   127.426    40.866     0.000   127.238    40.881     0.000
   127.054    40.904     0.000   126.878    40.938     0.000   126.716    40.987     0.000   126.570    41.054     0.000
   126.447    41.141     0.000   126.413    41.174     0.000   126.382    41.208     0.000   126.354    41.244     0.000
   126.329    41.282     0.000   126.307    41.320     0.000   126.288    41.360     0.000   126.272    41.401     0.000
   126.255    41.460     0.000   126.244    41.519     0.000   126.238    41.579     0.000   126.238    41.639     0.000
   126.242    41.700     0.000   126.251    41.760     0.000   126.263    41.820     0.000   126.282    41.889     0.000
   126.304    41.957     0.000   126.331    42.024     0.000   126.361    42.090     0.000   126.395    42.155     0.000
   126.433    42.219     0.000   126.475    42.282     0.000   126.526    42.351     0.000   126.581    42.419     0.000
   126.641    42.484     0.000   126.704    42.547     0.000   126.771    42.609     0.000   126.842    42.668     0.000
   126.916    42.724     0.000   127.004    42.786     0.000   127.095    42.845     0.000   127.189    42.903     0.000
   127.284    42.960     0.000   127.379    43.016     0.000   127.473    43.074     0.000   127.565    43.132     0.000
   127.632    43.177     0.000   127.697    43.223     0.000   127.697    43.223     0.000   127.764    43.258     0.000
   127.830    43.294     0.000   127.895    43.330     0.000   127.958    43.367     0.000   128.017    43.406     0.000
   128.073    43.447     0.000   128.124    43.491     0.000   128.194    43.565     0.000   128.253    43.645     0.000
   128.303    43.729     0.000   128.347    43.817     0.000   128.388    43.906     0.000   128.426    43.997     0.000
   128.466    44.087     0.000   128.497    44.155     0.000   128.529    44.221     0.000   128.561    44.287     0.000
   128.591    44.353     0.000   128.619    44.419     0.000   128.643    44.486     0.000   128.662    44.553     0.000
   128.673    44.600     0.000   128.680    44.647     0.000   128.687    44.695     0.000   128.692    44.743     0.000
   128.697    44.791     0.000   128.702    44.840     0.000   128.709    44.888     0.000   128.718    44.949     0.000
   128.728    45.009     0.000   128.737    45.069     0.000   128.745    45.129     0.000   128.748    45.188     0.000
   128.747    45.247     0.000   128.738    45.305     0.000   128.717    45.377     0.000   128.684    45.449     0.000
   128.644    45.520     0.000   128.599    45.590     0.000   128.552    45.661     0.000   128.505    45.731     0.000
   128.462    45.803     0.000   128.432    45.861     0.000   128.405    45.921     0.000   128.380    45.981     0.000
   128.357    46.041     0.000   128.335    46.101     0.000   128.313    46.161     0.000   128.289    46.220     0.000
   128.257    46.296     0.000   128.221    46.370     0.000   128.185    46.445     0.000   128.147    46.519     0.000
   128.109    46.594     0.000   128.071    46.668     0.000   128.036    46.744     0.000   128.010    46.801     0.000
   127.986    46.859     0.000   127.964    46.918     0.000   127.944    46.976     0.000   127.927    47.035     0.000
   127.912    47.094     0.000   127.900    47.154     0.000   127.889    47.237     0.000   127.883    47.321     0.000
   127.882    47.405     0.000   127.885    47.489     0.000   127.892    47.573     0.000   127.902    47.658     0.000
   127.914    47.742     0.000   127.930    47.838     0.000   127.949    47.934     0.000   127.972    48.028     0.000
   128.001    48.122     0.000   128.038    48.214     0.000   128.082    48.304     0.000   128.136    48.392     0.000
   128.166    48.434     0.000   128.198    48.475     0.000   128.233    48.514     0.000   128.270    48.553     0.000
   128.309    48.591     0.000   128.351    48.628     0.000   128.395    48.664     0.000   128.439    48.696     0.000
   128.485    48.728     0.000   128.532    48.759     0.000   128.580    48.789     0.000   128.629    48.818     0.000
   128.679    48.847     0.000   128.730    48.876     0.000
10 1
   129.338    49.176     0.000
4 112
   116.188    34.164     0.000   116.460    34.191     0.000   116.460    34.191     0.000   116.660    34.151     0.000
   116.857    34.107     0.000   117.049    34.058     0.000   117.049    34.058     0.000   117.086    34.038     0.000
   117.123    34.018     0.000   117.160    33.998     0.000   117.197    33.979     0.000   117.236    33.961     0.000
   117.274    33.944     0.000   117.314    33.928     0.000   117.388    33.902     0.000   117.463    33.880     0.000
   117.538    33.858     0.000   117.612    33.834     0.000   117.684    33.808     0.000   117.751    33.777     0.000
   117.813    33.739     0.000   117.863    33.697     0.000   117.907    33.649     0.000   117.944    33.597     0.000
   117.974    33.541     0.000   117.997    33.482     0.000   118.012    33.423     0.000   118.019    33.362     0.000
   118.018    33.308     0.000   118.010    33.255     0.000   117.997    33.202     0.000   117.980    33.150     0.000
   117.958    33.099     0.000   117.932    33.048     0.000   117.904    32.998     0.000   117.875    32.951     0.000
   117.843    32.904     0.000   117.809    32.859     0.000   117.772    32.816     0.000   117.732    32.776     0.000
   117.688    32.739     0.000   117.641    32.707     0.000   117.590    32.678     0.000   117.537    32.654     0.000
   117.481    32.634     0.000   117.422    32.618     0.000   117.362    32.605     0.000   117.301    32.595     0.000
   117.240    32.589     0.000   117.122    32.586     0.000   117.005    32.593     0.000   116.888    32.606     0.000
   116.772    32.624     0.000   116.655    32.644     0.000   116.539    32.663     0.000   116.422    32.678     0.000
   116.259    32.691     0.000   116.095    32.695     0.000   115.931    32.693     0.000   115.766    32.689     0.000
   115.603    32.685     0.000   115.440    32.684     0.000   115.279    32.689     0.000   115.102    32.705     0.000
   114.927    32.729     0.000   114.752    32.762     0.000   114.577    32.799     0.000   114.401    32.841     0.000
   114.224    32.885     0.000   114.044    32.929     0.000   113.951    32.951     0.000   113.858    32.975     0.000
   113.768    33.002     0.000   113.681    33.034     0.000   113.600    33.072     0.000   113.525    33.118     0.000
   113.457    33.175     0.000   113.399    33.244     0.000   113.352    33.322     0.000   113.317    33.406     0.000
   113.298    33.492     0.000   113.295    33.577     0.000   113.309    33.657     0.000   113.343    33.730     0.000
   113.385    33.781     0.000   113.439    33.825     0.000   113.502    33.863     0.000   113.571    33.896     0.000
   113.646    33.924     0.000   113.724    33.947     0.000   113.803    33.967     0.000   113.864    33.980     0.000
   113.924    33.991     0.000   113.983    34.000     0.000   114.042    34.008     0.000   114.101    34.014     0.000
   114.160    34.020     0.000   114.219    34.024     0.000   114.371    34.031     0.000   114.524    34.034     0.000
   114.678    34.032     0.000   114.833    34.027     0.000   114.988    34.020     0.000   115.144    34.010     0.000
   115.300    34.000     0.000   115.397    34.004     0.000   115.495    34.010     0.000   115.593    34.017     0.000
   115.692    34.025     0.000   115.790    34.034     0.000   115.889    34.044     0.000   116.035    34.069     0.000

0 1
   116.188    34.164     0.000
4 194
   109.321    31.257     0.000   109.393    31.234     0.000   109.466    31.211     0.000   109.538    31.187     0.000
   109.610    31.162     0.000   109.681    31.137     0.000   109.751    31.110     0.000   109.820    31.082     0.000
   109.903    31.044     0.000   109.986    31.004     0.000   110.067    30.961     0.000   110.146    30.916     0.000
   110.226    30.870     0.000   110.305    30.821     0.000   110.384    30.771     0.000   110.488    30.704     0.000
   110.591    30.633     0.000   110.688    30.558     0.000   110.778    30.479     0.000   110.857    30.395     0.000
   110.923    30.305     0.000   110.973    30.208     0.000   111.000    30.123     0.000   111.015    30.036     0.000
   111.019    29.946     0.000   111.012    29.855     0.000   110.995    29.765     0.000   110.967    29.676     0.000
   110.931    29.591     0.000   110.889    29.514     0.000   110.839    29.441     0.000   110.783    29.373     0.000
   110.721    29.308     0.000   110.655    29.248     0.000   110.583    29.192     0.000   110.508    29.140     0.000
   110.447    29.103     0.000   110.385    29.067     0.000   110.322    29.033     0.000   110.259    28.999     0.000
   110.196    28.965     0.000   110.135    28.930     0.000   110.074    28.893     0.000   109.978    28.826     0.000
   109.888    28.753     0.000   109.803    28.675     0.000   109.724    28.592     0.000   109.649    28.505     0.000
   109.579    28.415     0.000   109.513    28.322     0.000   109.477    28.267     0.000   109.441    28.211     0.000
   109.404    28.156     0.000   109.367    28.103     0.000   109.327    28.051     0.000   109.284    28.002     0.000
   109.237    27.956     0.000   109.172    27.903     0.000   109.100    27.855     0.000   109.022    27.814     0.000
   108.941    27.778     0.000   108.857    27.747     0.000   108.771    27.722     0.000   108.684    27.702     0.000
   108.641    27.694     0.000   108.597    27.687     0.000   108.554    27.681     0.000   108.510    27.676     0.000
   108.465    27.673     0.000   108.420    27.670     0.000   108.374    27.668     0.000   108.278    27.666     0.000
   108.180    27.668     0.000   108.082    27.677     0.000   107.988    27.693     0.000   107.900    27.717     0.000
   107.819    27.752     0.000   107.749    27.800     0.000   107.717    27.830     0.000   107.687    27.864     0.000
   107.660    27.900     0.000   107.634    27.938     0.000   107.610    27.978     0.000   107.585    28.017     0.000
   107.561    28.057     0.000   107.507    28.135     0.000   107.449    28.209     0.000   107.389    28.281     0.000
   107.326    28.351     0.000   107.261    28.419     0.000   107.195    28.487     0.000   107.130    28.555     0.000
   107.077    28.611     0.000   107.024    28.667     0.000   106.972    28.723     0.000   106.919    28.780     0.000
   106.867    28.837     0.000   106.816    28.895     0.000   106.764    28.952     0.000   106.687    29.038     0.000
   106.610    29.123     0.000   106.531    29.207     0.000   106.450    29.290     0.000   106.366    29.369     0.000
   106.277    29.445     0.000   106.184    29.516     0.000   106.109    29.568     0.000   106.032    29.617     0.000
   105.954    29.666     0.000   105.876    29.715     0.000   105.800    29.765     0.000   105.727    29.818     0.000
   105.658    29.875     0.000   105.602    29.928     0.000   105.551    29.984     0.000   105.502    30.044     0.000
   105.458    30.105     0.000   105.416    30.169     0.000   105.378    30.235     0.000   105.343    30.301     0.000
   105.294    30.405     0.000   105.252    30.511     0.000   105.215    30.618     0.000   105.182    30.726     0.000
   105.153    30.836     0.000   105.127    30.946     0.000   105.103    31.056     0.000   105.079    31.172     0.000
   105.055    31.288     0.000   105.030    31.404     0.000   105.004    31.520     0.000   104.975    31.634     0.000
   104.943    31.748     0.000   104.906    31.860     0.000   104.873    31.947     0.000   104.838    32.034     0.000
   104.801    32.120     0.000   104.763    32.206     0.000   104.724    32.293     0.000   104.687    32.381     0.000
   104.650    32.470     0.000   104.617    32.555     0.000   104.589    32.640     0.000   104.566    32.727     0.000
   104.550    32.814     0.000   104.544    32.902     0.000   104.548    32.989     0.000   104.566    33.075     0.000
   104.583    33.123     0.000   104.604    33.170     0.000   104.629    33.216     0.000   104.659    33.259     0.000
   104.693    33.300     0.000   104.731    33.337     0.000   104.773    33.370     0.000   104.862    33.419     0.000
   104.962    33.453     0.000   105.070    33.474     0.000   105.184    33.482     0.000   105.300    33.480     0.000
   105.417    33.470     0.000   105.532    33.453     0.000   105.650    33.429     0.000   105.763    33.400     0.000
   105.873    33.367     0.000   105.980    33.330     0.000   106.085    33.289     0.000   106.189    33.247     0.000
   106.292    33.203     0.000   106.456    33.131     0.000   106.619    33.055     0.000   106.778    32.974     0.000
   106.930    32.884     0.000   107.071    32.786     0.000   107.199    32.676     0.000   107.310    32.553     0.000
   107.389    32.441     0.000   107.459    32.322     0.000   107.525    32.202     0.000   107.592    32.084     0.000
   107.664    31.971     0.000   107.746    31.869     0.000   107.843    31.781     0.000   107.920    31.730     0.000
   108.006    31.686     0.000   108.099    31.649     0.000   108.197    31.616     0.000   108.298    31.587     0.000
   108.403    31.560     0.000   108.509    31.535     0.000   108.657    31.497     0.000   108.807    31.464     0.000
   108.959    31.433     0.000   109.112    31.403     0.000
0 1
   109.321    31.257     0.000
4 385
    98.743    26.681     0.000    98.763    26.705     0.000    98.782    26.730     0.000    98.800    26.754     0.000
    98.818    26.779     0.000    98.834    26.804     0.000    98.849    26.830     0.000    98.849    26.830     0.000
    98.864    26.893     0.000    98.878    26.956     0.000    98.891    27.019     0.000    98.904    27.082     0.000
    98.914    27.146     0.000    98.922    27.210     0.000    98.928    27.275     0.000    98.931    27.344     0.000
    98.932    27.413     0.000    98.933    27.482     0.000    98.935    27.551     0.000    98.941    27.619     0.000
    98.952    27.685     0.000    98.969    27.749     0.000    98.999    27.822     0.000    99.039    27.893     0.000
    99.084    27.962     0.000    99.133    28.031     0.000    99.183    28.099     0.000    99.231    28.170     0.000
    99.274    28.242     0.000    99.304    28.302     0.000    99.329    28.365     0.000    99.348    28.429     0.000
    99.360    28.494     0.000    99.366    28.560     0.000    99.365    28.626     0.000    99.355    28.693     0.000
    99.338    28.758     0.000    99.314    28.822     0.000    99.283    28.884     0.000    99.244    28.941     0.000
    99.200    28.993     0.000    99.150    29.038     0.000    99.095    29.075     0.000    99.009    29.113     0.000
    98.916    29.135     0.000    98.815    29.146     0.000    98.710    29.147     0.000    98.601    29.143     0.000
    98.490    29.138     0.000    98.379    29.134     0.000    98.221    29.137     0.000    98.066    29.150     0.000
    97.916    29.175     0.000    97.772    29.210     0.000    97.635    29.257     0.000    97.507    29.316     0.000
    97.389    29.387     0.000    97.277    29.474     0.000    97.176    29.571     0.000    97.083    29.677     0.000
    96.995    29.790     0.000    96.909    29.906     0.000    96.824    30.025     0.000    96.736    30.142     0.000
    96.664    30.233     0.000    96.588    30.321     0.000    96.507    30.405     0.000    96.422    30.484     0.000
    96.331    30.556     0.000    96.234    30.622     0.000    96.131    30.679     0.000    96.040    30.720     0.000
    95.947    30.757     0.000    95.852    30.793     0.000    95.758    30.830     0.000    95.666    30.870     0.000
    95.579    30.916     0.000    95.497    30.971     0.000    95.409    31.052     0.000    95.334    31.145     0.000
    95.274    31.249     0.000    95.231    31.359     0.000    95.206    31.472     0.000    95.202    31.584     0.000
    95.219    31.693     0.000    95.266    31.807     0.000    95.338    31.912     0.000    95.432    32.007     0.000
    95.543    32.093     0.000    95.668    32.168     0.000    95.802    32.233     0.000    95.940    32.287     0.000
    96.119    32.340     0.000    96.298    32.381     0.000    96.476    32.415     0.000    96.654    32.447     0.000
    96.830    32.482     0.000    97.004    32.526     0.000    97.176    32.585     0.000    97.294    32.636     0.000
    97.408    32.697     0.000    97.515    32.767     0.000    97.613    32.845     0.000    97.699    32.930     0.000
    97.770    33.022     0.000    97.824    33.122     0.000    97.855    33.214     0.000    97.871    33.309     0.000
    97.874    33.407     0.000    97.864    33.505     0.000    97.844    33.603     0.000    97.813    33.699     0.000
    97.773    33.793     0.000    97.724    33.882     0.000    97.668    33.967     0.000    97.605    34.048     0.000
    97.535    34.125     0.000    97.459    34.198     0.000    97.377    34.267     0.000    97.290    34.334     0.000
    97.226    34.377     0.000    97.161    34.418     0.000    97.093    34.457     0.000    97.024    34.492     0.000
    96.953    34.523     0.000    96.879    34.549     0.000    96.805    34.570     0.000    96.673    34.594     0.000
    96.539    34.603     0.000    96.401    34.600     0.000    96.262    34.590     0.000    96.122    34.574     0.000
    95.981    34.556     0.000    95.840    34.539     0.000    95.712    34.526     0.000    95.584    34.516     0.000
    95.456    34.509     0.000    95.330    34.503     0.000    95.203    34.499     0.000    95.077    34.496     0.000
    94.951    34.494     0.000    94.765    34.492     0.000    94.579    34.490     0.000    94.392    34.488     0.000
    94.204    34.485     0.000    94.015    34.483     0.000    93.825    34.479     0.000    93.632    34.475     0.000
    93.424    34.470     0.000    93.215    34.466     0.000    93.007    34.467     0.000    92.802    34.475     0.000
    92.602    34.494     0.000    92.408    34.525     0.000    92.222    34.574     0.000    92.048    34.640     0.000
    91.881    34.722     0.000    91.720    34.817     0.000    91.565    34.924     0.000    91.412    35.038     0.000
    91.260    35.158     0.000    91.108    35.281     0.000    91.029    35.345     0.000    90.948    35.408     0.000
    90.865    35.467     0.000    90.781    35.521     0.000    90.694    35.569     0.000    90.605    35.609     0.000
    90.512    35.640     0.000    90.342    35.666     0.000    90.165    35.664     0.000    89.983    35.636     0.000
    89.800    35.588     0.000    89.618    35.523     0.000    89.442    35.447     0.000    89.274    35.365     0.000
    89.154    35.299     0.000    89.039    35.233     0.000    88.929    35.164     0.000    88.822    35.094     0.000
    88.718    35.021     0.000    88.615    34.947     0.000    88.513    34.870     0.000    88.405    34.786     0.000
    88.299    34.699     0.000    88.198    34.608     0.000    88.105    34.513     0.000    88.021    34.414     0.000
    87.951    34.310     0.000    87.896    34.200     0.000    87.872    34.135     0.000    87.853    34.067     0.000
    87.839    33.998     0.000    87.829    33.929     0.000    87.823    33.858     0.000    87.820    33.788     0.000
    87.819    33.717     0.000    87.819    33.643     0.000    87.822    33.568     0.000    87.827    33.494     0.000
    87.833    33.421     0.000    87.841    33.348     0.000    87.852    33.275     0.000    87.864    33.202     0.000
    87.892    33.064     0.000    87.926    32.928     0.000    87.963    32.791     0.000    88.002    32.655     0.000
    88.040    32.518     0.000    88.077    32.381     0.000    88.111    32.243     0.000    88.136    32.125     0.000
    88.156    32.006     0.000    88.173    31.887     0.000    88.184    31.768     0.000    88.190    31.649     0.000
    88.190    31.532     0.000    88.184    31.415     0.000    88.163    31.232     0.000    88.131    31.052     0.000
    88.092    30.871     0.000    88.054    30.689     0.000    88.020    30.503     0.000    87.996    30.311     0.000
    87.988    30.112     0.000    87.991    30.002     0.000    88.002    29.891     0.000    88.022    29.784     0.000
    88.052    29.682     0.000    88.094    29.589     0.000    88.151    29.506     0.000    88.222    29.437     0.000
    88.306    29.386     0.000    88.402    29.348     0.000    88.508    29.322     0.000    88.622    29.305     0.000
    88.739    29.297     0.000    88.858    29.296     0.000    88.976    29.299     0.000    89.072    29.305     0.000
    89.165    29.312     0.000    89.256    29.322     0.000    89.346    29.333     0.000    89.435    29.345     0.000
    89.523    29.357     0.000    89.612    29.371     0.000    89.699    29.384     0.000    89.786    29.398     0.000
    89.874    29.410     0.000    89.962    29.422     0.000    90.051    29.433     0.000    90.139    29.442     0.000
    90.229    29.449     0.000    90.315    29.453     0.000    90.401    29.456     0.000    90.487    29.457     0.000
    90.573    29.458     0.000    90.659    29.458     0.000    90.744    29.458     0.000    90.830    29.458     0.000
    90.907    29.460     0.000    90.985    29.462     0.000    91.062    29.464     0.000    91.140    29.466     0.000
    91.219    29.467     0.000    91.298    29.468     0.000    91.378    29.468     0.000    91.414    29.468     0.000
    91.449    29.467     0.000    91.484    29.464     0.000    91.518    29.459     0.000    91.551    29.452     0.000
    91.583    29.441     0.000    91.613    29.426     0.000    91.642    29.407     0.000    91.668    29.384     0.000
    91.690    29.358     0.000    91.708    29.330     0.000    91.722    29.300     0.000    91.730    29.270     0.000
    91.732    29.240     0.000    91.726    29.208     0.000    91.713    29.176     0.000    91.694    29.147     0.000
    91.669    29.119     0.000    91.641    29.092     0.000    91.611    29.067     0.000    91.578    29.043     0.000
    91.508    28.998     0.000    91.436    28.959     0.000    91.362    28.924     0.000    91.288    28.894     0.000
    91.212    28.866     0.000    91.136    28.840     0.000    91.059    28.814     0.000    90.964    28.781     0.000
    90.868    28.748     0.000    90.772    28.715     0.000    90.675    28.684     0.000    90.578    28.655     0.000
    90.481    28.629     0.000    90.383    28.608     0.000    90.322    28.597     0.000    90.260    28.587     0.000
    90.198    28.578     0.000    90.136    28.568     0.000    90.073    28.556     0.000    90.010    28.542     0.000
    89.946    28.525     0.000    89.893    28.508     0.000    89.840    28.487     0.000    89.791    28.464     0.000
    89.745    28.437     0.000    89.704    28.407     0.000    89.670    28.373     0.000    89.643    28.336     0.000
    89.624    28.289     0.000    89.616    28.239     0.000    89.617    28.186     0.000    89.625    28.132     0.000
    89.640    28.077     0.000    89.660    28.022     0.000    89.683    27.968     0.000    89.716    27.904     0.000
    89.752    27.843     0.000    89.791    27.785     0.000    89.833    27.730     0.000    89.879    27.679     0.000
    89.928    27.631     0.000    89.979    27.585     0.000    90.066    27.520     0.000    90.159    27.460     0.000
    90.256    27.405     0.000    90.358    27.354     0.000    90.463    27.306     0.000    90.570    27.259     0.000
    90.677    27.214     0.000    91.131    27.182     0.000    91.342    27.169     0.000    91.553    27.158     0.000
    91.764    27.148     0.000    91.976    27.140     0.000    92.187    27.134     0.000    92.398    27.130     0.000
    92.608    27.129     0.000    92.868    27.132     0.000    93.127    27.141     0.000    93.386    27.158     0.000
    93.644    27.185     0.000    93.902    27.224     0.000    94.159    27.278     0.000    94.415    27.348     0.000
    94.728    27.456     0.000    95.040    27.577     0.000    95.351    27.697     0.000    95.661    27.802     0.000
    95.969    27.876     0.000    96.276    27.907     0.000    96.579    27.878     0.000    96.700    27.847     0.000
    96.820    27.806     0.000    96.938    27.756     0.000    97.053    27.698     0.000    97.165    27.634     0.000
    97.274    27.565     0.000    97.378    27.494     0.000    97.452    27.440     0.000    97.524    27.386     0.000
    97.596    27.331     0.000    97.667    27.276     0.000    97.667    27.276     0.000    97.764    27.207     0.000
    97.861    27.140     0.000    97.959    27.075     0.000    98.059    27.012     0.000    98.161    26.954     0.000
    98.266    26.900     0.000    98.374    26.852     0.000    98.407    26.839     0.000    98.442    26.826     0.000
    98.476    26.814     0.000    98.511    26.801     0.000    98.546    26.790     0.000    98.581    26.778     0.000
    98.616    26.767     0.000
0 1
    98.743    26.681     0.000
4 141
    94.387    44.909     0.000    94.525    44.762     0.000    94.662    44.615     0.000    94.797    44.467     0.000
    94.930    44.318     0.000    95.061    44.168     0.000    95.189    44.016     0.000    95.313    43.862     0.000
    95.432    43.707     0.000    95.543    43.550     0.000    95.644    43.389     0.000    95.731    43.225     0.000
    95.801    43.056     0.000    95.850    42.883     0.000    95.876    42.704     0.000    95.878    42.585     0.000
    95.868    42.466     0.000    95.847    42.349     0.000    95.812    42.234     0.000    95.764    42.126     0.000
    95.703    42.024     0.000    95.627    41.931     0.000    95.443    41.783     0.000    95.214    41.670     0.000
    94.950    41.586     0.000    94.659    41.524     0.000    94.352    41.480     0.000    94.036    41.448     0.000
    93.721    41.423     0.000    93.334    41.393     0.000    92.961    41.365     0.000    92.598    41.338     0.000
    92.243    41.311     0.000    91.890    41.285     0.000    91.539    41.258     0.000    91.185    41.230     0.000
    90.804    41.199     0.000    90.419    41.170     0.000    90.031    41.146     0.000    89.643    41.131     0.000
    89.256    41.128     0.000    88.871    41.142     0.000    88.491    41.175     0.000    88.199    41.217     0.000
    87.909    41.269     0.000    87.621    41.330     0.000    87.333    41.397     0.000    87.045    41.466     0.000
    86.756    41.535     0.000    86.465    41.601     0.000    86.180    41.660     0.000    85.893    41.711     0.000
    85.604    41.755     0.000    85.314    41.790     0.000    85.022    41.816     0.000    84.729    41.831     0.000
    84.436    41.835     0.000    84.174    41.828     0.000    83.913    41.813     0.000    83.652    41.790     0.000
    83.393    41.760     0.000    83.134    41.724     0.000    82.877    41.684     0.000    82.622    41.641     0.000
    82.318    41.586     0.000    82.016    41.531     0.000    81.714    41.477     0.000    81.411    41.428     0.000
    81.104    41.386     0.000    80.793    41.353     0.000    80.475    41.333     0.000    80.151    41.327     0.000
    79.824    41.337     0.000    79.500    41.366     0.000    79.185    41.415     0.000    78.884    41.485     0.000
    78.602    41.580     0.000    78.345    41.701     0.000    78.083    41.876     0.000    77.859    42.084     0.000
    77.670    42.319     0.000    77.514    42.577     0.000    77.389    42.850     0.000    77.292    43.134     0.000
    77.220    43.423     0.000    77.177    43.672     0.000    77.154    43.918     0.000    77.154    44.161     0.000
    77.179    44.398     0.000    77.231    44.628     0.000    77.314    44.849     0.000    77.431    45.060     0.000
    77.647    45.327     0.000    77.921    45.573     0.000    78.245    45.798     0.000    78.610    46.003     0.000
    79.007    46.191     0.000    79.425    46.361     0.000    79.857    46.516     0.000    80.309    46.662     0.000
    80.761    46.799     0.000    81.209    46.933     0.000    81.649    47.069     0.000    82.078    47.213     0.000
    82.493    47.371     0.000    82.892    47.550     0.000    83.354    47.801     0.000    83.798    48.077     0.000
    84.237    48.365     0.000    84.682    48.650     0.000    85.145    48.920     0.000    85.638    49.159     0.000
    86.171    49.353     0.000    86.519    49.444     0.000    86.883    49.513     0.000    87.258    49.560     0.000
    87.640    49.585     0.000    88.027    49.589     0.000    88.414    49.571     0.000    88.797    49.533     0.000
    89.355    49.438     0.000    89.891    49.301     0.000    90.398    49.126     0.000    90.873    48.916     0.000
    91.309    48.676     0.000    91.703    48.408     0.000    92.050    48.118     0.000    92.359    47.797     0.000
    92.627    47.462     0.000    92.868    47.117     0.000    93.095    46.768     0.000    93.321    46.419     0.000
    93.558    46.075     0.000    93.820    45.742     0.000    93.900    45.650     0.000    93.983    45.559     0.000
    94.068    45.470     0.000    94.154    45.380     0.000    94.241    45.291     0.000    94.329    45.203     0.000
    94.417    45.115     0.000
0 1
    94.387    44.909     0.000
2 207
    84.413    45.073     0.000    84.520    45.088     0.000    84.626    45.103     0.000    84.626    45.103     0.000
    84.726    45.111     0.000    84.825    45.118     0.000    84.925    45.124     0.000    85.023    45.128     0.000
    85.121    45.129     0.000    85.219    45.127     0.000    85.315    45.120     0.000    85.524    45.092     0.000
    85.727    45.045     0.000    85.927    44.984     0.000    86.124    44.914     0.000    86.319    44.838     0.000
    86.514    44.762     0.000    86.710    44.688     0.000    86.934    44.613     0.000    87.162    44.546     0.000
    87.393    44.488     0.000    87.627    44.437     0.000    87.864    44.393     0.000    88.104    44.355     0.000
    88.346    44.323     0.000    88.552    44.300     0.000    88.759    44.279     0.000    88.966    44.260     0.000
    89.171    44.241     0.000    89.373    44.223     0.000    89.572    44.202     0.000    89.766    44.180     0.000
    89.911    44.161     0.000    90.055    44.141     0.000    90.201    44.121     0.000    90.352    44.104     0.000
    90.509    44.089     0.000    90.677    44.078     0.000    90.856    44.072     0.000    90.951    44.071     0.000
    91.045    44.069     0.000    91.135    44.065     0.000    91.218    44.055     0.000    91.290    44.039     0.000
    91.347    44.013     0.000    91.386    43.976     0.000    91.396    43.956     0.000    91.402    43.932     0.000
    91.405    43.907     0.000    91.405    43.881     0.000    91.402    43.854     0.000    91.397    43.826     0.000
    91.390    43.798     0.000    91.379    43.758     0.000    91.365    43.720     0.000    91.348    43.683     0.000
    91.328    43.648     0.000    91.304    43.616     0.000    91.275    43.587     0.000    91.242    43.562     0.000
    91.207    43.542     0.000    91.168    43.524     0.000    91.126    43.509     0.000    91.082    43.496     0.000
    91.036    43.484     0.000    90.989    43.473     0.000    90.942    43.463     0.000    90.868    43.446     0.000
    90.794    43.430     0.000    90.721    43.415     0.000    90.648    43.400     0.000    90.576    43.386     0.000
    90.503    43.374     0.000    90.430    43.363     0.000    90.345    43.352     0.000    90.260    43.344     0.000
    90.174    43.338     0.000    90.087    43.334     0.000    90.001    43.333     0.000    89.914    43.334     0.000
    89.827    43.338     0.000    89.749    43.343     0.000    89.671    43.350     0.000    89.593    43.358     0.000
    89.515    43.366     0.000    89.438    43.375     0.000    89.360    43.383     0.000    89.282    43.390     0.000
    89.194    43.397     0.000    89.105    43.402     0.000    89.017    43.406     0.000    88.928    43.408     0.000
    88.839    43.410     0.000    88.750    43.410     0.000    88.661    43.410     0.000    88.557    43.409     0.000
    88.453    43.407     0.000    88.349    43.405     0.000    88.246    43.402     0.000    88.142    43.398     0.000
    88.038    43.394     0.000    87.935    43.389     0.000    87.761    43.380     0.000    87.588    43.371     0.000
    87.414    43.362     0.000    87.240    43.355     0.000    87.066    43.350     0.000    86.891    43.348     0.000
    86.716    43.351     0.000    86.494    43.361     0.000    86.272    43.375     0.000    86.051    43.390     0.000
    85.830    43.400     0.000    85.611    43.403     0.000    85.396    43.394     0.000    85.184    43.370     0.000
    84.964    43.324     0.000    84.750    43.262     0.000    84.538    43.188     0.000    84.329    43.108     0.000
    84.121    43.027     0.000    83.913    42.951     0.000    83.703    42.884     0.000    83.430    42.818     0.000
    83.151    42.772     0.000    82.865    42.742     0.000    82.574    42.722     0.000    82.276    42.708     0.000
    81.971    42.695     0.000    81.661    42.679     0.000    81.472    42.667     0.000    81.283    42.656     0.000
    81.098    42.649     0.000    80.917    42.651     0.000    80.744    42.664     0.000    80.581    42.693     0.000
    80.431    42.741     0.000    80.337    42.786     0.000    80.250    42.839     0.000    80.166    42.899     0.000
    80.086    42.965     0.000    80.008    43.035     0.000    79.931    43.106     0.000    79.854    43.178     0.000
    79.781    43.246     0.000    79.708    43.314     0.000    79.639    43.381     0.000    79.574    43.450     0.000
    79.517    43.520     0.000    79.468    43.592     0.000    79.430    43.667     0.000    79.412    43.719     0.000
    79.398    43.772     0.000    79.390    43.826     0.000    79.386    43.881     0.000    79.387    43.937     0.000
    79.391    43.994     0.000    79.398    44.051     0.000    79.413    44.126     0.000    79.434    44.201     0.000
    79.461    44.274     0.000    79.497    44.344     0.000    79.541    44.410     0.000    79.594    44.471     0.000
    79.657    44.525     0.000    79.731    44.573     0.000    79.813    44.613     0.000    79.904    44.647     0.000
    80.000    44.676     0.000    80.100    44.699     0.000    80.204    44.718     0.000    80.308    44.733     0.000
    80.445    44.747     0.000    80.582    44.756     0.000    80.718    44.760     0.000    80.853    44.761     0.000
    80.988    44.759     0.000    81.122    44.754     0.000    81.257    44.748     0.000    81.404    44.740     0.000
    81.551    44.732     0.000    81.698    44.723     0.000    81.845    44.716     0.000    81.993    44.710     0.000
    82.141    44.705     0.000    82.289    44.703     0.000    82.499    44.705     0.000    82.709    44.712     0.000
    82.919    44.726     0.000    83.127    44.747     0.000    83.333    44.775     0.000    83.537    44.811     0.000
    83.738    44.856     0.000    83.807    44.873     0.000    83.877    44.891     0.000    83.946    44.908     0.000
    84.015    44.925     0.000    84.085    44.941     0.000    84.156    44.954     0.000    84.227    44.965     0.000
    84.244    44.967     0.000    84.261    44.969     0.000    84.278    44.970     0.000    84.295    44.972     0.000
    84.312    44.974     0.000    84.328    44.975     0.000    84.345    44.977     0.000
10 1
    84.413    45.073     0.000
2 116
    86.512    44.368     0.000    86.599    44.357     0.000    86.687    44.346     0.000    86.687    44.346     0.000
    86.718    44.348     0.000    86.749    44.351     0.000    86.780    44.353     0.000    86.811    44.354     0.000
    86.841    44.356     0.000    86.872    44.357     0.000    86.903    44.357     0.000    86.903    44.357     0.000
    86.984    44.343     0.000    87.065    44.330     0.000    87.146    44.317     0.000    87.227    44.305     0.000
    87.309    44.295     0.000    87.391    44.286     0.000    87.474    44.280     0.000    87.544    44.276     0.000
    87.615    44.273     0.000    87.685    44.270     0.000    87.755    44.267     0.000    87.824    44.262     0.000
    87.893    44.255     0.000    87.960    44.245     0.000    87.987    44.240     0.000    88.015    44.235     0.000
    88.042    44.229     0.000    88.070    44.224     0.000    88.099    44.220     0.000    88.128    44.216     0.000
    88.158    44.214     0.000    88.200    44.214     0.000    88.243    44.216     0.000    88.285    44.217     0.000
    88.285    44.217     0.000    88.322    44.211     0.000    88.358    44.204     0.000    88.393    44.196     0.000
    88.425    44.186     0.000    88.455    44.174     0.000    88.481    44.159     0.000    88.504    44.142     0.000
    88.518    44.125     0.000    88.529    44.107     0.000    88.537    44.087     0.000    88.541    44.067     0.000
    88.542    44.046     0.000    88.540    44.026     0.000    88.534    44.006     0.000    88.524    43.987     0.000
    88.511    43.970     0.000    88.494    43.954     0.000    88.476    43.939     0.000    88.455    43.925     0.000
    88.433    43.913     0.000    88.410    43.903     0.000    88.370    43.889     0.000    88.329    43.879     0.000
    88.286    43.872     0.000    88.242    43.868     0.000    88.198    43.866     0.000    88.153    43.865     0.000
    88.108    43.866     0.000    88.049    43.867     0.000    87.990    43.869     0.000    87.931    43.871     0.000
    87.873    43.873     0.000    87.815    43.875     0.000    87.758    43.876     0.000    87.701    43.877     0.000
    87.628    43.875     0.000    87.555    43.872     0.000    87.483    43.867     0.000    87.409    43.861     0.000
    87.335    43.853     0.000    87.260    43.843     0.000    87.184    43.832     0.000    87.112    43.820     0.000
    87.039    43.809     0.000    86.967    43.800     0.000    86.896    43.793     0.000    86.828    43.791     0.000
    86.763    43.796     0.000    86.702    43.807     0.000    86.663    43.820     0.000    86.625    43.837     0.000
    86.588    43.855     0.000    86.549    43.876     0.000    86.509    43.896     0.000    86.466    43.917     0.000
    86.419    43.936     0.000    86.343    43.959     0.000    86.264    43.980     0.000    86.185    44.000     0.000
    86.114    44.021     0.000    86.057    44.044     0.000    86.018    44.072     0.000    86.005    44.106     0.000
    86.009    44.123     0.000    86.017    44.141     0.000    86.029    44.159     0.000    86.045    44.178     0.000
    86.064    44.197     0.000    86.084    44.215     0.000    86.106    44.232     0.000    86.140    44.255     0.000
    86.174    44.275     0.000    86.210    44.294     0.000    86.246    44.310     0.000    86.283    44.325     0.000
    86.320    44.339     0.000    86.357    44.353     0.000    86.394    44.352     0.000    86.431    44.351     0.000

25 1
    86.512    44.368     0.000
2 50
    83.324    43.783     0.000    83.441    43.813     0.000    83.557    43.840     0.000    83.667    43.860     0.000
    83.769    43.870     0.000    83.860    43.867     0.000    83.937    43.846     0.000    83.999    43.806     0.000
    84.023    43.777     0.000    84.042    43.743     0.000    84.055    43.707     0.000    84.062    43.669     0.000
    84.063    43.631     0.000    84.058    43.595     0.000    84.046    43.561     0.000    84.004    43.508     0.000
    83.940    43.468     0.000    83.859    43.438     0.000    83.766    43.416     0.000    83.664    43.399     0.000
    83.559    43.383     0.000    83.455    43.367     0.000    83.332    43.342     0.000    83.216    43.316     0.000
    83.104    43.291     0.000    82.995    43.272     0.000    82.887    43.260     0.000    82.776    43.261     0.000
    82.662    43.276     0.000    82.627    43.285     0.000    82.593    43.294     0.000    82.560    43.306     0.000
    82.530    43.319     0.000    82.503    43.334     0.000    82.480    43.351     0.000    82.462    43.369     0.000
    82.445    43.405     0.000    82.444    43.444     0.000    82.456    43.486     0.000    82.479    43.528     0.000
    82.510    43.570     0.000    82.549    43.609     0.000    82.592    43.645     0.000    82.666    43.691     0.000
    82.744    43.725     0.000    82.827    43.751     0.000    82.913    43.769     0.000    83.002    43.781     0.000
    83.093    43.789     0.000    83.184    43.796     0.000
25 1
    83.324    43.783     0.000
2 88
    91.448    33.262     0.000    91.350    33.228     0.000    91.254    33.193     0.000    91.254    33.193     0.000
    91.162    33.078     0.000    91.076    32.964     0.000    91.000    32.850     0.000    90.940    32.738     0.000
    90.902    32.629     0.000    90.890    32.523     0.000    90.909    32.420     0.000    90.940    32.355     0.000
    90.984    32.292     0.000    91.039    32.232     0.000    91.103    32.174     0.000    91.174    32.119     0.000
    91.249    32.067     0.000    91.327    32.018     0.000    91.396    31.977     0.000    91.466    31.940     0.000
    91.536    31.907     0.000    91.608    31.877     0.000    91.680    31.851     0.000    91.754    31.830     0.000
    91.829    31.814     0.000    91.879    31.806     0.000    91.930    31.800     0.000    91.981    31.796     0.000
    92.033    31.794     0.000    92.085    31.792     0.000    92.137    31.792     0.000    92.190    31.793     0.000
    92.331    31.799     0.000    92.472    31.811     0.000    92.612    31.829     0.000    92.749    31.854     0.000
    92.882    31.889     0.000    93.011    31.932     0.000    93.135    31.986     0.000    93.163    32.000     0.000
    93.190    32.014     0.000    93.217    32.030     0.000    93.244    32.045     0.000    93.270    32.061     0.000
    93.296    32.078     0.000    93.321    32.095     0.000    93.371    32.131     0.000    93.419    32.169     0.000
    93.466    32.209     0.000    93.511    32.250     0.000    93.556    32.292     0.000    93.599    32.335     0.000
    93.643    32.380     0.000    93.688    32.426     0.000    93.731    32.474     0.000    93.772    32.524     0.000
    93.808    32.575     0.000    93.839    32.627     0.000    93.863    32.682     0.000    93.878    32.739     0.000
    93.883    32.805     0.000    93.877    32.873     0.000    93.859    32.941     0.000    93.832    33.007     0.000
    93.795    33.070     0.000    93.751    33.127     0.000    93.699    33.178     0.000    93.603    33.242     0.000
    93.495    33.288     0.000    93.376    33.320     0.000    93.250    33.342     0.000    93.118    33.356     0.000
    92.985    33.366     0.000    92.852    33.377     0.000    92.725    33.390     0.000    92.601    33.404     0.000
    92.478    33.419     0.000    92.357    33.432     0.000    92.237    33.442     0.000    92.117    33.447     0.000
    91.997    33.446     0.000    91.928    33.441     0.000    91.857    33.435     0.000    91.787    33.426     0.000
    91.717    33.416     0.000    91.646    33.405     0.000    91.576    33.393     0.000    91.505    33.380     0.000

2.5 1
    91.448    33.262     0.000
2 71
    94.827    29.291     0.000    94.904    29.339     0.000    94.982    29.386     0.000    95.061    29.429     0.000
    95.142    29.468     0.000    95.226    29.499     0.000    95.313    29.522     0.000    95.405    29.535     0.000
    95.475    29.538     0.000    95.546    29.534     0.000    95.616    29.523     0.000    95.684    29.506     0.000
    95.748    29.482     0.000    95.806    29.451     0.000    95.856    29.413     0.000    95.903    29.362     0.000
    95.938    29.304     0.000    95.964    29.240     0.000    95.980    29.171     0.000    95.988    29.101     0.000
    95.988    29.029     0.000    95.982    28.957     0.000    95.968    28.877     0.000    95.947    28.800     0.000
    95.920    28.726     0.000    95.885    28.655     0.000    95.845    28.587     0.000    95.798    28.522     0.000
    95.746    28.460     0.000    95.685    28.397     0.000    95.618    28.339     0.000    95.547    28.284     0.000
    95.472    28.233     0.000    95.395    28.187     0.000    95.314    28.146     0.000    95.233    28.110     0.000
    95.136    28.074     0.000    95.037    28.044     0.000    94.936    28.021     0.000    94.831    28.004     0.000
    94.723    27.992     0.000    94.609    27.985     0.000    94.491    27.984     0.000    94.432    27.985     0.000
    94.374    27.987     0.000    94.318    27.992     0.000    94.265    28.001     0.000    94.216    28.014     0.000
    94.174    28.032     0.000    94.140    28.056     0.000    94.106    28.102     0.000    94.090    28.160     0.000
    94.090    28.227     0.000    94.101    28.300     0.000    94.123    28.375     0.000    94.152    28.451     0.000
    94.185    28.525     0.000    94.225    28.601     0.000    94.267    28.671     0.000    94.311    28.736     0.000
    94.358    28.797     0.000    94.406    28.855     0.000    94.456    28.912     0.000    94.508    28.968     0.000
    94.551    29.014     0.000    94.596    29.060     0.000    94.641    29.106     0.000    94.687    29.152     0.000
    94.733    29.198     0.000    94.780    29.245     0.000    94.827    29.291     0.000
10 1
    94.827    29.291     0.000
STATION_SITUATION
50136 0
50204 0
50246 0
50247 0
50349 0
50353 0
50425 0
50431 0
50434 0
50442 0
50445 0
50468 0
50526 0
50564 0
50566 0
50632 0
50639 0
50656 0
50673 0
50674 10
50727 0
50756 0
50767 0
50772 10
50774 10
50775 10
50776 0
50778 0
50787 0
50788 0
50832 0
50833 0
50834 0
50838 0
50853 0
50861 0
50862 10
50867 0
50871 10
50873 10
50877 10
50878 0
50879 10
50880 0
50884 10
50888 10
50936 0
50939 0
50940 0
50953 0
50956 0
50958 0
50960 0
50962 0
50963 10
50964 10
50965 0
50968 0
50973 10
50978 10
50979 10
50983 10
50985 10
50987 10
51053 0
51057 0
51058 0
51059 0
51060 0
51068 0
51076 0
51087 0
51133 0
51137 0
51145 0
51156 0
51186 0
51232 0
51238 0
51241 0
51243 0
51288 0
51328 10
51329 10
51330 0
51334 10
51346 10
51352 10
51353 0
51356 10
51357 10
51358 10
51359 10
51365 25
51367 25
51368 25
51369 0
51377 25
51378 10
51379 10
51430 10
51431 10
51433 10
51434 10
51435 10
51436 25
51437 10
51438 10
51463 10
51465 10
51467 0
51468 0
51469 0
51470 25
51477 0
51482 10
51495 0
51526 0
51542 10
51559 0
51567 0
51568 0
51571 0
51572 0
51573 0
51581 0
51633 0
51656 0
52101 0
52112 0
52118 0
52203 0
52211 0
52313 0
54041 0
54072 0
54076 0
54080 0
54092 10
54093 10
54094 10
54096 10
54098 10
54099 10
54165 0
54169 0
54171 0
54172 0
54181 0
54186 10
54187 10
54192 10
54195 10
54259 0
54260 0
54261 0
54263 0
54266 0
54267 0
54273 0
54274 0
54276 10
54284 10
54285 10
54286 10
54287 10
54290 10
54291 10
54292 10
54293 10
54349 0
54353 0
54362 0
54363 0
54365 0
54371 10
54374 10
54377 0
54386 10
54493 0
55279 0
55294 2
55299 0
55472 0
55493 0
55572 0
55591 0
55593 0
55597 0
55598 0
55690 0
55696 0
56004 0
56016 0
56018 0
56021 0
56029 0
56034 0
56096 0
56106 0
56109 0
56192 0
56202 0
56223 0
56227 0
56307 0
56312 0
56317 0
56434 0
56441 0
56444 0
56533 0
56641 0
56643 0
57105 0
57177 0
57182 0
57183 0
57184 0
57185 0
57186 0
57188 0
57189 0
57190 0
57192 0
57193 0
57194 0
57195 0
57196 0
57197 0
57198 0
57204 0
57206 0
57208 0
57211 0
57216 0
57217 0
57290 0
57292 0
57293 0
57303 0
57304 0
57306 0
57308 0
57309 0
57313 0
57314 0
57315 0
57317 0
57318 0
57320 0
57324 0
57326 0
57328 0
57329 0
57338 0
57339 0
57348 0
57349 0
57401 0
57402 0
57405 0
57409 0
57411 0
57413 0
57414 0
57415 0
57416 0
57417 0
57420 0
57425 0
57426 0
57431 0
57432 0
57437 0
57438 0
57439 0
57445 0
57447 0
57451 0
57458 0
57509 0
57510 0
57511 0
57512 0
57513 0
57514 0
57516 0
57518 0
57519 0
57520 0
57522 0
57523 0
57525 0
57536 0
57537 0
57540 0
57541 0
57543 0
57544 0
57545 0
57554 0
57622 0
57623 0
57625 0
57633 0
57634 0
57635 0
57636 0
57637 0
57640 0
57642 0
57643 0
57647 0
57723 0
57730 0
57731 0
57732 0
58100 0
58101 0
58102 0
58104 0
58107 0
58108 0
58109 0
58111 0
58113 0
58114 0
58116 0
58117 0
58118 0
58122 0
58125 0
58126 0
58127 0
58128 0
58129 0
58203 0
58212 0
58221 0
58222 0
58224 0
WEATHER_REGION: 0
FILLAREA: 0
NOTES_SYMBOL: 12
48 129.340 47.725 0 2 20 0 4  12 1 255 0 255 255
48 131.788 45.604 0 2 16 0 4  12 1 255 0 255 255
48 122.302 51.772 0 1 3 0 4  12 1 255 0 255 255
48 83.432 43.601 0 2 26 0 4  12 1 255 0 255 255
48 86.823 44.150 0 2 32 0 4  12 1 255 0 255 255
48 92.386 32.742 0 1 4 0 4  12 1 255 0 255 255
48 95.270 28.888 0 2 21 0 4  12 1 255 0 255 255
48 115.803 33.471 0 1 3 0 4  12 1 255 0 255 255
48 119.953 32.214 0 1 1 0 4  12 1 255 0 255 255
48 129.439 44.903 0 2 23 0 4  12 1 255 0 255 255
48 130.077 43.128 0 2 24 0 4  12 1 255 0 255 255
48 108.326 30.426 0 1 8 0 4  12 1 255 0 255 255
WithProp_LINESYMBOLS: 6
0 4 255 165 43 42 0 0
43
124.480 54.810 0.0
124.356 54.672 0.0
124.237 54.534 0.0
124.127 54.394 0.0
124.031 54.254 0.0
123.953 54.113 0.0
123.897 53.970 0.0
123.867 53.825 0.0
123.866 53.661 0.0
123.894 53.494 0.0
123.939 53.327 0.0
123.992 53.159 0.0
124.045 52.990 0.0
124.086 52.822 0.0
124.107 52.656 0.0
124.094 52.438 0.0
124.038 52.223 0.0
123.950 52.009 0.0
123.837 51.796 0.0
123.708 51.583 0.0
123.572 51.369 0.0
123.438 51.153 0.0
123.309 50.932 0.0
123.182 50.713 0.0
123.050 50.497 0.0
122.907 50.288 0.0
122.744 50.090 0.0
122.556 49.905 0.0
122.335 49.736 0.0
122.162 49.633 0.0
121.974 49.538 0.0
121.772 49.453 0.0
121.559 49.378 0.0
121.338 49.314 0.0
121.111 49.260 0.0
120.881 49.217 0.0
120.626 49.183 0.0
120.370 49.161 0.0
120.113 49.148 0.0
119.855 49.142 0.0
119.596 49.143 0.0
119.336 49.147 0.0
119.076 49.152 0.0
NoLabel 0
0 4 255 165 43 42 0 0
78
134.556 44.107 0.0
134.539 44.106 0.0
134.521 44.105 0.0
134.503 44.104 0.0
134.486 44.103 0.0
134.468 44.102 0.0
134.450 44.101 0.0
134.433 44.099 0.0
134.298 44.091 0.0
134.163 44.082 0.0
134.028 44.072 0.0
133.893 44.062 0.0
133.759 44.051 0.0
133.624 44.039 0.0
133.490 44.027 0.0
133.292 44.006 0.0
133.095 43.985 0.0
132.898 43.963 0.0
132.702 43.943 0.0
132.505 43.924 0.0
132.308 43.907 0.0
132.111 43.894 0.0
131.951 43.887 0.0
131.789 43.882 0.0
131.628 43.879 0.0
131.466 43.877 0.0
131.304 43.876 0.0
131.141 43.874 0.0
130.977 43.872 0.0
130.849 43.869 0.0
130.721 43.865 0.0
130.593 43.858 0.0
130.467 43.847 0.0
130.342 43.832 0.0
130.220 43.811 0.0
130.100 43.784 0.0
129.992 43.753 0.0
129.886 43.717 0.0
129.782 43.678 0.0
129.679 43.637 0.0
129.576 43.596 0.0
129.472 43.556 0.0
129.368 43.518 0.0
129.194 43.465 0.0
129.016 43.419 0.0
128.836 43.379 0.0
128.653 43.341 0.0
128.469 43.303 0.0
128.285 43.261 0.0
128.102 43.214 0.0
127.899 43.151 0.0
127.701 43.078 0.0
127.513 42.993 0.0
127.338 42.898 0.0
127.179 42.793 0.0
127.040 42.677 0.0
126.924 42.550 0.0
126.840 42.424 0.0
126.774 42.290 0.0
126.722 42.150 0.0
126.680 42.007 0.0
126.644 41.861 0.0
126.609 41.715 0.0
126.571 41.570 0.0
126.517 41.401 0.0
126.456 41.236 0.0
126.387 41.073 0.0
126.313 40.912 0.0
126.237 40.751 0.0
126.159 40.592 0.0
126.081 40.432 0.0
126.047 40.360 0.0
126.013 40.289 0.0
125.980 40.217 0.0
125.947 40.145 0.0
125.914 40.074 0.0
125.881 40.002 0.0
125.849 39.930 0.0
NoLabel 0
0 4 255 165 43 42 0 0
43
94.186 46.513 0.0
93.887 46.505 0.0
93.590 46.498 0.0
93.293 46.495 0.0
92.998 46.498 0.0
92.704 46.509 0.0
92.413 46.531 0.0
92.123 46.566 0.0
91.941 46.596 0.0
91.760 46.632 0.0
91.581 46.674 0.0
91.405 46.722 0.0
91.232 46.776 0.0
91.064 46.834 0.0
90.899 46.898 0.0
90.741 46.967 0.0
90.588 47.040 0.0
90.439 47.117 0.0
90.293 47.198 0.0
90.149 47.282 0.0
90.008 47.368 0.0
89.869 47.457 0.0
89.655 47.598 0.0
89.441 47.740 0.0
89.224 47.879 0.0
89.002 48.013 0.0
88.772 48.138 0.0
88.532 48.250 0.0
88.278 48.348 0.0
88.050 48.417 0.0
87.813 48.474 0.0
87.567 48.520 0.0
87.316 48.557 0.0
87.060 48.587 0.0
86.802 48.610 0.0
86.542 48.629 0.0
86.058 48.655 0.0
85.576 48.671 0.0
85.096 48.679 0.0
84.617 48.681 0.0
84.140 48.676 0.0
83.664 48.667 0.0
83.189 48.655 0.0
NoLabel 0
0 4 255 165 43 42 0 0
50
95.526 31.741 0.0
95.516 31.727 0.0
95.507 31.712 0.0
95.498 31.697 0.0
95.488 31.682 0.0
95.479 31.667 0.0
95.470 31.653 0.0
95.460 31.638 0.0
95.390 31.534 0.0
95.315 31.431 0.0
95.235 31.331 0.0
95.149 31.235 0.0
95.057 31.145 0.0
94.959 31.062 0.0
94.855 30.987 0.0
94.705 30.902 0.0
94.544 30.831 0.0
94.376 30.770 0.0
94.201 30.717 0.0
94.023 30.669 0.0
93.844 30.623 0.0
93.666 30.575 0.0
93.540 30.538 0.0
93.415 30.498 0.0
93.293 30.455 0.0
93.173 30.409 0.0
93.056 30.360 0.0
92.941 30.307 0.0
92.830 30.250 0.0
92.653 30.147 0.0
92.482 30.035 0.0
92.315 29.918 0.0
92.150 29.798 0.0
91.984 29.679 0.0
91.816 29.564 0.0
91.643 29.455 0.0
91.564 29.410 0.0
91.483 29.366 0.0
91.402 29.324 0.0
91.319 29.285 0.0
91.234 29.247 0.0
91.149 29.211 0.0
91.063 29.177 0.0
91.050 29.171 0.0
91.037 29.166 0.0
91.023 29.161 0.0
91.010 29.156 0.0
90.996 29.151 0.0
90.983 29.146 0.0
90.969 29.141 0.0
NoLabel 0
0 4 255 165 43 42 0 0
57
90.572 28.724 0.0
90.670 28.720 0.0
90.768 28.716 0.0
90.866 28.712 0.0
90.964 28.709 0.0
91.063 28.707 0.0
91.161 28.706 0.0
91.259 28.706 0.0
91.361 28.708 0.0
91.463 28.711 0.0
91.565 28.715 0.0
91.667 28.718 0.0
91.769 28.720 0.0
91.870 28.720 0.0
91.971 28.718 0.0
92.034 28.715 0.0
92.097 28.711 0.0
92.160 28.705 0.0
92.223 28.696 0.0
92.286 28.686 0.0
92.349 28.672 0.0
92.412 28.656 0.0
92.469 28.638 0.0
92.526 28.617 0.0
92.581 28.592 0.0
92.631 28.564 0.0
92.678 28.532 0.0
92.718 28.495 0.0
92.750 28.453 0.0
92.777 28.401 0.0
92.794 28.344 0.0
92.802 28.284 0.0
92.800 28.223 0.0
92.791 28.162 0.0
92.773 28.104 0.0
92.749 28.050 0.0
92.683 27.959 0.0
92.597 27.885 0.0
92.493 27.824 0.0
92.377 27.774 0.0
92.253 27.730 0.0
92.124 27.689 0.0
91.995 27.646 0.0
91.853 27.593 0.0
91.718 27.534 0.0
91.592 27.467 0.0
91.477 27.392 0.0
91.374 27.308 0.0
91.287 27.215 0.0
91.216 27.111 0.0
91.199 27.078 0.0
91.183 27.043 0.0
91.168 27.009 0.0
91.154 26.973 0.0
91.141 26.938 0.0
91.128 26.902 0.0
91.116 26.865 0.0
NoLabel 0
0 4 255 165 43 42 0 0
85
96.190 31.242 0.0
96.079 31.139 0.0
95.968 31.037 0.0
95.855 30.936 0.0
95.740 30.839 0.0
95.622 30.746 0.0
95.500 30.658 0.0
95.373 30.577 0.0
95.198 30.479 0.0
95.015 30.394 0.0
94.825 30.318 0.0
94.628 30.251 0.0
94.426 30.193 0.0
94.221 30.140 0.0
94.012 30.093 0.0
93.845 30.058 0.0
93.677 30.024 0.0
93.512 29.988 0.0
93.350 29.949 0.0
93.192 29.903 0.0
93.041 29.849 0.0
92.898 29.785 0.0
92.805 29.734 0.0
92.714 29.680 0.0
92.625 29.623 0.0
92.534 29.565 0.0
92.440 29.508 0.0
92.342 29.453 0.0
92.238 29.402 0.0
92.182 29.377 0.0
92.126 29.353 0.0
92.072 29.327 0.0
92.022 29.299 0.0
91.978 29.267 0.0
91.942 29.230 0.0
91.917 29.187 0.0
91.906 29.153 0.0
91.901 29.116 0.0
91.902 29.078 0.0
91.909 29.040 0.0
91.922 29.004 0.0
91.940 28.970 0.0
91.964 28.941 0.0
91.985 28.923 0.0
92.010 28.908 0.0
92.036 28.895 0.0
92.064 28.884 0.0
92.094 28.875 0.0
92.125 28.867 0.0
92.156 28.860 0.0
92.247 28.844 0.0
92.337 28.831 0.0
92.427 28.820 0.0
92.515 28.807 0.0
92.601 28.791 0.0
92.684 28.769 0.0
92.764 28.740 0.0
92.811 28.717 0.0
92.856 28.690 0.0
92.899 28.660 0.0
92.939 28.626 0.0
92.977 28.590 0.0
93.011 28.550 0.0
93.041 28.509 0.0
93.083 28.434 0.0
93.113 28.355 0.0
93.132 28.273 0.0
93.139 28.190 0.0
93.135 28.107 0.0
93.119 28.027 0.0
93.092 27.952 0.0
93.049 27.876 0.0
92.993 27.806 0.0
92.928 27.741 0.0
92.856 27.681 0.0
92.777 27.624 0.0
92.696 27.570 0.0
92.613 27.517 0.0
92.434 27.403 0.0
92.258 27.292 0.0
92.085 27.182 0.0
91.915 27.073 0.0
91.746 26.965 0.0
91.578 26.858 0.0
91.412 26.750 0.0
NoLabel 0
