diamond 14 /disk2/diamond/update/rr112108.048
2014 11 21 3 0
LINES: 0
LINES_SYMBOL: 5
38 2 218
    90.309    26.419     0.000    90.412    26.461     0.000    90.514    26.504     0.000    90.615    26.548     0.000
    90.714    26.594     0.000    90.812    26.643     0.000    90.906    26.695     0.000    90.997    26.750     0.000
    91.125    26.842     0.000    91.245    26.942     0.000    91.359    27.050     0.000    91.468    27.164     0.000
    91.573    27.282     0.000    91.675    27.403     0.000    91.775    27.526     0.000    91.850    27.620     0.000
    91.927    27.714     0.000    92.004    27.806     0.000    92.083    27.896     0.000    92.164    27.983     0.000
    92.249    28.068     0.000    92.337    28.148     0.000    92.557    28.316     0.000    92.798    28.465     0.000
    93.054    28.599     0.000    93.321    28.721     0.000    93.595    28.837     0.000    93.871    28.952     0.000
    94.146    29.069     0.000    94.360    29.167     0.000    94.572    29.266     0.000    94.784    29.364     0.000
    94.997    29.457     0.000    95.214    29.544     0.000    95.436    29.619     0.000    95.665    29.681     0.000
    95.807    29.711     0.000    95.951    29.734     0.000    96.097    29.749     0.000    96.243    29.758     0.000
    96.390    29.758     0.000    96.535    29.749     0.000    96.678    29.731     0.000    96.969    29.665     0.000
    97.247    29.562     0.000    97.510    29.427     0.000    97.758    29.265     0.000    97.987    29.080     0.000
    98.199    28.878     0.000    98.390    28.663     0.000    98.499    28.523     0.000    98.600    28.381     0.000
    98.691    28.236     0.000    98.773    28.088     0.000    98.844    27.938     0.000    98.905    27.785     0.000
    98.955    27.630     0.000    98.984    27.514     0.000    99.007    27.398     0.000    99.024    27.279     0.000
    99.035    27.160     0.000    99.041    27.038     0.000    99.041    26.915     0.000    99.035    26.790     0.000
    99.017    26.581     0.000    98.995    26.371     0.000    98.976    26.162     0.000    98.972    25.958     0.000
    98.991    25.764     0.000    99.041    25.583     0.000    99.131    25.419     0.000    99.189    25.348     0.000
    99.257    25.282     0.000    99.332    25.221     0.000    99.414    25.164     0.000    99.500    25.112     0.000
    99.591    25.064     0.000    99.683    25.022     0.000    99.784    24.981     0.000    99.886    24.945     0.000
    99.989    24.915     0.000   100.094    24.891     0.000   100.201    24.871     0.000   100.309    24.856     0.000
   100.420    24.846     0.000   100.549    24.840     0.000   100.678    24.841     0.000   100.807    24.851     0.000
   100.933    24.871     0.000   101.053    24.902     0.000   101.166    24.947     0.000   101.270    25.007     0.000
   101.331    25.053     0.000   101.387    25.106     0.000   101.437    25.164     0.000   101.483    25.225     0.000
   101.523    25.290     0.000   101.557    25.358     0.000   101.585    25.428     0.000   101.613    25.516     0.000
   101.632    25.605     0.000   101.646    25.694     0.000   101.655    25.785     0.000   101.661    25.876     0.000
   101.666    25.967     0.000   101.672    26.059     0.000   101.696    26.286     0.000   101.731    26.512     0.000
   101.773    26.737     0.000   101.817    26.962     0.000   101.861    27.187     0.000   101.900    27.413     0.000
   101.929    27.640     0.000   101.950    27.943     0.000   101.954    28.248     0.000   101.949    28.553     0.000
   101.942    28.860     0.000   101.940    29.166     0.000   101.952    29.471     0.000   101.985    29.774     0.000
   102.054    30.110     0.000   102.156    30.442     0.000   102.289    30.768     0.000   102.450    31.087     0.000
   102.635    31.399     0.000   102.841    31.702     0.000   103.066    31.995     0.000   103.216    32.173     0.000
   103.372    32.346     0.000   103.534    32.515     0.000   103.704    32.678     0.000   103.882    32.836     0.000
   104.067    32.987     0.000   104.261    33.132     0.000   104.443    33.257     0.000   104.632    33.375     0.000
   104.828    33.484     0.000   105.032    33.585     0.000   105.243    33.675     0.000   105.461    33.753     0.000
   105.686    33.818     0.000   105.947    33.875     0.000   106.213    33.920     0.000   106.480    33.960     0.000
   106.745    33.999     0.000   107.005    34.045     0.000   107.256    34.103     0.000   107.495    34.181     0.000
   107.774    34.311     0.000   108.036    34.471     0.000   108.289    34.651     0.000   108.540    34.842     0.000
   108.796    35.033     0.000   109.064    35.215     0.000   109.351    35.377     0.000   109.524    35.457     0.000
   109.704    35.526     0.000   109.890    35.583     0.000   110.079    35.628     0.000   110.270    35.659     0.000
   110.461    35.675     0.000   110.651    35.677     0.000   110.818    35.665     0.000   110.982    35.643     0.000
   111.147    35.613     0.000   111.312    35.578     0.000   111.478    35.540     0.000   111.648    35.502     0.000
   111.821    35.467     0.000   112.014    35.435     0.000   112.210    35.411     0.000   112.406    35.398     0.000
   112.598    35.399     0.000   112.783    35.416     0.000   112.959    35.452     0.000   113.123    35.509     0.000
   113.241    35.571     0.000   113.353    35.644     0.000   113.460    35.725     0.000   113.564    35.811     0.000
   113.669    35.899     0.000   113.777    35.986     0.000   113.889    36.067     0.000   114.069    36.174     0.000
   114.260    36.268     0.000   114.457    36.354     0.000   114.655    36.437     0.000   114.848    36.524     0.000
   115.031    36.619     0.000   115.200    36.728     0.000   115.311    36.819     0.000   115.415    36.917     0.000
   115.514    37.020     0.000   115.611    37.125     0.000   115.709    37.230     0.000   115.811    37.331     0.000
   115.919    37.427     0.000   116.061    37.531     0.000   116.215    37.623     0.000   116.380    37.705     0.000
   116.554    37.778     0.000   116.735    37.843     0.000   116.922    37.901     0.000   117.114    37.954     0.000
   117.251    37.988     0.000   117.387    38.022     0.000   117.522    38.057     0.000   117.653    38.096     0.000
   117.779    38.139     0.000   117.899    38.190     0.000   118.011    38.250     0.000   118.090    38.302     0.000
   118.165    38.359     0.000   118.235    38.421     0.000   118.302    38.487     0.000   118.367    38.555     0.000
   118.431    38.625     0.000   118.494    38.695     0.000
NoLabel 0
0 4 29
   104.689    36.643         1   104.761    36.567     0.000   104.831    36.490     0.000   104.898    36.411     0.000
   104.961    36.331     0.000   105.017    36.247     0.000   105.066    36.161     0.000   105.106    36.071     0.000
   105.135    35.976     0.000   105.154    35.877     0.000   105.161    35.778     0.000   105.156    35.679     0.000
   105.138    35.582     0.000   105.108    35.489     0.000   105.064    35.401     0.000   105.000    35.310     0.000
   104.922    35.227     0.000   104.835    35.149     0.000   104.740    35.074     0.000   104.643    35.000     0.000
   104.545    34.926     0.000   104.451    34.851     0.000   104.263    34.667     0.000   104.105    34.467     0.000
   103.973    34.254     0.000   103.861    34.031     0.000   103.765    33.799     0.000   103.680    33.563     0.000
   103.600    33.324     0.000
NoLabel 0
0 4 43
    96.064    31.156         1    96.064    31.121     0.000    96.063    31.087     0.000    96.062    31.052     0.000
    96.060    31.017     0.000    96.056    30.983     0.000    96.051    30.948     0.000    96.044    30.913     0.000
    96.024    30.846     0.000    95.997    30.780     0.000    95.962    30.717     0.000    95.920    30.657     0.000
    95.873    30.602     0.000    95.820    30.553     0.000    95.763    30.511     0.000    95.612    30.444     0.000
    95.441    30.414     0.000    95.258    30.409     0.000    95.065    30.421     0.000    94.868    30.436     0.000
    94.672    30.445     0.000    94.482    30.437     0.000    94.345    30.414     0.000    94.214    30.377     0.000
    94.088    30.329     0.000    93.966    30.271     0.000    93.848    30.206     0.000    93.733    30.135     0.000
    93.619    30.061     0.000    93.519    29.993     0.000    93.421    29.923     0.000    93.327    29.850     0.000
    93.240    29.774     0.000    93.160    29.694     0.000    93.089    29.608     0.000    93.028    29.517     0.000
    93.016    29.494     0.000    93.004    29.471     0.000    92.992    29.447     0.000    92.981    29.423     0.000
    92.970    29.400     0.000    92.960    29.376     0.000    92.949    29.352     0.000
NoLabel 0
0 4 134
   114.320    39.282         1   114.320    39.282     0.000   114.320    39.282     0.000   114.320    39.282     0.000
   114.320    39.282     0.000   114.320    39.282     0.000   114.320    39.282     0.000   114.320    39.282     0.000
   114.320    39.282     0.000   114.320    39.282     0.000   114.319    39.282     0.000   114.319    39.282     0.000
   114.319    39.282     0.000   114.319    39.282     0.000   114.319    39.282     0.000   114.317    39.281     0.000
   114.316    39.279     0.000   114.315    39.278     0.000   114.313    39.277     0.000   114.312    39.276     0.000
   114.311    39.275     0.000   114.309    39.273     0.000   114.300    39.266     0.000   114.291    39.258     0.000
   114.282    39.250     0.000   114.273    39.243     0.000   114.264    39.235     0.000   114.255    39.227     0.000
   114.246    39.220     0.000   114.214    39.192     0.000   114.182    39.165     0.000   114.151    39.137     0.000
   114.120    39.109     0.000   114.089    39.081     0.000   114.060    39.052     0.000   114.031    39.022     0.000
   113.978    38.965     0.000   113.929    38.905     0.000   113.884    38.843     0.000   113.843    38.780     0.000
   113.808    38.715     0.000   113.779    38.648     0.000   113.757    38.581     0.000   113.739    38.498     0.000
   113.730    38.415     0.000   113.729    38.330     0.000   113.734    38.246     0.000   113.744    38.160     0.000
   113.757    38.075     0.000   113.774    37.990     0.000   113.796    37.880     0.000   113.819    37.771     0.000
   113.841    37.662     0.000   113.860    37.553     0.000   113.876    37.444     0.000   113.887    37.335     0.000
   113.891    37.225     0.000   113.888    37.119     0.000   113.878    37.012     0.000   113.859    36.906     0.000
   113.831    36.801     0.000   113.795    36.698     0.000   113.748    36.597     0.000   113.692    36.499     0.000
   113.614    36.392     0.000   113.523    36.291     0.000   113.422    36.198     0.000   113.310    36.112     0.000
   113.189    36.037     0.000   113.060    35.973     0.000   112.925    35.920     0.000   112.776    35.879     0.000
   112.622    35.851     0.000   112.464    35.835     0.000   112.303    35.828     0.000   112.141    35.829     0.000
   111.979    35.837     0.000   111.818    35.848     0.000   111.658    35.862     0.000   111.500    35.878     0.000
   111.343    35.895     0.000   111.187    35.912     0.000   111.030    35.928     0.000   110.873    35.943     0.000
   110.714    35.955     0.000   110.529    35.964     0.000   110.342    35.969     0.000   110.156    35.966     0.000
   109.970    35.956     0.000   109.787    35.938     0.000   109.607    35.909     0.000   109.431    35.870     0.000
   109.254    35.817     0.000   109.082    35.753     0.000   108.914    35.680     0.000   108.749    35.601     0.000
   108.587    35.517     0.000   108.426    35.430     0.000   108.266    35.343     0.000   108.104    35.256     0.000
   107.941    35.172     0.000   107.777    35.090     0.000   107.611    35.013     0.000   107.443    34.941     0.000
   107.273    34.874     0.000   107.100    34.814     0.000   106.920    34.760     0.000   106.738    34.712     0.000
   106.554    34.667     0.000   106.368    34.625     0.000   106.182    34.582     0.000   105.997    34.537     0.000
   105.813    34.488     0.000   105.656    34.442     0.000   105.502    34.391     0.000   105.351    34.334     0.000
   105.205    34.272     0.000   105.062    34.204     0.000   104.926    34.128     0.000   104.795    34.046     0.000
   104.697    33.975     0.000   104.603    33.900     0.000   104.514    33.821     0.000   104.430    33.738     0.000
   104.351    33.652     0.000   104.276    33.563     0.000   104.207    33.471     0.000   104.186    33.441     0.000
   104.165    33.410     0.000   104.144    33.379     0.000   104.124    33.348     0.000   104.104    33.316     0.000
   104.084    33.285     0.000   104.064    33.254     0.000
NoLabel 0
0 4 43
    75.417    38.601         1    75.478    38.599     0.000    75.539    38.596     0.000    75.599    38.592     0.000
    75.659    38.586     0.000    75.717    38.578     0.000    75.773    38.565     0.000    75.827    38.549     0.000
    75.877    38.530     0.000    75.924    38.506     0.000    75.970    38.480     0.000    76.014    38.451     0.000
    76.057    38.420     0.000    76.099    38.387     0.000    76.139    38.354     0.000    76.201    38.302     0.000
    76.261    38.249     0.000    76.319    38.196     0.000    76.375    38.141     0.000    76.429    38.086     0.000
    76.482    38.030     0.000    76.533    37.973     0.000    76.571    37.929     0.000    76.608    37.884     0.000
    76.646    37.839     0.000    76.684    37.794     0.000    76.724    37.751     0.000    76.765    37.708     0.000
    76.808    37.666     0.000    76.862    37.619     0.000    76.919    37.574     0.000    76.979    37.531     0.000
    77.042    37.491     0.000    77.107    37.452     0.000    77.173    37.416     0.000    77.242    37.382     0.000
    77.338    37.338     0.000    77.436    37.297     0.000    77.536    37.259     0.000    77.637    37.224     0.000
    77.738    37.189     0.000    77.841    37.156     0.000    77.943    37.123     0.000
NoLabel 0
SYMBOLS: 20
  23    94.186    30.822 0.0 0
  26    94.331    28.305 0.0 0
  23    75.530    37.415 0.0 0
  26    78.367    38.187 0.0 0
  23    88.100    48.071 0.0 0
  23   104.548    35.497 0.0 0
  24   108.983    36.694 0.0 0
  23    98.371    33.161 0.0 0
  26   118.215    32.204 0.0 0
  26   121.256    23.809 0.0 0
  26   110.446    19.575 0.0 0
  33   119.313    20.838 0.0 3.802637
  33   115.733    20.147 0.0 3.605237
  33   119.887    24.552 0.0 4.113976
  36   115.705    43.305 0.0 0.718832
  23    74.469    39.907 0.0 0
  23   101.064    37.918 0.0 0
  48   108.217    32.215 1 30
  48   107.383    27.979 1 30
  48   110.097    33.048 1 28
CLOSED_CONTOURS: 12
5 99
    83.968    50.325     0.000    84.345    50.420     0.000    84.724    50.512     0.000    85.106    50.599     0.000
    85.491    50.677     0.000    85.880    50.745     0.000    86.274    50.801     0.000    86.673    50.841     0.000
    87.102    50.866     0.000    87.534    50.871     0.000    87.967    50.858     0.000    88.399    50.825     0.000
    88.827    50.774     0.000    89.248    50.706     0.000    89.661    50.619     0.000    90.048    50.519     0.000
    90.420    50.402     0.000    90.774    50.265     0.000    91.105    50.108     0.000    91.410    49.929     0.000
    91.684    49.725     0.000    91.925    49.497     0.000    92.082    49.307     0.000    92.211    49.106     0.000
    92.306    48.900     0.000    92.362    48.693     0.000    92.373    48.490     0.000    92.333    48.296     0.000
    92.333    48.296     0.000    92.194    48.172     0.000    92.054    48.050     0.000    91.911    47.931     0.000
    91.762    47.818     0.000    91.605    47.711     0.000    91.439    47.614     0.000    91.261    47.527     0.000
    91.077    47.455     0.000    90.882    47.394     0.000    90.679    47.344     0.000    90.469    47.305     0.000
    90.254    47.277     0.000    90.037    47.260     0.000    89.820    47.253     0.000    89.388    47.268     0.000
    88.961    47.311     0.000    88.537    47.371     0.000    88.115    47.435     0.000    87.694    47.491     0.000
    87.275    47.526     0.000    86.857    47.529     0.000    86.577    47.507     0.000    86.298    47.468     0.000
    86.021    47.415     0.000    85.747    47.351     0.000    85.475    47.279     0.000    85.206    47.202     0.000
    84.940    47.124     0.000    84.691    47.051     0.000    84.443    46.981     0.000    84.195    46.916     0.000
    83.943    46.856     0.000    83.686    46.804     0.000    83.422    46.761     0.000    83.149    46.728     0.000
    82.858    46.706     0.000    82.563    46.699     0.000    82.269    46.708     0.000    81.983    46.736     0.000
    81.713    46.784     0.000    81.465    46.854     0.000    81.246    46.949     0.000    81.060    47.069     0.000
    80.905    47.213     0.000    80.775    47.376     0.000    80.665    47.554     0.000    80.570    47.744     0.000
    80.485    47.942     0.000    80.405    48.143     0.000    80.365    48.282     0.000    80.346    48.421     0.000
    80.349    48.560     0.000    80.372    48.696     0.000    80.417    48.829     0.000    80.483    48.957     0.000
    80.570    49.079     0.000    80.684    49.198     0.000    80.818    49.309     0.000    80.970    49.412     0.000
    81.137    49.506     0.000    81.315    49.593     0.000    81.503    49.672     0.000    81.698    49.744     0.000
    81.952    49.827     0.000    82.211    49.899     0.000    82.474    49.964     0.000    82.741    50.022     0.000
    83.010    50.074     0.000    83.280    50.123     0.000    83.552    50.170     0.000
0 1
    83.968    50.325     0.000
5 86
    77.597    38.537     0.000    77.642    38.542     0.000    77.687    38.548     0.000    77.731    38.553     0.000
    77.776    38.559     0.000    77.821    38.564     0.000    77.865    38.570     0.000    77.865    38.570     0.000
    77.988    38.608     0.000    78.113    38.646     0.000    78.240    38.682     0.000    78.370    38.718     0.000
    78.505    38.753     0.000    78.646    38.785     0.000    78.794    38.816     0.000    78.946    38.843     0.000
    79.101    38.864     0.000    79.254    38.876     0.000    79.402    38.876     0.000    79.538    38.859     0.000
    79.658    38.822     0.000    79.757    38.762     0.000    79.814    38.703     0.000    79.858    38.632     0.000
    79.889    38.553     0.000    79.906    38.469     0.000    79.912    38.384     0.000    79.905    38.299     0.000
    79.886    38.219     0.000    79.778    38.032     0.000    79.601    37.888     0.000    79.370    37.776     0.000
    79.104    37.685     0.000    78.819    37.605     0.000    78.532    37.525     0.000    78.260    37.434     0.000
    78.071    37.353     0.000    77.896    37.263     0.000    77.730    37.167     0.000    77.570    37.068     0.000
    77.411    36.969     0.000    77.247    36.873     0.000    77.076    36.783     0.000    76.809    36.669     0.000
    76.523    36.578     0.000    76.224    36.516     0.000    75.920    36.488     0.000    75.615    36.500     0.000
    75.317    36.558     0.000    75.032    36.667     0.000    74.823    36.790     0.000    74.633    36.941     0.000
    74.472    37.110     0.000    74.348    37.291     0.000    74.271    37.474     0.000    74.248    37.652     0.000
    74.290    37.817     0.000    74.363    37.923     0.000    74.468    38.018     0.000    74.599    38.101     0.000
    74.751    38.175     0.000    74.917    38.237     0.000    75.091    38.289     0.000    75.269    38.331     0.000
    75.456    38.365     0.000    75.641    38.390     0.000    75.822    38.406     0.000    76.001    38.416     0.000
    76.178    38.420     0.000    76.354    38.422     0.000    76.530    38.421     0.000    76.530    38.421     0.000
    76.633    38.418     0.000    76.736    38.415     0.000    76.839    38.413     0.000    76.941    38.414     0.000
    77.043    38.417     0.000    77.145    38.424     0.000    77.246    38.434     0.000    77.280    38.439     0.000
    77.315    38.444     0.000    77.349    38.450     0.000    77.383    38.456     0.000    77.417    38.462     0.000
    77.451    38.468     0.000    77.485    38.474     0.000
0 1
    77.597    38.537     0.000
5 556
   112.176    39.562     0.000   112.341    39.634     0.000   112.507    39.702     0.000   112.676    39.761     0.000
   112.847    39.807     0.000   113.021    39.834     0.000   113.199    39.839     0.000   113.381    39.816     0.000
   113.460    39.798     0.000   113.537    39.774     0.000   113.610    39.744     0.000   113.677    39.710     0.000
   113.736    39.672     0.000   113.783    39.629     0.000   113.818    39.582     0.000   113.841    39.514     0.000
   113.843    39.441     0.000   113.830    39.365     0.000   113.808    39.285     0.000   113.783    39.203     0.000
   113.760    39.122     0.000   113.746    39.040     0.000   113.749    38.928     0.000   113.776    38.819     0.000
   113.825    38.713     0.000   113.890    38.612     0.000   113.968    38.514     0.000   114.054    38.421     0.000
   114.144    38.330     0.000   114.189    38.287     0.000   114.234    38.245     0.000   114.278    38.203     0.000
   114.323    38.162     0.000   114.368    38.122     0.000   114.412    38.081     0.000   114.457    38.041     0.000
   114.568    37.960     0.000   114.676    37.877     0.000   114.775    37.793     0.000   114.869    37.707     0.000
   114.962    37.620     0.000   115.054    37.534     0.000   115.148    37.451     0.000   115.246    37.373     0.000
   115.351    37.300     0.000   115.442    37.246     0.000   115.538    37.197     0.000   115.638    37.151     0.000
   115.740    37.108     0.000   115.845    37.067     0.000   115.951    37.028     0.000   116.057    36.989     0.000
   116.196    36.938     0.000   116.333    36.887     0.000   116.471    36.838     0.000   116.609    36.792     0.000
   116.748    36.748     0.000   116.888    36.710     0.000   117.029    36.676     0.000   117.270    36.632     0.000
   117.515    36.602     0.000   117.763    36.581     0.000   118.013    36.565     0.000   118.265    36.550     0.000
   118.517    36.532     0.000   118.767    36.507     0.000   118.928    36.485     0.000   119.088    36.458     0.000
   119.246    36.426     0.000   119.401    36.389     0.000   119.554    36.347     0.000   119.704    36.299     0.000
   119.851    36.246     0.000   119.982    36.192     0.000   120.111    36.135     0.000   120.237    36.074     0.000
   120.362    36.009     0.000   120.485    35.943     0.000   120.608    35.875     0.000   120.730    35.806     0.000
   121.076    35.606     0.000   121.416    35.398     0.000   121.742    35.180     0.000   122.049    34.947     0.000
   122.329    34.698     0.000   122.575    34.428     0.000   122.780    34.135     0.000   122.958    33.771     0.000
   123.074    33.383     0.000   123.127    32.981     0.000   123.116    32.576     0.000   123.041    32.178     0.000
   122.901    31.796     0.000   122.695    31.440     0.000   122.568    31.274     0.000   122.425    31.119     0.000
   122.268    30.977     0.000   122.098    30.848     0.000   121.916    30.736     0.000   121.722    30.640     0.000
   121.518    30.564     0.000   121.310    30.510     0.000   121.095    30.475     0.000   120.876    30.457     0.000
   120.655    30.457     0.000   120.435    30.473     0.000   120.217    30.504     0.000   120.005    30.548     0.000
   119.838    30.594     0.000   119.674    30.647     0.000   119.514    30.706     0.000   119.355    30.770     0.000
   119.197    30.837     0.000   119.038    30.906     0.000   118.877    30.975     0.000   118.748    31.030     0.000
   118.618    31.082     0.000   118.486    31.130     0.000   118.352    31.171     0.000   118.217    31.204     0.000
   118.081    31.227     0.000   117.944    31.238     0.000   117.855    31.238     0.000   117.766    31.233     0.000
   117.677    31.224     0.000   117.587    31.212     0.000   117.498    31.197     0.000   117.408    31.180     0.000
   117.318    31.163     0.000   117.175    31.126     0.000   117.038    31.082     0.000   116.909    31.031     0.000
   116.788    30.971     0.000   116.677    30.901     0.000   116.534    30.783     0.000   116.407    30.647     0.000
   116.293    30.499     0.000   116.185    30.342     0.000   116.080    30.182     0.000   115.973    30.024     0.000
   115.860    29.871     0.000   115.768    29.762     0.000   115.672    29.658     0.000   115.573    29.556     0.000
   115.472    29.456     0.000   115.370    29.356     0.000   115.270    29.254     0.000   115.173    29.149     0.000
   115.052    29.005     0.000   114.934    28.858     0.000   114.818    28.710     0.000   114.699    28.567     0.000
   114.575    28.431     0.000   114.442    28.307     0.000   114.296    28.199     0.000   114.151    28.116     0.000
   113.995    28.045     0.000   113.831    27.983     0.000   113.662    27.925     0.000   113.490    27.868     0.000
   113.317    27.809     0.000   113.148    27.744     0.000   112.957    27.656     0.000   112.776    27.555     0.000
   112.607    27.440     0.000   112.453    27.313     0.000   112.315    27.174     0.000   112.196    27.023     0.000
   112.099    26.859     0.000   112.035    26.714     0.000   111.982    26.564     0.000   111.935    26.412     0.000
   111.887    26.261     0.000   111.834    26.115     0.000   111.769    25.977     0.000   111.688    25.849     0.000
   111.612    25.761     0.000   111.526    25.678     0.000   111.434    25.599     0.000   111.337    25.521     0.000
   111.239    25.443     0.000   111.142    25.362     0.000   111.050    25.276     0.000   110.910    25.117     0.000
   110.784    24.946     0.000   110.667    24.771     0.000   110.551    24.599     0.000   110.430    24.438     0.000
   110.298    24.296     0.000   110.147    24.180     0.000   109.994    24.102     0.000   109.825    24.047     0.000
   109.643    24.006     0.000   109.452    23.977     0.000   109.255    23.953     0.000   109.057    23.930     0.000
   108.860    23.901     0.000   108.663    23.863     0.000   108.472    23.813     0.000   108.288    23.754     0.000
   108.110    23.683     0.000   107.939    23.602     0.000   107.776    23.510     0.000   107.620    23.406     0.000
   107.422    23.251     0.000   107.234    23.084     0.000   107.051    22.911     0.000   106.868    22.740     0.000
   106.680    22.578     0.000   106.483    22.432     0.000   106.273    22.309     0.000   106.152    22.255     0.000
   106.026    22.207     0.000   105.897    22.165     0.000   105.766    22.128     0.000   105.632    22.093     0.000
   105.498    22.059     0.000   105.364    22.025     0.000   104.987    21.921     0.000   104.616    21.813     0.000
   104.246    21.713     0.000   103.873    21.632     0.000   103.492    21.580     0.000   103.100    21.570     0.000
   102.690    21.612     0.000   102.509    21.649     0.000   102.331    21.698     0.000   102.160    21.761     0.000
   102.005    21.839     0.000   101.871    21.933     0.000   101.764    22.043     0.000   101.692    22.172     0.000
   101.662    22.288     0.000   101.656    22.413     0.000   101.672    22.542     0.000   101.709    22.671     0.000
   101.763    22.796     0.000   101.834    22.913     0.000   101.920    23.019     0.000   101.991    23.087     0.000
   102.069    23.148     0.000   102.152    23.202     0.000   102.239    23.250     0.000   102.329    23.294     0.000
   102.421    23.334     0.000   102.515    23.372     0.000   102.674    23.433     0.000   102.834    23.494     0.000
   102.992    23.556     0.000   103.148    23.623     0.000   103.299    23.696     0.000   103.445    23.778     0.000
   103.584    23.872     0.000   103.671    23.941     0.000   103.753    24.016     0.000   103.829    24.097     0.000
   103.898    24.182     0.000   103.958    24.272     0.000   104.009    24.366     0.000   104.049    24.463     0.000
   104.080    24.576     0.000   104.097    24.692     0.000   104.101    24.810     0.000   104.094    24.929     0.000
   104.076    25.047     0.000   104.049    25.165     0.000   104.014    25.280     0.000   103.974    25.387     0.000
   103.931    25.492     0.000   103.885    25.595     0.000   103.838    25.698     0.000   103.792    25.800     0.000
   103.750    25.904     0.000   103.713    26.010     0.000   103.676    26.144     0.000   103.645    26.281     0.000
   103.618    26.418     0.000   103.618    26.418     0.000   103.577    26.525     0.000   103.537    26.631     0.000
   103.496    26.738     0.000   103.454    26.844     0.000   103.412    26.950     0.000   103.368    27.056     0.000
   103.323    27.161     0.000   103.241    27.343     0.000   103.154    27.524     0.000   103.065    27.704     0.000
   102.973    27.884     0.000   102.879    28.064     0.000   102.784    28.244     0.000   102.689    28.426     0.000
   102.619    28.561     0.000   102.552    28.698     0.000   102.489    28.836     0.000   102.434    28.976     0.000
   102.388    29.118     0.000   102.354    29.263     0.000   102.334    29.410     0.000   102.329    29.535     0.000
   102.336    29.660     0.000   102.355    29.786     0.000   102.385    29.909     0.000   102.427    30.029     0.000
   102.481    30.144     0.000   102.547    30.254     0.000   102.624    30.356     0.000   102.711    30.452     0.000
   102.806    30.543     0.000   102.909    30.629     0.000   103.017    30.712     0.000   103.128    30.793     0.000
   103.241    30.873     0.000   103.350    30.933     0.000   103.459    30.991     0.000   103.567    31.051     0.000
   103.675    31.114     0.000   103.780    31.180     0.000   103.883    31.250     0.000   103.967    31.315     0.000
   104.047    31.383     0.000   104.122    31.455     0.000   104.190    31.532     0.000   104.250    31.612     0.000
   104.300    31.696     0.000   104.339    31.783     0.000   104.365    31.869     0.000   104.365    31.869     0.000
   104.371    31.937     0.000   104.378    32.004     0.000   104.387    32.069     0.000   104.399    32.133     0.000
   104.415    32.194     0.000   104.437    32.252     0.000   104.466    32.307     0.000   104.535    32.394     0.000
   104.622    32.471     0.000   104.724    32.542     0.000   104.834    32.611     0.000   104.947    32.683     0.000
   105.058    32.761     0.000   105.162    32.851     0.000   105.207    32.898     0.000   105.249    32.948     0.000
   105.284    33.000     0.000   105.314    33.052     0.000   105.335    33.104     0.000   105.347    33.154     0.000
   105.349    33.202     0.000   105.315    33.295     0.000   105.234    33.374     0.000   105.118    33.440     0.000
   104.973    33.495     0.000   104.812    33.540     0.000   104.642    33.578     0.000   104.474    33.610     0.000
   104.331    33.635     0.000   104.196    33.657     0.000   104.067    33.673     0.000   103.943    33.685     0.000
   103.822    33.691     0.000   103.702    33.690     0.000   103.583    33.682     0.000   103.448    33.663     0.000
   103.313    33.636     0.000   103.176    33.601     0.000   103.039    33.560     0.000   102.902    33.514     0.000
   102.764    33.466     0.000   102.627    33.415     0.000   102.393    33.357     0.000   102.159    33.294     0.000
   101.926    33.230     0.000   101.694    33.165     0.000   101.465    33.099     0.000   101.239    33.035     0.000
   100.815    32.918     0.000   100.399    32.810     0.000    99.979    32.709     0.000    99.549    32.613     0.000
    99.099    32.522     0.000    99.099    32.522     0.000    99.034    32.455     0.000    98.968    32.389     0.000
    98.900    32.325     0.000    98.831    32.264     0.000    98.758    32.208     0.000    98.681    32.157     0.000
    98.599    32.112     0.000    98.359    32.030     0.000    98.092    31.997     0.000    97.812    32.010     0.000
    97.532    32.065     0.000    97.264    32.161     0.000    97.023    32.295     0.000    96.822    32.464     0.000
    96.744    32.555     0.000    96.673    32.649     0.000    96.606    32.742     0.000    96.537    32.832     0.000
    96.463    32.913     0.000    96.379    32.981     0.000    96.280    33.034     0.000    96.174    33.066     0.000
    96.058    33.086     0.000    95.937    33.100     0.000    95.816    33.113     0.000    95.701    33.132     0.000
    95.596    33.160     0.000    95.508    33.205     0.000    95.456    33.250     0.000    95.412    33.303     0.000
    95.372    33.363     0.000    95.332    33.426     0.000    95.290    33.489     0.000    95.242    33.551     0.000
    95.184    33.609     0.000    95.072    33.685     0.000    94.941    33.748     0.000    94.804    33.803     0.000
    94.672    33.853     0.000    94.558    33.903     0.000    94.475    33.958     0.000    94.435    34.020     0.000
    94.440    34.076     0.000    94.472    34.139     0.000    94.528    34.205     0.000    94.602    34.273     0.000
    94.689    34.341     0.000    94.783    34.408     0.000    94.879    34.471     0.000    95.006    34.550     0.000
    95.129    34.619     0.000    95.249    34.678     0.000    95.368    34.729     0.000    95.488    34.771     0.000
    95.610    34.805     0.000    95.736    34.831     0.000    95.838    34.845     0.000    95.943    34.855     0.000
    96.050    34.859     0.000    96.160    34.858     0.000    96.270    34.851     0.000    96.381    34.838     0.000
    96.493    34.819     0.000    96.682    34.773     0.000    96.870    34.717     0.000    97.054    34.660     0.000
    97.235    34.609     0.000    97.412    34.573     0.000    97.583    34.560     0.000    97.749    34.579     0.000
    97.828    34.601     0.000    97.905    34.631     0.000    97.982    34.667     0.000    98.058    34.708     0.000
    98.134    34.752     0.000    98.210    34.797     0.000    98.287    34.842     0.000    98.395    34.901     0.000
    98.504    34.955     0.000    98.616    35.004     0.000    98.729    35.047     0.000    98.844    35.083     0.000
    98.962    35.112     0.000    99.081    35.131     0.000    99.184    35.141     0.000    99.289    35.145     0.000
    99.394    35.144     0.000    99.500    35.138     0.000    99.607    35.130     0.000    99.713    35.119     0.000
    99.820    35.106     0.000    99.980    35.086     0.000   100.140    35.066     0.000   100.299    35.046     0.000
   100.458    35.029     0.000   100.617    35.016     0.000   100.775    35.008     0.000   100.934    35.006     0.000
   101.019    35.008     0.000   101.105    35.011     0.000   101.190    35.016     0.000   101.276    35.023     0.000
   101.362    35.030     0.000   101.448    35.038     0.000   101.534    35.046     0.000   101.774    35.084     0.000
   102.006    35.142     0.000   102.229    35.220     0.000   102.344    35.269     0.000   102.457    35.322     0.000
   102.571    35.376     0.000   102.686    35.429     0.000   102.804    35.477     0.000   102.926    35.519     0.000
   103.054    35.553     0.000   103.216    35.579     0.000   103.384    35.595     0.000   103.552    35.607     0.000
   103.716    35.621     0.000   103.872    35.645     0.000   104.015    35.683     0.000   104.140    35.744     0.000
   104.204    35.792     0.000   104.262    35.847     0.000   104.316    35.908     0.000   104.368    35.973     0.000
   104.420    36.040     0.000   104.472    36.107     0.000   104.528    36.172     0.000   104.628    36.269     0.000
   104.738    36.356     0.000   104.858    36.433     0.000   104.986    36.503     0.000   105.121    36.564     0.000
   105.259    36.619     0.000   105.401    36.668     0.000   105.507    36.700     0.000   105.613    36.730     0.000
   105.720    36.758     0.000   105.827    36.784     0.000   105.936    36.807     0.000   106.045    36.829     0.000
   106.156    36.850     0.000   106.343    36.883     0.000   106.531    36.914     0.000   106.719    36.947     0.000
   106.904    36.983     0.000   107.087    37.024     0.000   107.264    37.073     0.000   107.436    37.132     0.000
   107.641    37.222     0.000   107.836    37.327     0.000   108.023    37.446     0.000   108.205    37.574     0.000
   108.382    37.709     0.000   108.558    37.847     0.000   108.734    37.985     0.000   108.934    38.138     0.000
   109.138    38.286     0.000   109.347    38.429     0.000   109.561    38.565     0.000   109.780    38.694     0.000
   110.007    38.815     0.000   110.241    38.927     0.000   110.427    39.007     0.000   110.617    39.081     0.000
   110.810    39.151     0.000   111.007    39.217     0.000   111.206    39.280     0.000   111.406    39.342     0.000
   111.608    39.402     0.000   111.762    39.427     0.000   111.916    39.451     0.000   112.070    39.473     0.000

0 1
   112.176    39.562     0.000
5 168
    93.075    29.499     0.000    93.055    29.577     0.000    93.033    29.655     0.000    93.010    29.732     0.000
    92.984    29.809     0.000    92.955    29.885     0.000    92.921    29.960     0.000    92.883    30.034     0.000
    92.825    30.128     0.000    92.761    30.221     0.000    92.695    30.313     0.000    92.632    30.406     0.000
    92.575    30.499     0.000    92.530    30.594     0.000    92.499    30.691     0.000    92.487    30.795     0.000
    92.494    30.901     0.000    92.517    31.009     0.000    92.555    31.116     0.000    92.604    31.222     0.000
    92.665    31.324     0.000    92.733    31.423     0.000    92.819    31.529     0.000    92.912    31.628     0.000
    93.013    31.720     0.000    93.120    31.804     0.000    93.234    31.882     0.000    93.353    31.951     0.000
    93.479    32.014     0.000    93.602    32.066     0.000    93.730    32.111     0.000    93.862    32.148     0.000
    93.997    32.176     0.000    94.135    32.196     0.000    94.276    32.206     0.000    94.419    32.206     0.000
    94.590    32.193     0.000    94.760    32.164     0.000    94.924    32.120     0.000    95.080    32.061     0.000
    95.223    31.987     0.000    95.350    31.898     0.000    95.457    31.795     0.000    95.532    31.692     0.000
    95.595    31.582     0.000    95.649    31.468     0.000    95.700    31.352     0.000    95.752    31.237     0.000
    95.811    31.128     0.000    95.882    31.027     0.000    95.964    30.939     0.000    96.060    30.860     0.000
    96.167    30.788     0.000    96.283    30.723     0.000    96.405    30.662     0.000    96.531    30.604     0.000
    96.659    30.548     0.000    96.746    30.438     0.000    96.815    30.322     0.000    96.865    30.199     0.000
    96.891    30.071     0.000    96.895    29.965     0.000    96.887    29.858     0.000    96.874    29.750     0.000
    96.860    29.645     0.000    96.852    29.542     0.000    96.855    29.445     0.000    96.874    29.355     0.000
    96.934    29.242     0.000    97.029    29.143     0.000    97.154    29.057     0.000    97.302    28.982     0.000
    97.466    28.916     0.000    97.639    28.857     0.000    97.817    28.805     0.000    98.046    28.743     0.000
    98.268    28.683     0.000    98.480    28.622     0.000    98.678    28.554     0.000    98.859    28.476     0.000
    99.020    28.382     0.000    99.158    28.268     0.000    99.261    28.146     0.000    99.345    28.006     0.000
    99.413    27.853     0.000    99.467    27.688     0.000    99.510    27.516     0.000    99.544    27.338     0.000
    99.572    27.158     0.000    99.592    27.004     0.000    99.607    26.851     0.000    99.613    26.701     0.000
    99.609    26.556     0.000    99.592    26.416     0.000    99.559    26.283     0.000    99.507    26.158     0.000
    99.404    26.002     0.000    99.268    25.860     0.000    99.107    25.731     0.000    98.927    25.613     0.000
    98.734    25.503     0.000    98.536    25.399     0.000    98.339    25.298     0.000    98.236    25.246     0.000
    98.135    25.195     0.000    98.034    25.145     0.000    97.934    25.096     0.000    97.833    25.051     0.000
    97.732    25.008     0.000    97.628    24.968     0.000    97.396    24.895     0.000    97.155    24.838     0.000
    96.908    24.798     0.000    96.658    24.774     0.000    96.406    24.766     0.000    96.155    24.773     0.000
    95.908    24.794     0.000    95.759    24.814     0.000    95.612    24.837     0.000    95.465    24.864     0.000
    95.318    24.891     0.000    95.169    24.919     0.000    95.019    24.945     0.000    94.866    24.968     0.000
    94.620    24.997     0.000    94.371    25.022     0.000    94.123    25.050     0.000    93.881    25.086     0.000
    93.651    25.138     0.000    93.437    25.212     0.000    93.245    25.315     0.000    93.120    25.411     0.000
    93.007    25.523     0.000    92.905    25.649     0.000    92.813    25.787     0.000    92.730    25.934     0.000
    92.653    26.088     0.000    92.582    26.246     0.000    92.516    26.406     0.000    92.458    26.567     0.000
    92.409    26.727     0.000    92.374    26.886     0.000    92.354    27.043     0.000    92.354    27.197     0.000
    92.376    27.347     0.000    92.427    27.506     0.000    92.427    27.506     0.000    92.504    27.587     0.000
    92.579    27.668     0.000    92.650    27.751     0.000    92.715    27.835     0.000    92.771    27.921     0.000
    92.817    28.010     0.000    92.849    28.103     0.000    92.871    28.233     0.000    92.873    28.368     0.000
    92.864    28.506     0.000    92.850    28.646     0.000    92.841    28.785     0.000    92.845    28.922     0.000
    92.869    29.055     0.000    92.886    29.108     0.000    92.908    29.160     0.000    92.933    29.212     0.000
    92.960    29.262     0.000    92.990    29.313     0.000    93.022    29.363     0.000    93.054    29.413     0.000

0 1
    93.075    29.499     0.000
5 92
   113.391    20.619     0.000   113.259    20.678     0.000   113.126    20.737     0.000   112.993    20.794     0.000
   112.858    20.851     0.000   112.722    20.905     0.000   112.585    20.958     0.000   112.446    21.008     0.000
   112.281    21.062     0.000   112.113    21.111     0.000   111.944    21.152     0.000   111.773    21.183     0.000
   111.601    21.203     0.000   111.428    21.210     0.000   111.256    21.202     0.000   111.139    21.187     0.000
   111.024    21.165     0.000   110.910    21.136     0.000   110.799    21.099     0.000   110.690    21.056     0.000
   110.585    21.006     0.000   110.484    20.951     0.000   110.380    20.884     0.000   110.281    20.812     0.000
   110.186    20.736     0.000   110.094    20.657     0.000   110.003    20.576     0.000   109.912    20.494     0.000
   109.822    20.414     0.000   109.732    20.336     0.000   109.642    20.259     0.000   109.554    20.180     0.000
   109.467    20.099     0.000   109.385    20.014     0.000   109.307    19.924     0.000   109.236    19.826     0.000
   109.172    19.719     0.000   109.117    19.607     0.000   109.075    19.490     0.000   109.046    19.372     0.000
   109.033    19.255     0.000   109.037    19.142     0.000   109.062    19.034     0.000   109.101    18.948     0.000
   109.152    18.867     0.000   109.214    18.790     0.000   109.284    18.716     0.000   109.360    18.644     0.000
   109.438    18.572     0.000   109.516    18.500     0.000   109.594    18.425     0.000   109.671    18.351     0.000
   109.747    18.279     0.000   109.825    18.210     0.000   109.905    18.148     0.000   109.989    18.093     0.000
   110.078    18.048     0.000   110.178    18.012     0.000   110.283    17.988     0.000   110.392    17.974     0.000
   110.503    17.970     0.000   110.616    17.975     0.000   110.728    17.988     0.000   110.838    18.009     0.000
   110.986    18.050     0.000   111.128    18.102     0.000   111.266    18.163     0.000   111.399    18.232     0.000
   111.530    18.307     0.000   111.660    18.385     0.000   111.788    18.465     0.000   111.990    18.530     0.000
   112.189    18.603     0.000   112.380    18.688     0.000   112.561    18.784     0.000   112.729    18.894     0.000
   112.881    19.020     0.000   113.013    19.162     0.000   113.118    19.311     0.000   113.204    19.475     0.000
   113.273    19.648     0.000   113.327    19.830     0.000   113.367    20.016     0.000   113.394    20.204     0.000
   113.410    20.391     0.000   113.411    20.414     0.000   113.413    20.437     0.000   113.414    20.460     0.000
   113.415    20.483     0.000   113.416    20.505     0.000   113.416    20.528     0.000   113.417    20.551     0.000

0 1
   113.391    20.619     0.000
2 363
   109.511    34.668     0.000   109.653    34.710     0.000   109.796    34.751     0.000   109.938    34.791     0.000
   110.082    34.829     0.000   110.226    34.865     0.000   110.371    34.899     0.000   110.517    34.929     0.000
   110.622    34.949     0.000   110.728    34.967     0.000   110.835    34.984     0.000   110.941    35.000     0.000
   111.048    35.014     0.000   111.156    35.028     0.000   111.263    35.042     0.000   111.428    35.062     0.000
   111.593    35.083     0.000   111.757    35.104     0.000   111.921    35.127     0.000   112.084    35.153     0.000
   112.246    35.182     0.000   112.407    35.215     0.000   112.536    35.245     0.000   112.665    35.277     0.000
   112.793    35.310     0.000   112.923    35.343     0.000   113.053    35.374     0.000   113.186    35.403     0.000
   113.320    35.428     0.000   113.406    35.441     0.000   113.492    35.451     0.000   113.579    35.458     0.000
   113.665    35.461     0.000   113.750    35.459     0.000   113.834    35.450     0.000   113.916    35.436     0.000
   113.972    35.421     0.000   114.028    35.403     0.000   114.082    35.383     0.000   114.136    35.360     0.000
   114.189    35.336     0.000   114.242    35.311     0.000   114.294    35.285     0.000   114.406    35.272     0.000
   114.517    35.261     0.000   114.517    35.261     0.000   114.571    35.235     0.000   114.624    35.210     0.000
   114.678    35.186     0.000   114.733    35.163     0.000   114.788    35.144     0.000   114.843    35.127     0.000
   114.900    35.114     0.000   114.993    35.102     0.000   115.089    35.098     0.000   115.187    35.102     0.000
   115.285    35.111     0.000   115.385    35.123     0.000   115.486    35.134     0.000   115.586    35.144     0.000
   115.747    35.153     0.000   115.907    35.154     0.000   116.066    35.151     0.000   116.224    35.145     0.000
   116.381    35.140     0.000   116.536    35.138     0.000   116.691    35.142     0.000   116.816    35.151     0.000
   116.940    35.165     0.000   117.065    35.181     0.000   117.191    35.197     0.000   117.319    35.213     0.000
   117.448    35.226     0.000   117.580    35.235     0.000   117.701    35.238     0.000   117.823    35.234     0.000
   117.943    35.222     0.000   118.059    35.200     0.000   118.170    35.166     0.000   118.272    35.119     0.000
   118.363    35.058     0.000   118.433    34.992     0.000   118.491    34.917     0.000   118.537    34.836     0.000
   118.570    34.751     0.000   118.586    34.666     0.000   118.585    34.584     0.000   118.566    34.506     0.000
   118.528    34.438     0.000   118.474    34.377     0.000   118.408    34.320     0.000   118.332    34.267     0.000
   118.250    34.216     0.000   118.166    34.165     0.000   118.082    34.113     0.000   117.945    34.019     0.000
   117.817    33.920     0.000   117.694    33.822     0.000   117.572    33.727     0.000   117.448    33.639     0.000
   117.318    33.561     0.000   117.178    33.497     0.000   117.100    33.470     0.000   117.020    33.446     0.000
   116.937    33.425     0.000   116.854    33.405     0.000   116.769    33.386     0.000   116.685    33.366     0.000
   116.601    33.344     0.000   116.471    33.304     0.000   116.344    33.258     0.000   116.220    33.207     0.000
   116.099    33.152     0.000   115.979    33.094     0.000   115.861    33.035     0.000   115.743    32.975     0.000
   115.618    32.913     0.000   115.494    32.850     0.000   115.371    32.787     0.000   115.248    32.723     0.000
   115.127    32.657     0.000   115.006    32.589     0.000   114.888    32.517     0.000   114.780    32.448     0.000
   114.673    32.378     0.000   114.566    32.308     0.000   114.458    32.241     0.000   114.347    32.179     0.000
   114.234    32.125     0.000   114.116    32.079     0.000   113.964    32.036     0.000   113.807    32.006     0.000
   113.646    31.984     0.000   113.482    31.965     0.000   113.319    31.944     0.000   113.158    31.919     0.000
   113.001    31.884     0.000   112.884    31.848     0.000   112.770    31.805     0.000   112.658    31.757     0.000
   112.547    31.705     0.000   112.438    31.651     0.000   112.328    31.596     0.000   112.218    31.543     0.000
   112.087    31.484     0.000   111.954    31.428     0.000   111.820    31.375     0.000   111.685    31.326     0.000
   111.550    31.278     0.000   111.414    31.234     0.000   111.279    31.191     0.000   111.195    31.166     0.000
   111.112    31.141     0.000   111.027    31.116     0.000   110.942    31.092     0.000   110.855    31.068     0.000
   110.767    31.044     0.000   110.676    31.020     0.000   110.570    30.992     0.000   110.463    30.962     0.000
   110.360    30.927     0.000   110.264    30.886     0.000   110.178    30.837     0.000   110.106    30.777     0.000
   110.051    30.706     0.000   110.023    30.646     0.000   110.006    30.581     0.000   109.999    30.513     0.000
   110.002    30.445     0.000   110.015    30.378     0.000   110.036    30.314     0.000   110.067    30.257     0.000
   110.182    30.143     0.000   110.339    30.068     0.000   110.523    30.016     0.000   110.721    29.976     0.000
   110.919    29.933     0.000   111.101    29.877     0.000   111.253    29.793     0.000   111.310    29.742     0.000
   111.358    29.684     0.000   111.400    29.620     0.000   111.435    29.551     0.000   111.464    29.479     0.000
   111.490    29.403     0.000   111.513    29.327     0.000   111.542    29.210     0.000   111.566    29.093     0.000
   111.581    28.978     0.000   111.586    28.864     0.000   111.581    28.753     0.000   111.562    28.646     0.000
   111.529    28.544     0.000   111.463    28.418     0.000   111.375    28.300     0.000   111.268    28.190     0.000
   111.146    28.086     0.000   111.014    27.989     0.000   110.876    27.897     0.000   110.736    27.810     0.000
   110.600    27.729     0.000   110.465    27.650     0.000   110.331    27.574     0.000   110.198    27.499     0.000
   110.065    27.425     0.000   109.931    27.351     0.000   109.797    27.275     0.000   109.675    27.207     0.000
   109.552    27.139     0.000   109.428    27.073     0.000   109.302    27.013     0.000   109.173    26.960     0.000
   109.043    26.917     0.000   108.909    26.885     0.000   108.794    26.867     0.000   108.677    26.858     0.000
   108.559    26.854     0.000   108.440    26.853     0.000   108.320    26.854     0.000   108.199    26.853     0.000
   108.078    26.849     0.000   107.907    26.835     0.000   107.736    26.814     0.000   107.567    26.789     0.000
   107.399    26.763     0.000   107.232    26.741     0.000   107.067    26.726     0.000   106.904    26.722     0.000
   106.812    26.725     0.000   106.719    26.731     0.000   106.626    26.740     0.000   106.531    26.749     0.000
   106.435    26.757     0.000   106.335    26.764     0.000   106.232    26.768     0.000   106.161    26.769     0.000
   106.089    26.769     0.000   106.019    26.772     0.000   105.952    26.778     0.000   105.889    26.791     0.000
   105.832    26.812     0.000   105.784    26.842     0.000   105.756    26.869     0.000   105.733    26.901     0.000
   105.713    26.936     0.000   105.698    26.974     0.000   105.686    27.015     0.000   105.677    27.056     0.000
   105.671    27.098     0.000   105.669    27.163     0.000   105.674    27.227     0.000   105.686    27.290     0.000
   105.705    27.350     0.000   105.729    27.408     0.000   105.758    27.465     0.000   105.793    27.518     0.000
   105.841    27.580     0.000   105.893    27.639     0.000   105.950    27.696     0.000   106.008    27.752     0.000
   106.067    27.807     0.000   106.124    27.863     0.000   106.179    27.921     0.000   106.231    27.982     0.000
   106.279    28.045     0.000   106.325    28.110     0.000   106.369    28.176     0.000   106.413    28.242     0.000
   106.456    28.307     0.000   106.502    28.372     0.000   106.567    28.460     0.000   106.635    28.546     0.000
   106.703    28.632     0.000   106.770    28.719     0.000   106.834    28.809     0.000   106.893    28.903     0.000
   106.945    29.002     0.000   106.970    29.058     0.000   106.993    29.113     0.000   107.017    29.168     0.000
   107.043    29.221     0.000   107.073    29.271     0.000   107.107    29.315     0.000   107.147    29.353     0.000
   107.216    29.395     0.000   107.295    29.426     0.000   107.382    29.451     0.000   107.472    29.474     0.000
   107.562    29.499     0.000   107.648    29.531     0.000   107.726    29.575     0.000   107.762    29.604     0.000
   107.795    29.637     0.000   107.823    29.673     0.000   107.846    29.711     0.000   107.863    29.751     0.000
   107.874    29.793     0.000   107.877    29.835     0.000   107.873    29.876     0.000   107.863    29.917     0.000
   107.847    29.956     0.000   107.825    29.993     0.000   107.798    30.028     0.000   107.768    30.061     0.000
   107.734    30.089     0.000   107.673    30.128     0.000   107.606    30.158     0.000   107.534    30.182     0.000
   107.460    30.202     0.000   107.385    30.221     0.000   107.310    30.242     0.000   107.237    30.267     0.000
   107.180    30.291     0.000   107.127    30.320     0.000   107.076    30.352     0.000   107.029    30.388     0.000
   106.985    30.428     0.000   106.946    30.470     0.000   106.912    30.514     0.000   106.894    30.542     0.000
   106.878    30.570     0.000   106.863    30.599     0.000   106.849    30.628     0.000   106.836    30.657     0.000
   106.824    30.687     0.000   106.811    30.717     0.000   106.783    30.797     0.000   106.759    30.878     0.000
   106.719    31.038     0.000   106.690    31.197     0.000   106.672    31.353     0.000   106.662    31.508     0.000
   106.661    31.662     0.000   106.668    31.816     0.000   106.681    31.970     0.000   106.698    32.109     0.000
   106.721    32.248     0.000   106.749    32.388     0.000   106.782    32.527     0.000   106.823    32.666     0.000
   106.870    32.805     0.000   106.924    32.943     0.000   106.978    33.064     0.000   107.040    33.184     0.000
   107.108    33.300     0.000   107.184    33.412     0.000   107.270    33.517     0.000   107.364    33.615     0.000
   107.468    33.703     0.000   107.615    33.801     0.000   107.775    33.885     0.000   107.945    33.960     0.000
   108.122    34.027     0.000   108.303    34.092     0.000   108.484    34.157     0.000   108.661    34.227     0.000
   108.772    34.274     0.000   108.880    34.325     0.000   108.987    34.377     0.000   109.092    34.431     0.000
   109.196    34.487     0.000   109.300    34.543     0.000   109.403    34.600     0.000
10 2
   109.511    34.668     0.000   109.403    34.600     0.000
2 118
   107.475    28.383     0.000   107.456    28.374     0.000   107.456    28.374     0.000   107.417    28.350     0.000
   107.378    28.326     0.000   107.341    28.301     0.000   107.341    28.301     0.000   107.270    28.264     0.000
   107.202    28.225     0.000   107.137    28.183     0.000   107.079    28.138     0.000   107.029    28.087     0.000
   106.989    28.028     0.000   106.961    27.962     0.000   106.950    27.916     0.000   106.946    27.867     0.000
   106.948    27.819     0.000   106.956    27.773     0.000   106.971    27.731     0.000   106.993    27.694     0.000
   107.022    27.666     0.000   107.056    27.647     0.000   107.095    27.636     0.000   107.138    27.631     0.000
   107.185    27.630     0.000   107.234    27.634     0.000   107.284    27.639     0.000   107.334    27.646     0.000
   107.459    27.666     0.000   107.577    27.688     0.000   107.690    27.714     0.000   107.798    27.744     0.000
   107.902    27.781     0.000   108.000    27.825     0.000   108.000    27.825     0.000   108.030    27.842     0.000
   108.059    27.858     0.000   108.089    27.874     0.000   108.119    27.890     0.000   108.148    27.905     0.000
   108.178    27.918     0.000   108.209    27.930     0.000   108.266    27.949     0.000   108.325    27.962     0.000
   108.386    27.971     0.000   108.449    27.976     0.000   108.515    27.978     0.000   108.585    27.977     0.000
   108.659    27.974     0.000   108.714    27.972     0.000   108.769    27.970     0.000   108.822    27.970     0.000
   108.872    27.973     0.000   108.916    27.981     0.000   108.952    27.994     0.000   108.978    28.015     0.000
   108.992    28.042     0.000   108.998    28.076     0.000   108.997    28.115     0.000   108.991    28.158     0.000
   108.984    28.202     0.000   108.978    28.248     0.000   108.974    28.292     0.000   108.976    28.342     0.000
   108.983    28.390     0.000   108.993    28.436     0.000   109.004    28.481     0.000   109.013    28.526     0.000
   109.019    28.573     0.000   109.019    28.621     0.000   109.012    28.664     0.000   109.000    28.707     0.000
   108.982    28.749     0.000   108.958    28.788     0.000   108.930    28.821     0.000   108.896    28.848     0.000
   108.858    28.867     0.000   108.823    28.876     0.000   108.785    28.879     0.000   108.747    28.879     0.000
   108.707    28.878     0.000   108.668    28.878     0.000   108.629    28.880     0.000   108.591    28.885     0.000
   108.561    28.895     0.000   108.532    28.907     0.000   108.504    28.922     0.000   108.476    28.937     0.000
   108.448    28.952     0.000   108.419    28.966     0.000   108.390    28.977     0.000   108.365    28.984     0.000
   108.340    28.988     0.000   108.314    28.990     0.000   108.288    28.992     0.000   108.261    28.992     0.000
   108.234    28.991     0.000   108.207    28.990     0.000   108.119    28.981     0.000   108.032    28.963     0.000
   107.954    28.937     0.000   107.882    28.905     0.000   107.817    28.865     0.000   107.759    28.820     0.000
   107.711    28.769     0.000   107.672    28.714     0.000   107.643    28.654     0.000   107.635    28.628     0.000
   107.628    28.602     0.000   107.623    28.576     0.000   107.618    28.549     0.000   107.615    28.522     0.000
   107.612    28.494     0.000   107.609    28.467     0.000   107.573    28.458     0.000   107.538    28.448     0.000
   107.532    28.444     0.000   107.527    28.439     0.000
25 1
   107.475    28.383     0.000
2 75
   110.042    33.344     0.000   110.077    33.341     0.000   110.112    33.337     0.000   110.147    33.334     0.000
   110.147    33.334     0.000   110.208    33.349     0.000   110.269    33.364     0.000   110.331    33.377     0.000
   110.393    33.387     0.000   110.455    33.394     0.000   110.517    33.398     0.000   110.580    33.396     0.000
   110.648    33.388     0.000   110.715    33.374     0.000   110.780    33.354     0.000   110.842    33.328     0.000
   110.899    33.296     0.000   110.951    33.258     0.000   110.995    33.214     0.000   111.022    33.178     0.000
   111.044    33.140     0.000   111.061    33.100     0.000   111.073    33.058     0.000   111.078    33.016     0.000
   111.077    32.973     0.000   111.070    32.931     0.000   111.056    32.889     0.000   111.035    32.848     0.000
   111.009    32.810     0.000   110.978    32.775     0.000   110.943    32.744     0.000   110.905    32.717     0.000
   110.864    32.695     0.000   110.775    32.669     0.000   110.680    32.663     0.000   110.580    32.672     0.000
   110.477    32.690     0.000   110.372    32.713     0.000   110.266    32.735     0.000   110.162    32.751     0.000
   110.069    32.757     0.000   109.979    32.757     0.000   109.889    32.754     0.000   109.798    32.749     0.000
   109.708    32.746     0.000   109.615    32.748     0.000   109.521    32.757     0.000   109.482    32.764     0.000
   109.444    32.772     0.000   109.407    32.782     0.000   109.373    32.795     0.000   109.341    32.811     0.000
   109.314    32.830     0.000   109.291    32.852     0.000   109.270    32.887     0.000   109.259    32.925     0.000
   109.255    32.967     0.000   109.260    33.009     0.000   109.271    33.052     0.000   109.290    33.092     0.000
   109.315    33.128     0.000   109.345    33.158     0.000   109.380    33.184     0.000   109.419    33.205     0.000
   109.461    33.223     0.000   109.505    33.238     0.000   109.551    33.251     0.000   109.597    33.263     0.000
   109.655    33.277     0.000   109.713    33.290     0.000   109.771    33.302     0.000   109.829    33.314     0.000
   109.886    33.325     0.000   109.943    33.335     0.000   110.000    33.346     0.000
25 1
   110.042    33.344     0.000
5 134
   123.481    29.329     0.000   123.443    29.348     0.000   123.404    29.368     0.000   123.366    29.387     0.000
   123.327    29.406     0.000   123.288    29.424     0.000   123.248    29.442     0.000   123.209    29.458     0.000
   123.086    29.501     0.000   122.959    29.535     0.000   122.829    29.561     0.000   122.696    29.581     0.000
   122.562    29.596     0.000   122.562    29.596     0.000   122.462    29.595     0.000   122.363    29.593     0.000
   122.264    29.589     0.000   122.166    29.581     0.000   122.069    29.568     0.000   121.974    29.549     0.000
   121.880    29.523     0.000   121.805    29.495     0.000   121.732    29.463     0.000   121.662    29.425     0.000
   121.596    29.383     0.000   121.534    29.337     0.000   121.477    29.287     0.000   121.426    29.233     0.000
   121.347    29.125     0.000   121.284    29.008     0.000   121.233    28.886     0.000   121.188    28.760     0.000
   121.143    28.634     0.000   121.092    28.509     0.000   121.031    28.389     0.000   120.977    28.305     0.000
   120.917    28.223     0.000   120.856    28.143     0.000   120.796    28.062     0.000   120.741    27.981     0.000
   120.695    27.896     0.000   120.660    27.809     0.000   120.640    27.727     0.000   120.632    27.643     0.000
   120.635    27.557     0.000   120.647    27.470     0.000   120.668    27.385     0.000   120.698    27.301     0.000
   120.735    27.221     0.000   120.816    27.090     0.000   120.911    26.969     0.000   121.016    26.854     0.000
   121.124    26.743     0.000   121.229    26.631     0.000   121.325    26.518     0.000   121.406    26.398     0.000
   121.495    26.196     0.000   121.540    25.977     0.000   121.548    25.747     0.000   121.528    25.510     0.000
   121.485    25.272     0.000   121.428    25.035     0.000   121.363    24.805     0.000   121.302    24.602     0.000
   121.240    24.406     0.000   121.176    24.213     0.000   121.112    24.021     0.000   121.046    23.826     0.000
   120.978    23.625     0.000   120.908    23.415     0.000   120.854    23.249     0.000   120.806    23.080     0.000
   120.769    22.912     0.000   120.750    22.748     0.000   120.755    22.592     0.000   120.790    22.448     0.000
   120.862    22.320     0.000   120.913    22.262     0.000   120.973    22.210     0.000   121.041    22.163     0.000
   121.116    22.122     0.000   121.195    22.086     0.000   121.277    22.057     0.000   121.362    22.034     0.000
   121.497    22.011     0.000   121.632    22.004     0.000   121.766    22.011     0.000   121.899    22.030     0.000
   122.030    22.060     0.000   122.158    22.100     0.000   122.283    22.149     0.000   122.363    22.185     0.000
   122.442    22.223     0.000   122.519    22.264     0.000   122.595    22.307     0.000   122.671    22.350     0.000
   122.745    22.395     0.000   122.820    22.440     0.000   123.117    22.929     0.000   123.338    23.514     0.000
   123.505    24.161     0.000   123.640    24.839     0.000   123.766    25.513     0.000   123.864    25.999     0.000
   123.957    26.466     0.000   123.957    26.466     0.000   123.975    26.542     0.000   123.992    26.619     0.000
   124.010    26.695     0.000   124.028    26.772     0.000   124.047    26.849     0.000   124.065    26.925     0.000
   124.084    27.002     0.000   124.101    27.069     0.000   124.118    27.137     0.000   124.135    27.205     0.000
   124.150    27.273     0.000   124.164    27.341     0.000   124.177    27.410     0.000   124.188    27.479     0.000
   124.203    27.626     0.000   124.206    27.774     0.000   124.199    27.922     0.000   124.181    28.069     0.000
   124.152    28.215     0.000   124.111    28.358     0.000   124.059    28.498     0.000   124.004    28.618     0.000
   123.940    28.734     0.000   123.870    28.848     0.000   123.795    28.960     0.000   123.715    29.071     0.000
   123.633    29.180     0.000   123.549    29.289     0.000
0 1
   123.481    29.329     0.000
4 50
    74.489    40.650     0.000    74.584    40.707     0.000    74.679    40.760     0.000    74.776    40.808     0.000
    74.874    40.847     0.000    74.974    40.874     0.000    75.076    40.886     0.000    75.182    40.881     0.000
    75.260    40.865     0.000    75.337    40.840     0.000    75.410    40.806     0.000    75.477    40.765     0.000
    75.533    40.718     0.000    75.578    40.668     0.000    75.607    40.614     0.000    75.620    40.547     0.000
    75.610    40.479     0.000    75.583    40.411     0.000    75.541    40.342     0.000    75.488    40.275     0.000
    75.429    40.209     0.000    75.366    40.146     0.000    75.219    40.013     0.000    75.069    39.896     0.000
    74.912    39.793     0.000    74.744    39.703     0.000    74.560    39.622     0.000    74.356    39.548     0.000
    74.127    39.479     0.000    73.968    39.437     0.000    73.804    39.399     0.000    73.642    39.370     0.000
    73.491    39.354     0.000    73.357    39.354     0.000    73.247    39.374     0.000    73.168    39.418     0.000
    73.126    39.487     0.000    73.117    39.577     0.000    73.137    39.681     0.000    73.181    39.793     0.000
    73.245    39.908     0.000    73.325    40.019     0.000    73.418    40.120     0.000    73.528    40.213     0.000
    73.646    40.289     0.000    73.770    40.351     0.000    73.900    40.403     0.000    74.034    40.446     0.000
    74.170    40.483     0.000    74.308    40.518     0.000
0 1
    74.489    40.650     0.000
4 85
   101.061    38.616     0.000   101.206    38.589     0.000   101.349    38.559     0.000   101.487    38.526     0.000
   101.619    38.486     0.000   101.741    38.439     0.000   101.853    38.381     0.000   101.951    38.311     0.000
   102.019    38.246     0.000   102.077    38.172     0.000   102.126    38.093     0.000   102.165    38.009     0.000
   102.196    37.922     0.000   102.219    37.833     0.000   102.233    37.743     0.000   102.238    37.675     0.000
   102.239    37.607     0.000   102.234    37.540     0.000   102.224    37.474     0.000   102.208    37.409     0.000
   102.185    37.346     0.000   102.156    37.283     0.000   102.128    37.234     0.000   102.095    37.186     0.000
   102.058    37.141     0.000   102.018    37.097     0.000   101.973    37.057     0.000   101.924    37.021     0.000
   101.872    36.988     0.000   101.720    36.924     0.000   101.550    36.890     0.000   101.369    36.883     0.000
   101.183    36.900     0.000   100.997    36.940     0.000   100.818    37.000     0.000   100.653    37.078     0.000
   100.426    37.231     0.000   100.237    37.412     0.000   100.072    37.607     0.000    99.919    37.804     0.000
    99.766    37.992     0.000    99.601    38.158     0.000    99.412    38.290     0.000    99.209    38.373     0.000
    98.982    38.429     0.000    98.736    38.472     0.000    98.479    38.516     0.000    98.215    38.573     0.000
    97.951    38.656     0.000    97.693    38.781     0.000    97.542    38.880     0.000    97.402    38.993     0.000
    97.280    39.114     0.000    97.184    39.234     0.000    97.122    39.349     0.000    97.100    39.452     0.000
    97.127    39.536     0.000    97.201    39.594     0.000    97.318    39.632     0.000    97.466    39.652     0.000
    97.638    39.659     0.000    97.823    39.653     0.000    98.012    39.639     0.000    98.197    39.619     0.000
    98.346    39.599     0.000    98.485    39.576     0.000    98.616    39.549     0.000    98.739    39.517     0.000
    98.854    39.479     0.000    98.964    39.434     0.000    99.068    39.380     0.000    99.209    39.289     0.000
    99.343    39.185     0.000    99.475    39.075     0.000    99.607    38.966     0.000    99.743    38.863     0.000
    99.887    38.773     0.000   100.041    38.703     0.000   100.157    38.668     0.000   100.279    38.644     0.000
   100.406    38.628     0.000   100.537    38.620     0.000   100.671    38.617     0.000   100.807    38.618     0.000
   100.945    38.620     0.000
0 1
   101.061    38.616     0.000
2 50
   108.191    32.533     0.000   108.270    32.542     0.000   108.347    32.548     0.000   108.421    32.551     0.000
   108.489    32.548     0.000   108.551    32.538     0.000   108.604    32.519     0.000   108.647    32.489     0.000
   108.667    32.466     0.000   108.684    32.438     0.000   108.696    32.408     0.000   108.706    32.375     0.000
   108.713    32.340     0.000   108.718    32.304     0.000   108.722    32.268     0.000   108.724    32.211     0.000
   108.721    32.154     0.000   108.714    32.100     0.000   108.702    32.048     0.000   108.683    32.000     0.000
   108.657    31.957     0.000   108.624    31.918     0.000   108.568    31.877     0.000   108.500    31.846     0.000
   108.424    31.826     0.000   108.340    31.816     0.000   108.253    31.817     0.000   108.165    31.828     0.000
   108.079    31.849     0.000   107.983    31.888     0.000   107.896    31.938     0.000   107.821    31.999     0.000
   107.762    32.068     0.000   107.721    32.142     0.000   107.702    32.220     0.000   107.708    32.300     0.000
   107.720    32.336     0.000   107.737    32.371     0.000   107.759    32.404     0.000   107.785    32.434     0.000
   107.815    32.460     0.000   107.849    32.481     0.000   107.885    32.497     0.000   107.912    32.505     0.000
   107.940    32.510     0.000   107.968    32.512     0.000   107.997    32.513     0.000   108.027    32.512     0.000
   108.056    32.511     0.000   108.087    32.509     0.000
25 1
   108.191    32.533     0.000
STATION_SITUATION
51053 0
51057 0
51059 0
51060 0
51076 0
51133 0
51701 0
51804 0
51811 0
51814 0
51815 0
51818 0
52633 0
52643 0
52645 0
52656 0
52657 0
52674 0
52765 0
52862 0
52968 0
52978 0
52982 0
52985 0
52986 0
52988 0
52993 0
52995 0
52996 0
52998 0
53567 0
53574 0
53575 0
53576 0
53577 0
53578 0
53579 0
53580 0
53584 0
53585 0
53588 0
53646 0
53651 0
53658 0
53659 0
53660 0
53662 0
53663 0
53664 0
53665 0
53666 0
53669 0
53673 0
53674 0
53676 0
53677 0
53678 0
53679 0
53681 0
53685 0
53687 0
53693 0
53698 0
53735 0
53738 0
53740 0
53748 0
53750 0
53751 0
53753 0
53754 0
53756 0
53757 0
53759 0
53760 0
53763 0
53764 0
53767 0
53768 0
53769 0
53770 0
53771 0
53772 0
53773 0
53774 0
53775 0
53776 0
53777 0
53778 0
53780 0
53781 0
53782 0
53783 0
53784 0
53785 0
53786 0
53787 0
53788 0
53790 0
53791 0
53792 0
53793 0
53794 0
53795 0
53796 0
53797 0
53798 0
53799 0
53806 0
53817 0
53821 0
53829 0
53832 0
53833 0
53841 0
53845 0
53848 0
53850 0
53852 0
53853 0
53854 0
53856 0
53857 0
53859 0
53860 0
53861 0
53862 0
53863 0
53864 0
53865 0
53866 0
53868 0
53869 0
53871 0
53872 0
53873 0
53874 0
53875 0
53877 0
53878 0
53879 0
53880 0
53882 0
53884 0
53885 0
53886 0
53888 0
53889 0
53890 0
53891 0
53892 0
53893 0
53894 0
53895 0
53896 0
53897 0
53898 0
53899 0
53903 0
53906 0
53908 0
53910 0
53914 0
53915 0
53916 0
53917 0
53923 0
53924 0
53925 0
53926 0
53927 0
53928 0
53929 0
53930 0
53931 0
53934 0
53935 0
53937 0
53938 0
53941 0
53942 0
53944 0
53945 0
53946 0
53947 0
53948 0
53949 0
53950 0
53953 0
53954 0
53955 0
53956 0
53957 0
53958 0
53959 0
53961 0
53962 0
53963 0
53964 0
53965 0
53966 0
53967 0
53968 0
53970 0
53972 10
53973 0
53974 0
53975 0
53976 0
53978 10
53979 10
53980 0
53981 0
53982 10
53983 10
53984 10
53985 10
53986 10
53987 10
53988 10
53989 10
53990 0
53991 0
53992 0
53993 0
53994 0
53995 0
53996 0
53997 10
53998 10
54631 0
54632 0
54640 0
54706 0
54800 0
54801 0
54802 0
54803 0
54804 0
54805 0
54806 0
54807 0
54808 0
54809 0
54810 0
54814 0
54815 0
54816 0
54817 0
54818 0
54819 0
54820 0
54825 0
54826 0
54827 0
54828 0
54835 0
54836 0
54839 0
54844 0
54848 0
54857 0
54900 0
54901 0
54902 0
54903 0
54904 0
54905 0
54906 0
54907 10
54908 0
54909 10
54910 0
54911 0
54912 0
54913 0
54914 0
54915 0
54916 0
54917 10
54918 0
54919 0
54920 0
54921 0
54922 0
54923 0
54925 0
54927 10
54929 0
54932 0
54935 0
54936 0
54938 10
54939 0
54940 0
54943 0
54945 0
56016 0
56021 0
56029 0
56034 0
56038 0
56041 0
56043 0
56045 0
56046 0
56065 0
56067 0
56071 0
56074 0
56079 0
56080 0
56081 0
56082 0
56084 0
56091 0
56092 0
56093 0
56094 0
56095 0
56106 0
56109 0
56116 0
56151 0
56181 0
56186 0
56187 0
56188 0
56189 0
56190 0
56194 0
56195 0
56196 0
56197 0
56198 0
56199 0
56202 0
56223 0
56227 0
56272 0
56273 0
56276 0
56278 0
56279 0
56280 0
56281 0
56284 0
56285 0
56286 0
56287 0
56288 0
56290 0
56291 0
56294 0
56295 0
56296 0
56297 0
56298 0
56312 0
56317 0
56373 0
56376 0
56380 0
56381 0
56382 0
56383 0
56384 0
56385 0
56386 0
56387 0
56389 0
56390 0
56391 0
56393 0
56394 0
56395 0
56396 0
56434 0
56444 0
56473 0
56480 0
56483 0
56485 0
56487 0
56489 0
56490 0
56491 0
56492 0
56493 0
56494 0
56495 0
56496 0
56497 0
56498 0
56499 0
56533 0
56548 0
56582 0
56584 0
56585 0
56586 0
56592 0
56593 0
56594 0
56595 0
56596 0
56598 0
56641 0
56643 0
56645 0
56691 0
56693 0
56697 0
56741 0
56790 0
56792 0
56793 0
56889 0
56891 0
56976 0
56977 0
56978 0
56984 0
56985 0
56986 0
56987 0
56989 0
56991 0
56992 0
56994 0
56995 0
56996 0
57001 0
57002 0
57003 0
57004 0
57006 0
57007 0
57008 0
57011 0
57012 0
57014 0
57016 0
57020 0
57021 0
57022 0
57023 0
57024 0
57025 0
57026 0
57027 0
57028 0
57029 0
57030 0
57031 0
57032 0
57033 0
57034 0
57035 0
57036 10
57037 0
57038 0
57039 10
57040 0
57041 0
57042 0
57043 0
57044 10
57045 10
57046 10
57047 10
57048 0
57049 10
57051 10
57052 10
57053 10
57054 10
57055 10
57056 10
57057 10
57060 0
57061 10
57063 10
57065 10
57066 10
57067 10
57070 10
57071 10
57072 10
57073 10
57074 10
57075 10
57076 10
57077 10
57078 10
57079 10
57080 10
57081 10
57082 10
57083 10
57085 10
57086 10
57087 10
57088 10
57089 10
57090 10
57091 10
57093 10
57094 10
57095 10
57096 10
57097 10
57098 10
57099 10
57102 0
57105 0
57106 0
57110 0
57111 0
57113 0
57119 0
57124 0
57126 10
57127 0
57128 10
57129 10
57132 10
57134 10
57137 10
57140 10
57143 10
57144 10
57153 10
57154 10
57155 10
57156 10
57162 10
57169 10
57171 10
57173 10
57175 10
57176 10
57177 10
57178 10
57179 10
57180 10
57181 10
57182 10
57183 10
57184 10
57185 10
57186 10
57187 10
57188 10
57189 10
57190 10
57191 10
57192 10
57193 10
57194 10
57195 10
57196 10
57197 10
57198 10
57204 0
57206 0
57208 0
57211 0
57213 0
57216 10
57217 0
57231 25
57232 10
57233 10
57237 25
57238 10
57242 25
57245 10
57247 10
57248 10
57249 10
57251 25
57253 25
57254 25
57256 10
57257 10
57259 10
57260 10
57261 10
57265 10
57268 10
57271 10
57273 10
57274 10
57277 10
57278 10
57279 10
57281 10
57285 10
57289 10
57290 10
57292 10
57293 10
57294 10
57295 10
57296 0
57297 10
57298 0
57299 0
57303 0
57304 0
57306 0
57307 0
57308 0
57309 0
57313 10
57314 0
57315 0
57317 0
57318 0
57320 10
57324 10
57326 10
57328 10
57329 10
57333 10
57338 10
57339 10
57343 10
57345 10
57348 10
57349 10
57355 10
57358 0
57359 10
57361 10
57362 10
57363 10
57368 0
57370 10
57377 0
57378 0
57381 0
57385 0
57387 0
57388 0
57389 0
57390 0
57395 0
57396 0
57398 0
57399 0
57401 0
57402 0
57405 0
57407 0
57408 0
57409 0
57411 0
57413 10
57414 0
57415 0
57416 0
57417 0
57420 10
57425 10
57426 10
57431 10
57432 10
57437 10
57438 10
57439 10
57445 10
57447 10
57451 0
57453 0
57458 0
57460 0
57461 0
57462 0
57464 0
57465 0
57466 0
57469 0
57474 0
57475 0
57476 0
57477 0
57481 0
57482 0
57483 0
57485 0
57486 0
57489 0
57491 0
57492 0
57493 0
57494 0
57496 0
57498 0
57499 0
57502 0
57503 0
57504 0
57505 0
57506 0
57507 0
57508 0
57509 10
57510 0
57511 0
57512 0
57513 0
57514 0
57516 0
57517 0
57518 0
57519 10
57520 0
57522 0
57523 0
57525 10
57536 10
57537 10
57540 10
57541 10
57543 10
57544 10
57545 10
57554 10
57558 10
57562 10
57564 10
57565 0
57566 0
57571 0
57573 0
57574 0
57575 0
57577 0
57581 0
57582 0
57583 0
57584 0
57585 0
57586 0
57589 0
57590 0
57595 0
57598 0
57600 0
57602 0
57603 0
57604 0
57605 0
57606 10
57608 0
57609 0
57612 0
57614 0
57622 10
57623 10
57625 10
57633 25
57634 25
57635 25
57636 25
57637 25
57640 10
57642 10
57643 10
57646 10
57647 10
57649 10
57655 10
57657 10
57658 10
57661 10
57662 0
57663 0
57666 0
57669 10
57671 0
57673 0
57674 0
57678 0
57679 0
57680 0
57682 0
57687 0
57688 0
57694 0
57707 0
57708 0
57710 10
57713 10
57714 10
57717 10
57718 10
57719 10
57720 25
57722 25
57723 25
57728 10
57729 10
57730 10
57731 25
57732 25
57734 10
57735 10
57736 10
57737 10
57738 10
57739 10
57740 10
57741 10
57742 10
57743 10
57744 10
57745 10
57746 10
57749 10
57752 10
57754 0
57758 0
57760 0
57761 0
57762 0
57763 0
57766 0
57767 0
57768 0
57769 0
57771 0
57772 0
57773 0
57774 0
57780 0
57800 0
57803 10
57805 0
57806 0
57807 0
57808 0
57809 0
57811 10
57813 0
57814 0
57816 0
57818 0
57821 0
57822 10
57823 10
57824 0
57825 0
57826 0
57827 0
57828 0
57829 0
57832 10
57834 0
57835 0
57837 0
57839 0
57840 0
57841 0
57842 0
57844 0
57845 0
57846 0
57851 0
57853 0
57857 0
57859 0
57860 0
57865 0
57866 0
57867 0
57868 0
57900 0
57902 0
57903 0
57905 0
57906 0
57907 0
57908 0
57909 0
57910 0
57911 0
57912 0
57913 0
57914 0
57915 0
57916 0
57921 0
57922 0
57923 0
57926 0
57927 0
57932 0
57936 0
57941 0
57942 0
57947 0
57948 0
57949 0
57954 0
57955 0
57956 0
57957 0
57958 0
57960 0
57962 0
57964 0
58001 10
58002 10
58003 10
58004 10
58005 10
58006 10
58007 10
58008 10
58009 10
58010 10
58011 10
58012 10
58013 10
58015 10
58016 10
58020 10
58021 10
58022 10
58024 10
58025 10
58026 10
58027 10
58028 10
58030 10
58032 0
58034 10
58035 10
58036 0
58038 0
58040 0
58041 0
58044 0
58045 0
58046 0
58047 0
58048 0
58049 0
58100 10
58101 10
58102 10
58104 10
58107 10
58108 10
58109 10
58111 10
58113 10
58114 10
58116 10
58117 0
58118 0
58122 10
58125 0
58126 0
58127 0
58128 0
58129 0
58130 0
58131 0
58132 0
58135 0
58138 0
58139 0
58140 0
58141 0
58143 0
58144 0
58145 0
58146 0
58147 0
58148 0
58150 0
58151 0
58154 0
58158 0
58202 0
58203 0
58205 0
58207 0
58208 0
58210 0
58212 0
58214 0
58215 0
58220 0
58221 0
58222 0
58223 0
58224 0
58225 0
58230 0
58234 0
58235 0
58236 0
58237 0
58238 0
58239 0
58240 0
58241 0
58242 0
58243 0
58244 0
58245 0
58246 0
58247 0
58248 0
58249 0
58250 0
58251 0
58252 0
58254 0
58255 0
58257 0
58259 0
58264 0
58265 0
58266 0
58268 0
58269 0
58301 0
58305 0
58306 0
58311 0
58314 0
58316 0
58317 0
58320 0
58321 0
58323 0
58326 0
58327 0
58329 0
58330 0
58331 0
58333 0
58334 0
58335 0
58336 0
58338 0
58339 0
58340 0
58341 0
58342 0
58343 0
58344 0
58345 0
58346 0
58349 0
58351 0
58352 0
58353 0
58354 0
58356 0
58357 0
58358 0
58359 0
58360 0
58361 0
58362 0
58364 0
58365 0
58366 0
58367 0
58369 0
58374 0
58376 0
58377 0
58401 0
58402 0
58404 0
58407 0
58408 0
58409 0
58441 0
58442 0
58443 0
58450 0
58451 0
58452 0
58455 0
58456 0
58458 0
58460 0
58461 0
58462 0
58463 0
58464 0
58500 0
58501 0
58503 0
58507 0
58566 0
58568 0
58569 0
58656 0
58664 0
58665 0
58666 0
58667 0
58760 0
58968 0
58969 0
58974 0
59001 0
59004 0
59007 0
59012 0
59015 0
59017 0
59021 0
59022 0
59023 0
59025 0
59027 0
59031 0
59033 0
59034 0
59037 0
59038 0
59041 0
59044 0
59045 0
59046 0
59047 0
59051 0
59055 0
59162 0
59205 0
59209 0
59211 0
59213 0
59215 0
59218 0
59224 0
59230 0
59362 0
59368 0
59399 0
59413 0
59556 0
59562 0
59567 0
59752 0
59754 0
59757 0
59758 0
59842 0
59843 0
59845 0
59847 0
59848 0
59849 0
59851 0
59853 0
59854 0
59855 0
59856 0
59941 0
59945 0
59951 0
59954 0
WEATHER_REGION: 0
FILLAREA: 0
NOTES_SYMBOL: 3
48 108.217 32.215 0 2 30 0 4  12 1 255 0 255 255
48 107.383 27.979 0 2 30 0 4  12 1 255 0 255 255
48 110.097 33.048 0 2 28 0 4  12 1 255 0 255 255
WithProp_LINESYMBOLS: 4
0 4 255 165 43 42 0 0
29
104.689 36.643 0.0
104.761 36.567 0.0
104.831 36.490 0.0
104.898 36.411 0.0
104.961 36.331 0.0
105.017 36.247 0.0
105.066 36.161 0.0
105.106 36.071 0.0
105.135 35.976 0.0
105.154 35.877 0.0
105.161 35.778 0.0
105.156 35.679 0.0
105.138 35.582 0.0
105.108 35.489 0.0
105.064 35.401 0.0
105.000 35.310 0.0
104.922 35.227 0.0
104.835 35.149 0.0
104.740 35.074 0.0
104.643 35.000 0.0
104.545 34.926 0.0
104.451 34.851 0.0
104.263 34.667 0.0
104.105 34.467 0.0
103.973 34.254 0.0
103.861 34.031 0.0
103.765 33.799 0.0
103.680 33.563 0.0
103.600 33.324 0.0
NoLabel 0
0 4 255 255 255 0 0 0
43
96.064 31.156 0.0
96.064 31.121 0.0
96.063 31.087 0.0
96.062 31.052 0.0
96.060 31.017 0.0
96.056 30.983 0.0
96.051 30.948 0.0
96.044 30.913 0.0
96.024 30.846 0.0
95.997 30.780 0.0
95.962 30.717 0.0
95.920 30.657 0.0
95.873 30.602 0.0
95.820 30.553 0.0
95.763 30.511 0.0
95.612 30.444 0.0
95.441 30.414 0.0
95.258 30.409 0.0
95.065 30.421 0.0
94.868 30.436 0.0
94.672 30.445 0.0
94.482 30.437 0.0
94.345 30.414 0.0
94.214 30.377 0.0
94.088 30.329 0.0
93.966 30.271 0.0
93.848 30.206 0.0
93.733 30.135 0.0
93.619 30.061 0.0
93.519 29.993 0.0
93.421 29.923 0.0
93.327 29.850 0.0
93.240 29.774 0.0
93.160 29.694 0.0
93.089 29.608 0.0
93.028 29.517 0.0
93.016 29.494 0.0
93.004 29.471 0.0
92.992 29.447 0.0
92.981 29.423 0.0
92.970 29.400 0.0
92.960 29.376 0.0
92.949 29.352 0.0
NoLabel 0
0 4 255 255 255 0 0 0
134
114.320 39.282 0.0
114.320 39.282 0.0
114.320 39.282 0.0
114.320 39.282 0.0
114.320 39.282 0.0
114.320 39.282 0.0
114.320 39.282 0.0
114.320 39.282 0.0
114.320 39.282 0.0
114.320 39.282 0.0
114.319 39.282 0.0
114.319 39.282 0.0
114.319 39.282 0.0
114.319 39.282 0.0
114.319 39.282 0.0
114.317 39.281 0.0
114.316 39.279 0.0
114.315 39.278 0.0
114.313 39.277 0.0
114.312 39.276 0.0
114.311 39.275 0.0
114.309 39.273 0.0
114.300 39.266 0.0
114.291 39.258 0.0
114.282 39.250 0.0
114.273 39.243 0.0
114.264 39.235 0.0
114.255 39.227 0.0
114.246 39.220 0.0
114.214 39.192 0.0
114.182 39.165 0.0
114.151 39.137 0.0
114.120 39.109 0.0
114.089 39.081 0.0
114.060 39.052 0.0
114.031 39.022 0.0
113.978 38.965 0.0
113.929 38.905 0.0
113.884 38.843 0.0
113.843 38.780 0.0
113.808 38.715 0.0
113.779 38.648 0.0
113.757 38.581 0.0
113.739 38.498 0.0
113.730 38.415 0.0
113.729 38.330 0.0
113.734 38.246 0.0
113.744 38.160 0.0
113.757 38.075 0.0
113.774 37.990 0.0
113.796 37.880 0.0
113.819 37.771 0.0
113.841 37.662 0.0
113.860 37.553 0.0
113.876 37.444 0.0
113.887 37.335 0.0
113.891 37.225 0.0
113.888 37.119 0.0
113.878 37.012 0.0
113.859 36.906 0.0
113.831 36.801 0.0
113.795 36.698 0.0
113.748 36.597 0.0
113.692 36.499 0.0
113.614 36.392 0.0
113.523 36.291 0.0
113.422 36.198 0.0
113.310 36.112 0.0
113.189 36.037 0.0
113.060 35.973 0.0
112.925 35.920 0.0
112.776 35.879 0.0
112.622 35.851 0.0
112.464 35.835 0.0
112.303 35.828 0.0
112.141 35.829 0.0
111.979 35.837 0.0
111.818 35.848 0.0
111.658 35.862 0.0
111.500 35.878 0.0
111.343 35.895 0.0
111.187 35.912 0.0
111.030 35.928 0.0
110.873 35.943 0.0
110.714 35.955 0.0
110.529 35.964 0.0
110.342 35.969 0.0
110.156 35.966 0.0
109.970 35.956 0.0
109.787 35.938 0.0
109.607 35.909 0.0
109.431 35.870 0.0
109.254 35.817 0.0
109.082 35.753 0.0
108.914 35.680 0.0
108.749 35.601 0.0
108.587 35.517 0.0
108.426 35.430 0.0
108.266 35.343 0.0
108.104 35.256 0.0
107.941 35.172 0.0
107.777 35.090 0.0
107.611 35.013 0.0
107.443 34.941 0.0
107.273 34.874 0.0
107.100 34.814 0.0
106.920 34.760 0.0
106.738 34.712 0.0
106.554 34.667 0.0
106.368 34.625 0.0
106.182 34.582 0.0
105.997 34.537 0.0
105.813 34.488 0.0
105.656 34.442 0.0
105.502 34.391 0.0
105.351 34.334 0.0
105.205 34.272 0.0
105.062 34.204 0.0
104.926 34.128 0.0
104.795 34.046 0.0
104.697 33.975 0.0
104.603 33.900 0.0
104.514 33.821 0.0
104.430 33.738 0.0
104.351 33.652 0.0
104.276 33.563 0.0
104.207 33.471 0.0
104.186 33.441 0.0
104.165 33.410 0.0
104.144 33.379 0.0
104.124 33.348 0.0
104.104 33.316 0.0
104.084 33.285 0.0
104.064 33.254 0.0
NoLabel 0
0 4 255 255 255 0 0 0
43
75.417 38.601 0.0
75.478 38.599 0.0
75.539 38.596 0.0
75.599 38.592 0.0
75.659 38.586 0.0
75.717 38.578 0.0
75.773 38.565 0.0
75.827 38.549 0.0
75.877 38.530 0.0
75.924 38.506 0.0
75.970 38.480 0.0
76.014 38.451 0.0
76.057 38.420 0.0
76.099 38.387 0.0
76.139 38.354 0.0
76.201 38.302 0.0
76.261 38.249 0.0
76.319 38.196 0.0
76.375 38.141 0.0
76.429 38.086 0.0
76.482 38.030 0.0
76.533 37.973 0.0
76.571 37.929 0.0
76.608 37.884 0.0
76.646 37.839 0.0
76.684 37.794 0.0
76.724 37.751 0.0
76.765 37.708 0.0
76.808 37.666 0.0
76.862 37.619 0.0
76.919 37.574 0.0
76.979 37.531 0.0
77.042 37.491 0.0
77.107 37.452 0.0
77.173 37.416 0.0
77.242 37.382 0.0
77.338 37.338 0.0
77.436 37.297 0.0
77.536 37.259 0.0
77.637 37.224 0.0
77.738 37.189 0.0
77.841 37.156 0.0
77.943 37.123 0.0
NoLabel 0
