diamond 14 /disk2/diamond/update/rr111308.024
2014 11 13 2 0
LINES: 0
LINES_SYMBOL: 3
38 2 141
    92.034    27.118     0.000    92.217    27.290     0.000    92.401    27.461     0.000    92.589    27.633     0.000
    92.781    27.805     0.000    92.978    27.977     0.000    93.182    28.149     0.000    93.394    28.321     0.000
    93.617    28.495     0.000    93.848    28.663     0.000    94.087    28.817     0.000    94.335    28.950     0.000
    94.589    29.057     0.000    94.849    29.129     0.000    95.115    29.160     0.000    95.323    29.153     0.000
    95.533    29.121     0.000    95.743    29.070     0.000    95.952    29.002     0.000    96.160    28.924     0.000
    96.365    28.838     0.000    96.567    28.749     0.000    96.806    28.644     0.000    97.040    28.539     0.000
    97.271    28.436     0.000    97.500    28.331     0.000    97.728    28.225     0.000    97.957    28.115     0.000
    98.188    28.002     0.000    98.351    27.921     0.000    98.516    27.840     0.000    98.682    27.765     0.000
    98.850    27.697     0.000    99.019    27.641     0.000    99.190    27.599     0.000    99.362    27.577     0.000
    99.562    27.576     0.000    99.763    27.602     0.000    99.964    27.651     0.000   100.164    27.718     0.000
   100.360    27.803     0.000   100.551    27.900     0.000   100.736    28.008     0.000   101.025    28.202     0.000
   101.292    28.413     0.000   101.538    28.640     0.000   101.760    28.881     0.000   101.960    29.133     0.000
   102.136    29.396     0.000   102.289    29.668     0.000   102.405    29.917     0.000   102.505    30.172     0.000
   102.594    30.433     0.000   102.674    30.700     0.000   102.751    30.972     0.000   102.827    31.252     0.000
   102.909    31.537     0.000   102.997    31.820     0.000   103.099    32.101     0.000   103.219    32.373     0.000
   103.364    32.627     0.000   103.538    32.856     0.000   103.746    33.051     0.000   103.993    33.205     0.000
   104.144    33.268     0.000   104.306    33.321     0.000   104.474    33.367     0.000   104.646    33.409     0.000
   104.819    33.452     0.000   104.990    33.499     0.000   105.155    33.554     0.000   105.331    33.629     0.000
   105.500    33.714     0.000   105.665    33.807     0.000   105.827    33.901     0.000   105.991    33.994     0.000
   106.159    34.082     0.000   106.333    34.159     0.000   106.464    34.206     0.000   106.599    34.246     0.000
   106.738    34.278     0.000   106.879    34.304     0.000   107.023    34.323     0.000   107.168    34.335     0.000
   107.314    34.340     0.000   107.592    34.335     0.000   107.870    34.314     0.000   108.147    34.286     0.000
   108.421    34.257     0.000   108.692    34.235     0.000   108.960    34.227     0.000   109.223    34.240     0.000
   109.500    34.285     0.000   109.774    34.357     0.000   110.045    34.448     0.000   110.316    34.553     0.000
   110.587    34.664     0.000   110.861    34.775     0.000   111.138    34.879     0.000   111.385    34.960     0.000
   111.634    35.033     0.000   111.884    35.101     0.000   112.133    35.167     0.000   112.381    35.234     0.000
   112.625    35.305     0.000   112.865    35.382     0.000   113.157    35.492     0.000   113.443    35.613     0.000
   113.726    35.743     0.000   114.010    35.878     0.000   114.297    36.014     0.000   114.589    36.149     0.000
   114.890    36.278     0.000   115.163    36.383     0.000   115.443    36.478     0.000   115.728    36.557     0.000
   116.016    36.617     0.000   116.305    36.653     0.000   116.594    36.663     0.000   116.880    36.641     0.000
   117.071    36.608     0.000   117.260    36.563     0.000   117.448    36.513     0.000   117.636    36.460     0.000
   117.825    36.412     0.000   118.016    36.371     0.000   118.209    36.344     0.000   118.385    36.333     0.000
   118.563    36.337     0.000   118.741    36.352     0.000   118.918    36.380     0.000   119.093    36.418     0.000
   119.264    36.465     0.000   119.429    36.522     0.000   119.725    36.649     0.000   120.000    36.801     0.000
   120.259    36.972     0.000   120.506    37.160     0.000   120.743    37.359     0.000   120.975    37.567     0.000
   121.205    37.778     0.000
NoLabel 0
0 4 60
   102.077    30.455         1   102.081    30.351     0.000   102.084    30.248     0.000   102.084    30.146     0.000
   102.079    30.044     0.000   102.067    29.944     0.000   102.047    29.845     0.000   102.018    29.748     0.000
   102.014    29.736     0.000   102.009    29.724     0.000   102.004    29.712     0.000   102.000    29.700     0.000
   101.995    29.689     0.000   101.990    29.677     0.000   101.985    29.665     0.000   101.942    29.583     0.000
   101.891    29.505     0.000   101.832    29.431     0.000   101.823    29.421     0.000   101.814    29.411     0.000
   101.805    29.401     0.000   101.796    29.391     0.000   101.786    29.382     0.000   101.777    29.372     0.000
   101.767    29.363     0.000   101.714    29.319     0.000   101.655    29.281     0.000   101.591    29.247     0.000
   101.525    29.217     0.000   101.455    29.191     0.000   101.383    29.167     0.000   101.311    29.145     0.000
   101.179    29.109     0.000   101.048    29.076     0.000   100.915    29.049     0.000   100.783    29.029     0.000
   100.651    29.016     0.000   100.520    29.011     0.000   100.389    29.015     0.000   100.249    29.031     0.000
   100.110    29.055     0.000    99.970    29.084     0.000    99.831    29.114     0.000    99.691    29.142     0.000
    99.550    29.165     0.000    99.408    29.179     0.000    99.164    29.177     0.000    98.920    29.150     0.000
    98.675    29.108     0.000    98.432    29.064     0.000    98.191    29.027     0.000    97.956    29.008     0.000
    97.725    29.018     0.000    97.572    29.046     0.000    97.422    29.090     0.000    97.274    29.146     0.000
    97.127    29.213     0.000    96.981    29.288     0.000    96.835    29.368     0.000    96.690    29.450     0.000

NoLabel 0
0 4 176
    88.598    42.989         1    88.558    43.162     0.000    88.525    43.330     0.000    88.504    43.485     0.000
    88.502    43.623     0.000    88.526    43.737     0.000    88.583    43.821     0.000    88.678    43.869     0.000
    88.747    43.879     0.000    88.826    43.879     0.000    88.915    43.871     0.000    89.012    43.859     0.000
    89.114    43.843     0.000    89.220    43.828     0.000    89.327    43.815     0.000    89.504    43.803     0.000
    89.677    43.804     0.000    89.842    43.820     0.000    89.995    43.852     0.000    90.133    43.902     0.000
    90.251    43.970     0.000    90.346    44.059     0.000    90.379    44.105     0.000    90.406    44.153     0.000
    90.428    44.203     0.000    90.443    44.253     0.000    90.452    44.301     0.000    90.454    44.348     0.000
    90.448    44.390     0.000    90.337    44.525     0.000    90.105    44.579     0.000    89.786    44.579     0.000
    89.414    44.550     0.000    89.359    44.544     0.000    89.303    44.538     0.000    89.247    44.533     0.000
    89.191    44.528     0.000    89.135    44.523     0.000    89.079    44.519     0.000    89.023    44.517     0.000
    88.942    44.514     0.000    88.861    44.514     0.000    88.780    44.515     0.000    88.699    44.518     0.000
    88.618    44.522     0.000    88.537    44.527     0.000    88.457    44.534     0.000    88.263    44.553     0.000
    88.070    44.576     0.000    87.878    44.602     0.000    87.685    44.630     0.000    87.491    44.659     0.000
    87.294    44.687     0.000    87.093    44.714     0.000    86.908    44.736     0.000    86.723    44.759     0.000
    86.540    44.785     0.000    86.362    44.816     0.000    86.193    44.856     0.000    86.035    44.906     0.000
    85.892    44.971     0.000    85.777    45.042     0.000    85.671    45.123     0.000    85.570    45.210     0.000
    85.469    45.302     0.000    85.364    45.393     0.000    85.249    45.481     0.000    85.120    45.562     0.000
    85.089    45.579     0.000    85.058    45.595     0.000    85.026    45.609     0.000    84.993    45.621     0.000
    84.960    45.630     0.000    84.926    45.636     0.000    84.892    45.638     0.000    84.859    45.637     0.000
    84.825    45.631     0.000    84.792    45.623     0.000    84.758    45.613     0.000    84.725    45.602     0.000
    84.692    45.589     0.000    84.659    45.577     0.000    84.613    45.560     0.000    84.567    45.544     0.000
    84.521    45.528     0.000    84.477    45.513     0.000    84.432    45.497     0.000    84.389    45.480     0.000
    84.346    45.463     0.000    84.328    45.455     0.000    84.311    45.447     0.000    84.294    45.439     0.000
    84.276    45.431     0.000    84.259    45.422     0.000    84.242    45.414     0.000    84.225    45.405     0.000
    84.105    45.350     0.000    83.985    45.301     0.000    83.865    45.263     0.000    83.689    45.230     0.000
    83.508    45.218     0.000    83.319    45.220     0.000    83.121    45.228     0.000    82.911    45.233     0.000
    82.688    45.228     0.000    82.450    45.204     0.000    82.327    45.183     0.000    82.205    45.156     0.000
    82.091    45.124     0.000    81.992    45.087     0.000    81.912    45.046     0.000    81.858    45.003     0.000
    81.836    44.957     0.000    81.848    44.912     0.000    81.889    44.865     0.000    81.954    44.818     0.000
    82.035    44.771     0.000    82.129    44.724     0.000    82.229    44.678     0.000    82.330    44.633     0.000
    82.487    44.563     0.000    82.635    44.498     0.000    82.775    44.440     0.000    82.910    44.389     0.000
    83.044    44.347     0.000    83.179    44.316     0.000    83.317    44.295     0.000    83.480    44.285     0.000
    83.650    44.287     0.000    83.825    44.297     0.000    84.004    44.311     0.000    84.185    44.324     0.000
    84.366    44.334     0.000    84.547    44.337     0.000    84.733    44.328     0.000    84.917    44.308     0.000
    85.098    44.278     0.000    85.275    44.239     0.000    85.450    44.193     0.000    85.621    44.140     0.000
    85.790    44.082     0.000    85.893    44.044     0.000    85.995    44.006     0.000    86.098    43.969     0.000
    86.201    43.935     0.000    86.306    43.904     0.000    86.413    43.878     0.000    86.522    43.859     0.000
    86.537    43.857     0.000    86.553    43.855     0.000    86.569    43.853     0.000    86.584    43.851     0.000
    86.600    43.849     0.000    86.615    43.848     0.000    86.631    43.846     0.000    86.647    43.845     0.000
    86.663    43.845     0.000    86.679    43.844     0.000    86.695    43.843     0.000    86.711    43.842     0.000
    86.727    43.842     0.000    86.743    43.841     0.000    86.849    43.835     0.000    86.958    43.827     0.000
    87.066    43.816     0.000    87.171    43.800     0.000    87.270    43.779     0.000    87.362    43.750     0.000
    87.444    43.713     0.000    87.530    43.654     0.000    87.599    43.582     0.000    87.655    43.499     0.000
    87.699    43.409     0.000    87.734    43.311     0.000    87.764    43.210     0.000    87.791    43.107     0.000

NoLabel 0
SYMBOLS: 29
  23   132.551    47.141 0.0 0
  23    99.625    29.729 0.0 0
  26   102.414    28.363 0.0 0
  23    88.935    45.601 0.0 0
  33   128.972    46.358 0.0 -0.638320
  33   120.967    46.938 0.0 -0.986715
  36   120.123    43.833 0.0 -0.793149
  33   119.746    38.864 0.0 -0.694738
  33   122.319    34.362 0.0 -1.154360
  33   123.056    30.746 0.0 -1.127347
  41   122.861    28.249 0.0 4.390636
  34   120.342    24.954 0.0 4.401397
  26   113.709    10.225 0.0 0
  24    88.058    44.163 0.0 0
  36   114.102    43.886 0.0 -0.600052
  36   113.441    41.238 0.0 -0.110657
  36   101.985    41.294 0.0 -0.785398
  36   107.541    41.265 0.0 -0.093478
  36   122.719    40.279 0.0 -1.158390
  36   121.389    37.445 0.0 -0.587997
  33   116.827    21.462 0.0 3.697758
  48   121.349    23.804 1 20
  48    89.444    46.496 1 4
  48    86.307    47.036 1 3
  48    83.919    46.205 1 3
  48    89.749    43.558 1 5
  48   102.368    26.920 1 15
  48   110.355    18.945 1 15
  48   134.441    47.895 1 8
CLOSED_CONTOURS: 14
5 131
    87.156    49.704     0.000    87.491    49.568     0.000    87.824    49.431     0.000    88.152    49.290     0.000
    88.476    49.147     0.000    88.795    48.998     0.000    89.106    48.845     0.000    89.410    48.685     0.000
    90.002    48.341     0.000    90.568    47.978     0.000    91.115    47.604     0.000    91.115    47.604     0.000
    91.276    47.450     0.000    91.437    47.296     0.000    91.600    47.144     0.000    91.766    46.995     0.000
    91.936    46.848     0.000    92.110    46.706     0.000    92.292    46.569     0.000    92.672    46.311     0.000
    93.068    46.065     0.000    93.465    45.820     0.000    93.848    45.564     0.000    94.203    45.286     0.000
    94.515    44.976     0.000    94.769    44.622     0.000    94.853    44.463     0.000    94.921    44.300     0.000
    94.968    44.136     0.000    94.992    43.975     0.000    94.988    43.822     0.000    94.953    43.681     0.000
    94.881    43.556     0.000    94.725    43.417     0.000    94.509    43.310     0.000    94.247    43.231     0.000
    93.952    43.174     0.000    93.636    43.135     0.000    93.314    43.109     0.000    92.997    43.091     0.000
    92.812    43.082     0.000    92.633    43.075     0.000    92.459    43.069     0.000    92.288    43.064     0.000
    92.121    43.059     0.000    91.956    43.054     0.000    91.792    43.050     0.000    91.457    43.064     0.000
    91.121    43.076     0.000    90.785    43.086     0.000    90.449    43.094     0.000    90.113    43.101     0.000
    89.982    43.104     0.000    89.850    43.107     0.000    89.718    43.111     0.000    89.587    43.115     0.000
    89.455    43.121     0.000    89.323    43.128     0.000    89.191    43.137     0.000    88.970    43.157     0.000
    88.749    43.180     0.000    88.527    43.202     0.000    88.306    43.220     0.000    88.085    43.231     0.000
    87.865    43.232     0.000    87.645    43.218     0.000    87.550    43.207     0.000    87.456    43.193     0.000
    87.362    43.175     0.000    87.270    43.155     0.000    87.179    43.131     0.000    87.089    43.104     0.000
    87.002    43.073     0.000    86.900    43.033     0.000    86.801    42.990     0.000    86.704    42.945     0.000
    86.607    42.900     0.000    86.511    42.856     0.000    86.413    42.816     0.000    86.314    42.779     0.000
    86.068    42.713     0.000    85.811    42.673     0.000    85.545    42.654     0.000    85.271    42.648     0.000
    84.991    42.651     0.000    84.709    42.655     0.000    84.426    42.655     0.000    83.954    42.634     0.000
    83.488    42.596     0.000    83.028    42.550     0.000    82.576    42.509     0.000    82.130    42.484     0.000
    81.690    42.486     0.000    81.255    42.527     0.000    81.085    42.556     0.000    80.915    42.592     0.000
    80.745    42.634     0.000    80.575    42.679     0.000    80.406    42.728     0.000    80.236    42.779     0.000
    80.066    42.831     0.000    79.749    42.987     0.000    79.501    43.182     0.000    79.332    43.417     0.000
    79.235    43.688     0.000    79.200    43.986     0.000    79.215    44.304     0.000    79.271    44.633     0.000
    79.356    44.966     0.000    79.460    45.295     0.000    79.611    45.709     0.000    79.777    46.104     0.000
    79.965    46.481     0.000    80.177    46.844     0.000    80.419    47.193     0.000    80.694    47.531     0.000
    81.008    47.860     0.000    81.332    48.154     0.000    81.690    48.437     0.000    82.081    48.703     0.000
    82.505    48.946     0.000    82.957    49.162     0.000    83.437    49.345     0.000    83.941    49.489     0.000
    84.353    49.572     0.000    84.776    49.632     0.000    85.208    49.672     0.000    85.647    49.695     0.000
    86.091    49.706     0.000    86.538    49.707     0.000    86.986    49.703     0.000
0 1
    87.156    49.704     0.000
5 72
   135.488    49.175     0.000   135.567    49.119     0.000   135.644    49.064     0.000   135.721    49.008     0.000
   135.797    48.951     0.000   135.871    48.893     0.000   135.943    48.833     0.000   136.012    48.773     0.000
   136.135    48.652     0.000   136.247    48.526     0.000   136.345    48.395     0.000   136.428    48.259     0.000
   136.495    48.121     0.000   136.545    47.979     0.000   136.577    47.836     0.000   136.587    47.592     0.000
   136.546    47.348     0.000   136.459    47.107     0.000   136.330    46.872     0.000   136.165    46.647     0.000
   135.965    46.434     0.000   135.737    46.237     0.000   135.558    46.107     0.000   135.366    45.988     0.000
   135.162    45.883     0.000   134.945    45.793     0.000   134.716    45.719     0.000   134.475    45.664     0.000
   134.223    45.629     0.000   133.864    45.615     0.000   133.498    45.639     0.000   133.137    45.700     0.000
   132.797    45.794     0.000   132.492    45.922     0.000   132.236    46.081     0.000   132.045    46.270     0.000
   131.970    46.392     0.000   131.919    46.521     0.000   131.889    46.655     0.000   131.880    46.793     0.000
   131.888    46.933     0.000   131.912    47.073     0.000   131.949    47.211     0.000   131.996    47.340     0.000
   132.053    47.466     0.000   132.119    47.588     0.000   132.192    47.707     0.000   132.274    47.824     0.000
   132.361    47.939     0.000   132.455    48.052     0.000   132.556    48.165     0.000   132.663    48.276     0.000
   132.776    48.385     0.000   132.895    48.490     0.000   133.022    48.593     0.000   133.158    48.692     0.000
   133.301    48.786     0.000   133.426    48.861     0.000   133.557    48.931     0.000   133.693    48.996     0.000
   133.835    49.054     0.000   133.982    49.106     0.000   134.134    49.148     0.000   134.291    49.181     0.000
   134.383    49.195     0.000   134.477    49.206     0.000   134.572    49.214     0.000   134.667    49.220     0.000
   134.763    49.225     0.000   134.860    49.228     0.000   134.957    49.231     0.000   135.292    49.209     0.000

0 1
   135.488    49.175     0.000
2 67
   135.098    48.828     0.000   135.194    48.764     0.000   135.288    48.698     0.000   135.376    48.632     0.000
   135.456    48.566     0.000   135.525    48.497     0.000   135.581    48.428     0.000   135.622    48.356     0.000
   135.649    48.254     0.000   135.648    48.149     0.000   135.624    48.039     0.000   135.585    47.925     0.000
   135.536    47.807     0.000   135.483    47.686     0.000   135.432    47.560     0.000   135.374    47.386     0.000
   135.322    47.212     0.000   135.266    47.044     0.000   135.196    46.889     0.000   135.105    46.752     0.000
   134.982    46.642     0.000   134.819    46.564     0.000   134.728    46.540     0.000   134.628    46.525     0.000
   134.523    46.517     0.000   134.414    46.517     0.000   134.305    46.525     0.000   134.197    46.540     0.000
   134.092    46.563     0.000   134.008    46.588     0.000   133.928    46.618     0.000   133.852    46.652     0.000
   133.782    46.690     0.000   133.716    46.732     0.000   133.655    46.778     0.000   133.599    46.826     0.000
   133.527    46.898     0.000   133.465    46.975     0.000   133.413    47.055     0.000   133.369    47.138     0.000
   133.335    47.223     0.000   133.310    47.309     0.000   133.293    47.396     0.000   133.285    47.521     0.000
   133.294    47.645     0.000   133.320    47.769     0.000   133.361    47.892     0.000   133.415    48.015     0.000
   133.483    48.137     0.000   133.562    48.259     0.000   133.631    48.353     0.000   133.707    48.445     0.000
   133.791    48.532     0.000   133.883    48.611     0.000   133.986    48.681     0.000   134.098    48.739     0.000
   134.222    48.782     0.000   134.304    48.801     0.000   134.391    48.814     0.000   134.480    48.823     0.000
   134.572    48.828     0.000   134.667    48.830     0.000   134.762    48.830     0.000   134.858    48.829     0.000
   134.884    48.830     0.000   134.941    48.820     0.000   134.999    48.810     0.000
2.5 1
   135.098    48.828     0.000
2 79
   135.073    48.643     0.000   135.102    48.577     0.000   135.102    48.577     0.000   135.102    48.577     0.000
   135.085    48.521     0.000   135.069    48.464     0.000   135.069    48.464     0.000   135.074    48.419     0.000
   135.078    48.373     0.000   135.082    48.327     0.000   135.084    48.282     0.000   135.084    48.237     0.000
   135.083    48.192     0.000   135.078    48.148     0.000   135.059    48.058     0.000   135.028    47.969     0.000
   134.986    47.882     0.000   134.933    47.796     0.000   134.872    47.710     0.000   134.803    47.625     0.000
   134.728    47.539     0.000   134.679    47.488     0.000   134.627    47.438     0.000   134.571    47.392     0.000
   134.510    47.352     0.000   134.442    47.319     0.000   134.366    47.296     0.000   134.282    47.285     0.000
   134.236    47.284     0.000   134.190    47.287     0.000   134.145    47.293     0.000   134.102    47.303     0.000
   134.064    47.315     0.000   134.032    47.331     0.000   134.008    47.351     0.000   133.993    47.375     0.000
   133.986    47.401     0.000   133.986    47.430     0.000   133.990    47.461     0.000   133.996    47.493     0.000
   134.003    47.525     0.000   134.009    47.557     0.000   134.011    47.599     0.000   134.008    47.640     0.000
   134.001    47.680     0.000   133.991    47.720     0.000   133.980    47.759     0.000   133.969    47.798     0.000
   133.960    47.837     0.000   133.954    47.875     0.000   133.951    47.913     0.000   133.951    47.951     0.000
   133.953    47.989     0.000   133.958    48.028     0.000   133.966    48.066     0.000   133.977    48.103     0.000
   133.996    48.153     0.000   134.019    48.201     0.000   134.048    48.248     0.000   134.080    48.295     0.000
   134.117    48.340     0.000   134.157    48.385     0.000   134.200    48.430     0.000   134.237    48.465     0.000
   134.276    48.500     0.000   134.317    48.533     0.000   134.361    48.563     0.000   134.408    48.591     0.000
   134.458    48.615     0.000   134.512    48.635     0.000   134.557    48.647     0.000   134.604    48.657     0.000
   134.653    48.664     0.000   134.704    48.669     0.000   134.755    48.673     0.000   134.807    48.676     0.000
   134.859    48.679     0.000   134.953    48.672     0.000   135.048    48.664     0.000
5 1
   135.073    48.643     0.000
5 388
   101.433    21.185     0.000   101.296    21.399     0.000   101.164    21.613     0.000   101.045    21.829     0.000
   100.945    22.046     0.000   100.870    22.265     0.000   100.828    22.486     0.000   100.825    22.709     0.000
   100.842    22.826     0.000   100.870    22.942     0.000   100.909    23.058     0.000   100.960    23.171     0.000
   101.022    23.281     0.000   101.095    23.387     0.000   101.178    23.489     0.000   101.327    23.637     0.000
   101.490    23.774     0.000   101.657    23.906     0.000   101.817    24.037     0.000   101.962    24.172     0.000
   102.079    24.315     0.000   102.159    24.472     0.000   102.189    24.599     0.000   102.197    24.733     0.000
   102.188    24.874     0.000   102.167    25.019     0.000   102.136    25.166     0.000   102.102    25.313     0.000
   102.068    25.458     0.000   102.050    25.539     0.000   102.033    25.619     0.000   102.017    25.697     0.000
   102.000    25.776     0.000   101.983    25.854     0.000   101.964    25.933     0.000   101.942    26.011     0.000
   101.885    26.189     0.000   101.813    26.367     0.000   101.726    26.540     0.000   101.623    26.704     0.000
   101.504    26.855     0.000   101.369    26.991     0.000   101.216    27.106     0.000   101.034    27.202     0.000
   100.836    27.275     0.000   100.625    27.326     0.000   100.404    27.359     0.000   100.178    27.377     0.000
    99.950    27.385     0.000    99.723    27.384     0.000    99.459    27.378     0.000    99.200    27.369     0.000
    98.945    27.361     0.000    98.690    27.358     0.000    98.434    27.362     0.000    98.176    27.377     0.000
    97.912    27.407     0.000    97.735    27.436     0.000    97.559    27.474     0.000    97.387    27.523     0.000
    97.224    27.584     0.000    97.073    27.659     0.000    96.939    27.749     0.000    96.824    27.856     0.000
    96.685    28.069     0.000    96.608    28.319     0.000    96.589    28.590     0.000    96.626    28.871     0.000
    96.714    29.145     0.000    96.851    29.399     0.000    97.032    29.619     0.000    97.219    29.770     0.000
    97.430    29.889     0.000    97.662    29.977     0.000    97.908    30.039     0.000    98.164    30.076     0.000
    98.426    30.093     0.000    98.687    30.092     0.000    98.927    30.078     0.000    99.163    30.056     0.000
    99.395    30.031     0.000    99.625    30.006     0.000    99.853    29.986     0.000   100.079    29.977     0.000
   100.306    29.981     0.000   100.506    30.000     0.000   100.707    30.029     0.000   100.909    30.066     0.000
   101.111    30.106     0.000   101.314    30.145     0.000   101.518    30.181     0.000   101.722    30.209     0.000
   102.015    30.231     0.000   102.308    30.235     0.000   102.602    30.228     0.000   102.897    30.216     0.000
   103.191    30.204     0.000   103.485    30.200     0.000   103.779    30.209     0.000   103.899    30.218     0.000
   104.019    30.230     0.000   104.138    30.248     0.000   104.138    30.248     0.000   104.250    30.261     0.000
   104.361    30.275     0.000   104.471    30.293     0.000   104.578    30.314     0.000   104.681    30.341     0.000
   104.781    30.374     0.000   104.876    30.416     0.000   104.983    30.480     0.000   105.081    30.555     0.000
   105.170    30.641     0.000   105.251    30.736     0.000   105.323    30.837     0.000   105.385    30.943     0.000
   105.438    31.051     0.000   105.485    31.171     0.000   105.522    31.293     0.000   105.550    31.415     0.000
   105.571    31.538     0.000   105.586    31.663     0.000   105.597    31.790     0.000   105.606    31.918     0.000
   105.610    31.995     0.000   105.613    32.072     0.000   105.612    32.149     0.000   105.607    32.225     0.000
   105.595    32.300     0.000   105.575    32.372     0.000   105.546    32.442     0.000   105.506    32.510     0.000
   105.458    32.575     0.000   105.405    32.639     0.000   105.350    32.702     0.000   105.296    32.765     0.000
   105.248    32.829     0.000   105.207    32.894     0.000   105.158    33.024     0.000   105.143    33.161     0.000
   105.155    33.305     0.000   105.187    33.453     0.000   105.231    33.605     0.000   105.282    33.759     0.000
   105.331    33.914     0.000   105.352    33.987     0.000   105.373    34.058     0.000   105.396    34.128     0.000
   105.422    34.195     0.000   105.454    34.257     0.000   105.494    34.314     0.000   105.542    34.364     0.000
   105.611    34.413     0.000   105.691    34.452     0.000   105.781    34.482     0.000   105.877    34.503     0.000
   105.978    34.515     0.000   106.081    34.517     0.000   106.183    34.511     0.000   106.349    34.482     0.000
   106.504    34.432     0.000   106.648    34.362     0.000   106.779    34.277     0.000   106.895    34.178     0.000
   106.997    34.069     0.000   107.083    33.953     0.000   107.182    33.767     0.000   107.247    33.573     0.000
   107.283    33.372     0.000   107.293    33.166     0.000   107.284    32.959     0.000   107.259    32.750     0.000
   107.222    32.543     0.000   107.198    32.425     0.000   107.171    32.308     0.000   107.140    32.193     0.000
   107.105    32.080     0.000   107.065    31.970     0.000   107.020    31.862     0.000   106.968    31.757     0.000
   106.917    31.667     0.000   106.862    31.578     0.000   106.805    31.489     0.000   106.747    31.400     0.000
   106.690    31.308     0.000   106.635    31.214     0.000   106.585    31.115     0.000   106.547    31.030     0.000
   106.515    30.942     0.000   106.491    30.854     0.000   106.478    30.766     0.000   106.477    30.681     0.000
   106.490    30.599     0.000   106.520    30.523     0.000   106.543    30.485     0.000   106.570    30.449     0.000
   106.601    30.414     0.000   106.635    30.380     0.000   106.671    30.347     0.000   106.709    30.314     0.000
   106.747    30.282     0.000   106.800    30.215     0.000   106.852    30.149     0.000   106.901    30.081     0.000
   106.950    30.013     0.000   106.996    29.943     0.000   107.056    29.848     0.000   107.111    29.750     0.000
   107.159    29.649     0.000   107.201    29.547     0.000   107.232    29.443     0.000   107.253    29.338     0.000
   107.261    29.232     0.000   107.255    29.129     0.000   107.236    29.026     0.000   107.207    28.924     0.000
   107.168    28.824     0.000   107.120    28.725     0.000   107.066    28.629     0.000   107.006    28.536     0.000
   106.943    28.447     0.000   106.876    28.361     0.000   106.806    28.278     0.000   106.734    28.197     0.000
   106.659    28.118     0.000   106.583    28.040     0.000   106.505    27.964     0.000   106.422    27.883     0.000
   106.339    27.802     0.000   106.256    27.721     0.000   106.175    27.638     0.000   106.096    27.553     0.000
   106.020    27.464     0.000   105.948    27.373     0.000   105.859    27.244     0.000   105.781    27.108     0.000
   105.715    26.968     0.000   105.666    26.824     0.000   105.634    26.678     0.000   105.622    26.532     0.000
   105.634    26.386     0.000   105.682    26.203     0.000   105.757    26.023     0.000   105.844    25.845     0.000
   105.930    25.668     0.000   106.001    25.491     0.000   106.042    25.314     0.000   106.040    25.136     0.000
   106.028    25.076     0.000   106.011    25.016     0.000   105.992    24.955     0.000   105.971    24.895     0.000
   105.952    24.835     0.000   105.934    24.774     0.000   105.922    24.714     0.000   105.914    24.574     0.000
   105.933    24.434     0.000   105.971    24.294     0.000   106.022    24.154     0.000   106.078    24.013     0.000
   106.132    23.870     0.000   106.178    23.725     0.000   106.216    23.542     0.000   106.238    23.357     0.000
   106.252    23.172     0.000   106.266    22.990     0.000   106.286    22.814     0.000   106.321    22.644     0.000
   106.378    22.484     0.000   106.458    22.341     0.000   106.561    22.208     0.000   106.683    22.085     0.000
   106.822    21.970     0.000   106.975    21.863     0.000   107.137    21.764     0.000   107.306    21.671     0.000
   107.518    21.567     0.000   107.734    21.476     0.000   107.952    21.403     0.000   108.170    21.350     0.000
   108.388    21.322     0.000   108.604    21.322     0.000   108.816    21.354     0.000   109.124    21.462     0.000
   109.424    21.622     0.000   109.722    21.806     0.000   110.018    21.987     0.000   110.316    22.136     0.000
   110.618    22.227     0.000   110.924    22.230     0.000   111.023    22.208     0.000   111.121    22.176     0.000
   111.218    22.135     0.000   111.312    22.085     0.000   111.403    22.028     0.000   111.489    21.964     0.000
   111.569    21.896     0.000   111.769    21.676     0.000   111.924    21.431     0.000   112.048    21.169     0.000
   112.153    20.897     0.000   112.248    20.623     0.000   112.347    20.353     0.000   112.461    20.096     0.000
   112.686    19.726     0.000   112.959    19.389     0.000   113.265    19.071     0.000   113.587    18.757     0.000
   113.911    18.434     0.000   114.220    18.087     0.000   114.500    17.704     0.000   114.662    17.422     0.000
   114.796    17.126     0.000   114.895    16.822     0.000   114.949    16.520     0.000   114.952    16.225     0.000
   114.896    15.946     0.000   114.774    15.689     0.000   114.712    15.602     0.000   114.641    15.520     0.000
   114.562    15.445     0.000   114.477    15.376     0.000   114.386    15.315     0.000   114.291    15.263     0.000
   114.191    15.222     0.000   114.038    15.180     0.000   113.880    15.160     0.000   113.719    15.159     0.000
   113.557    15.175     0.000   113.394    15.206     0.000   113.232    15.247     0.000   113.073    15.298     0.000
   112.594    15.500     0.000   112.145    15.746     0.000   111.713    16.017     0.000   111.284    16.290     0.000
   110.842    16.545     0.000   110.376    16.759     0.000   109.872    16.910     0.000   109.577    16.961     0.000
   109.275    16.995     0.000   108.972    17.025     0.000   108.677    17.060     0.000   108.398    17.112     0.000
   108.140    17.190     0.000   107.911    17.307     0.000   107.640    17.554     0.000   107.424    17.878     0.000
   107.241    18.253     0.000   107.072    18.653     0.000   106.895    19.051     0.000   106.690    19.422     0.000
   106.435    19.737     0.000   106.209    19.917     0.000   105.952    20.060     0.000   105.668    20.170     0.000
   105.363    20.254     0.000   105.042    20.318     0.000   104.711    20.368     0.000   104.711    20.368     0.000
   104.629    20.368     0.000   104.547    20.368     0.000   104.465    20.369     0.000   104.383    20.370     0.000
   104.301    20.371     0.000   104.220    20.373     0.000   104.138    20.376     0.000   103.984    20.383     0.000
   103.829    20.394     0.000   103.675    20.408     0.000   103.521    20.424     0.000   103.367    20.444     0.000
   103.213    20.466     0.000   103.059    20.490     0.000   102.899    20.518     0.000   102.739    20.549     0.000
   102.581    20.584     0.000   102.424    20.625     0.000   102.270    20.671     0.000   102.119    20.725     0.000
   101.971    20.787     0.000   101.906    20.818     0.000   101.842    20.850     0.000   101.778    20.883     0.000
   101.715    20.918     0.000   101.652    20.953     0.000   101.589    20.989     0.000   101.526    21.025     0.000

0 1
   101.433    21.185     0.000
2 72
    90.087    43.746     0.000    90.142    43.752     0.000    90.197    43.757     0.000    90.252    43.761     0.000
    90.308    43.763     0.000    90.363    43.762     0.000    90.419    43.758     0.000    90.474    43.750     0.000
    90.513    43.742     0.000    90.552    43.731     0.000    90.588    43.718     0.000    90.621    43.702     0.000
    90.651    43.683     0.000    90.676    43.662     0.000    90.696    43.637     0.000    90.708    43.614     0.000
    90.714    43.588     0.000    90.716    43.562     0.000    90.714    43.536     0.000    90.706    43.511     0.000
    90.695    43.487     0.000    90.679    43.466     0.000    90.645    43.440     0.000    90.603    43.421     0.000
    90.553    43.408     0.000    90.499    43.399     0.000    90.442    43.394     0.000    90.383    43.392     0.000
    90.324    43.390     0.000    90.242    43.389     0.000    90.163    43.387     0.000    90.087    43.386     0.000
    90.012    43.385     0.000    89.938    43.385     0.000    89.864    43.386     0.000    89.788    43.389     0.000
    89.748    43.391     0.000    89.708    43.394     0.000    89.668    43.398     0.000    89.629    43.405     0.000
    89.591    43.415     0.000    89.555    43.427     0.000    89.521    43.444     0.000    89.503    43.455     0.000
    89.486    43.468     0.000    89.471    43.482     0.000    89.458    43.496     0.000    89.448    43.511     0.000
    89.441    43.526     0.000    89.437    43.542     0.000    89.439    43.564     0.000    89.449    43.586     0.000
    89.465    43.607     0.000    89.486    43.627     0.000    89.510    43.646     0.000    89.537    43.664     0.000
    89.566    43.680     0.000    89.590    43.692     0.000    89.614    43.703     0.000    89.638    43.713     0.000
    89.662    43.722     0.000    89.687    43.730     0.000    89.712    43.737     0.000    89.737    43.744     0.000
    89.758    43.749     0.000    89.780    43.753     0.000    89.801    43.758     0.000    89.823    43.762     0.000
    89.845    43.766     0.000    89.867    43.770     0.000    89.889    43.774     0.000    90.012    43.760     0.000

2.5 1
    90.087    43.746     0.000
5 43
   113.810    11.254     0.000   114.028    11.204     0.000   114.240    11.148     0.000   114.440    11.083     0.000
   114.623    11.005     0.000   114.783    10.908     0.000   114.913    10.790     0.000   115.009    10.645     0.000
   115.043    10.557     0.000   115.067    10.462     0.000   115.081    10.362     0.000   115.085    10.259     0.000
   115.079    10.154     0.000   115.065    10.050     0.000   115.042     9.947     0.000   114.944     9.687     0.000
   114.796     9.455     0.000   114.606     9.253     0.000   114.381     9.084     0.000   114.128     8.950     0.000
   113.855     8.855     0.000   113.566     8.800     0.000   113.355     8.788     0.000   113.145     8.798     0.000
   112.942     8.833     0.000   112.751     8.892     0.000   112.577     8.977     0.000   112.426     9.089     0.000
   112.303     9.227     0.000   112.208     9.407     0.000   112.150     9.610     0.000   112.129     9.827     0.000
   112.141    10.051     0.000   112.187    10.271     0.000   112.264    10.478     0.000   112.371    10.662     0.000
   112.504    10.814     0.000   112.660    10.939     0.000   112.835    11.042     0.000   113.026    11.126     0.000
   113.229    11.197     0.000   113.440    11.258     0.000   113.655    11.314     0.000
0 1
   113.810    11.254     0.000
2 66
    90.277    46.902     0.000    90.360    46.898     0.000    90.441    46.893     0.000    90.518    46.885     0.000
    90.588    46.873     0.000    90.650    46.854     0.000    90.700    46.828     0.000    90.738    46.793     0.000
    90.754    46.766     0.000    90.764    46.735     0.000    90.767    46.703     0.000    90.765    46.670     0.000
    90.757    46.638     0.000    90.743    46.607     0.000    90.723    46.580     0.000    90.686    46.547     0.000
    90.639    46.522     0.000    90.584    46.503     0.000    90.524    46.488     0.000    90.460    46.476     0.000
    90.393    46.466     0.000    90.326    46.457     0.000    90.232    46.444     0.000    90.140    46.430     0.000
    90.051    46.418     0.000    89.963    46.408     0.000    89.878    46.402     0.000    89.794    46.400     0.000
    89.711    46.403     0.000    89.644    46.411     0.000    89.577    46.424     0.000    89.510    46.441     0.000
    89.444    46.462     0.000    89.378    46.489     0.000    89.312    46.519     0.000    89.245    46.554     0.000
    89.207    46.577     0.000    89.169    46.601     0.000    89.136    46.626     0.000    89.108    46.651     0.000
    89.087    46.677     0.000    89.076    46.702     0.000    89.076    46.727     0.000    89.085    46.748     0.000
    89.103    46.767     0.000    89.126    46.786     0.000    89.155    46.804     0.000    89.187    46.820     0.000
    89.222    46.834     0.000    89.258    46.847     0.000    89.312    46.862     0.000    89.365    46.873     0.000
    89.418    46.881     0.000    89.471    46.886     0.000    89.524    46.888     0.000    89.577    46.890     0.000
    89.630    46.890     0.000    89.680    46.891     0.000    89.731    46.891     0.000    89.781    46.891     0.000
    89.832    46.892     0.000    89.883    46.892     0.000    89.933    46.892     0.000    89.984    46.892     0.000
    90.065    46.890     0.000    90.145    46.887     0.000
2.5 1
    90.277    46.902     0.000
2 43
    86.629    47.253     0.000    86.649    47.250     0.000    86.669    47.248     0.000    86.689    47.244     0.000
    86.708    47.241     0.000    86.726    47.236     0.000    86.742    47.231     0.000    86.758    47.224     0.000
    86.787    47.203     0.000    86.807    47.175     0.000    86.818    47.142     0.000    86.820    47.107     0.000
    86.815    47.071     0.000    86.803    47.034     0.000    86.786    47.000     0.000    86.736    46.943     0.000
    86.668    46.899     0.000    86.586    46.868     0.000    86.491    46.849     0.000    86.388    46.841     0.000
    86.279    46.844     0.000    86.167    46.856     0.000    86.115    46.865     0.000    86.064    46.875     0.000
    86.017    46.888     0.000    85.975    46.902     0.000    85.941    46.919     0.000    85.915    46.938     0.000
    85.901    46.959     0.000    85.900    46.986     0.000    85.913    47.015     0.000    85.939    47.045     0.000
    85.974    47.075     0.000    86.017    47.104     0.000    86.065    47.131     0.000    86.114    47.154     0.000
    86.176    47.179     0.000    86.238    47.198     0.000    86.299    47.212     0.000    86.359    47.223     0.000
    86.420    47.231     0.000    86.480    47.237     0.000    86.540    47.243     0.000
2.5 1
    86.629    47.253     0.000
2 91
    84.065    46.487     0.000    84.101    46.488     0.000    84.101    46.488     0.000    84.119    46.484     0.000
    84.137    46.480     0.000    84.154    46.476     0.000    84.170    46.471     0.000    84.185    46.465     0.000
    84.198    46.459     0.000    84.209    46.452     0.000    84.224    46.437     0.000    84.233    46.418     0.000
    84.236    46.397     0.000    84.234    46.375     0.000    84.229    46.351     0.000    84.222    46.326     0.000
    84.213    46.301     0.000    84.195    46.254     0.000    84.174    46.209     0.000    84.151    46.168     0.000
    84.123    46.130     0.000    84.091    46.096     0.000    84.053    46.068     0.000    84.008    46.045     0.000
    83.978    46.035     0.000    83.947    46.027     0.000    83.913    46.020     0.000    83.878    46.014     0.000
    83.843    46.010     0.000    83.807    46.005     0.000    83.771    46.002     0.000    83.738    45.998     0.000
    83.705    45.994     0.000    83.673    45.990     0.000    83.641    45.986     0.000    83.610    45.982     0.000
    83.578    45.979     0.000    83.546    45.975     0.000    83.481    45.961     0.000    83.416    45.944     0.000
    83.351    45.926     0.000    83.284    45.908     0.000    83.217    45.889     0.000    83.163    45.875     0.000
    83.108    45.862     0.000    83.053    45.853     0.000    82.998    45.847     0.000    82.943    45.847     0.000
    82.889    45.854     0.000    82.836    45.868     0.000    82.802    45.882     0.000    82.770    45.899     0.000
    82.741    45.919     0.000    82.717    45.940     0.000    82.698    45.963     0.000    82.687    45.985     0.000
    82.684    46.008     0.000    82.692    46.030     0.000    82.708    46.051     0.000    82.732    46.071     0.000
    82.762    46.090     0.000    82.797    46.107     0.000    82.834    46.123     0.000    82.872    46.138     0.000
    82.936    46.161     0.000    82.999    46.180     0.000    83.060    46.196     0.000    83.121    46.210     0.000
    83.181    46.220     0.000    83.181    46.220     0.000    83.233    46.227     0.000    83.285    46.234     0.000
    83.335    46.243     0.000    83.384    46.253     0.000    83.430    46.266     0.000    83.474    46.282     0.000
    83.514    46.301     0.000    83.543    46.319     0.000    83.570    46.340     0.000    83.596    46.361     0.000
    83.622    46.382     0.000    83.649    46.403     0.000    83.676    46.422     0.000    83.706    46.439     0.000
    83.740    46.454     0.000    83.776    46.465     0.000    83.814    46.475     0.000    83.853    46.483     0.000
    83.894    46.489     0.000    83.936    46.494     0.000    83.978    46.499     0.000
2.5 1
    84.065    46.487     0.000
2 81
   102.616    27.189     0.000   102.676    27.172     0.000   102.676    27.172     0.000   102.674    27.147     0.000
   102.672    27.123     0.000   102.670    27.099     0.000   102.670    27.075     0.000   102.672    27.053     0.000
   102.676    27.032     0.000   102.683    27.012     0.000   102.711    26.970     0.000   102.755    26.935     0.000
   102.809    26.906     0.000   102.871    26.881     0.000   102.936    26.857     0.000   103.000    26.831     0.000
   103.061    26.802     0.000   103.138    26.749     0.000   103.199    26.685     0.000   103.246    26.612     0.000
   103.281    26.531     0.000   103.307    26.444     0.000   103.325    26.352     0.000   103.338    26.258     0.000
   103.342    26.224     0.000   103.344    26.190     0.000   103.344    26.157     0.000   103.342    26.126     0.000
   103.336    26.097     0.000   103.325    26.070     0.000   103.310    26.046     0.000   103.291    26.027     0.000
   103.269    26.012     0.000   103.244    25.999     0.000   103.216    25.988     0.000   103.187    25.979     0.000
   103.156    25.972     0.000   103.125    25.966     0.000   103.055    25.961     0.000   102.987    25.963     0.000
   102.921    25.972     0.000   102.856    25.987     0.000   102.793    26.007     0.000   102.733    26.032     0.000
   102.675    26.060     0.000   102.601    26.104     0.000   102.530    26.152     0.000   102.464    26.204     0.000
   102.400    26.261     0.000   102.338    26.321     0.000   102.277    26.383     0.000   102.216    26.449     0.000
   102.166    26.505     0.000   102.118    26.562     0.000   102.075    26.621     0.000   102.038    26.682     0.000
   102.010    26.744     0.000   101.994    26.807     0.000   101.991    26.873     0.000   101.997    26.913     0.000
   102.009    26.952     0.000   102.025    26.992     0.000   102.046    27.029     0.000   102.072    27.064     0.000
   102.101    27.097     0.000   102.134    27.126     0.000   102.162    27.145     0.000   102.191    27.163     0.000
   102.222    27.179     0.000   102.253    27.193     0.000   102.286    27.206     0.000   102.318    27.219     0.000
   102.351    27.232     0.000   102.363    27.237     0.000   102.375    27.242     0.000   102.386    27.246     0.000
   102.398    27.251     0.000   102.410    27.256     0.000   102.422    27.261     0.000   102.434    27.266     0.000
   102.547    27.227     0.000
10 1
   102.616    27.189     0.000
2 74
   110.752    19.420     0.000   110.806    19.401     0.000   110.806    19.401     0.000   110.821    19.396     0.000
   110.837    19.391     0.000   110.852    19.385     0.000   110.866    19.379     0.000   110.880    19.373     0.000
   110.893    19.365     0.000   110.904    19.356     0.000   110.922    19.339     0.000   110.936    19.318     0.000
   110.947    19.295     0.000   110.955    19.270     0.000   110.961    19.243     0.000   110.965    19.216     0.000
   110.968    19.189     0.000   110.969    19.121     0.000   110.963    19.056     0.000   110.952    18.992     0.000
   110.936    18.930     0.000   110.917    18.867     0.000   110.897    18.805     0.000   110.875    18.741     0.000
   110.856    18.684     0.000   110.837    18.626     0.000   110.815    18.569     0.000   110.790    18.515     0.000
   110.761    18.464     0.000   110.726    18.418     0.000   110.684    18.378     0.000   110.639    18.348     0.000
   110.588    18.324     0.000   110.534    18.306     0.000   110.476    18.295     0.000   110.418    18.291     0.000
   110.359    18.294     0.000   110.302    18.305     0.000   110.262    18.318     0.000   110.224    18.334     0.000
   110.187    18.354     0.000   110.154    18.377     0.000   110.123    18.403     0.000   110.096    18.432     0.000
   110.072    18.464     0.000   110.047    18.507     0.000   110.027    18.553     0.000   110.014    18.602     0.000
   110.006    18.652     0.000   110.002    18.704     0.000   110.002    18.756     0.000   110.007    18.808     0.000
   110.013    18.851     0.000   110.022    18.893     0.000   110.033    18.935     0.000   110.048    18.975     0.000
   110.065    19.013     0.000   110.085    19.050     0.000   110.109    19.084     0.000   110.143    19.124     0.000
   110.181    19.160     0.000   110.223    19.193     0.000   110.267    19.224     0.000   110.314    19.254     0.000
   110.361    19.283     0.000   110.408    19.312     0.000   110.428    19.324     0.000   110.448    19.336     0.000
   110.468    19.349     0.000   110.488    19.361     0.000   110.508    19.374     0.000   110.527    19.386     0.000
   110.547    19.399     0.000   110.649    19.407     0.000
10 1
   110.752    19.420     0.000
2 73
   122.185    24.455     0.000   122.196    24.402     0.000   122.207    24.349     0.000   122.217    24.296     0.000
   122.226    24.243     0.000   122.233    24.191     0.000   122.238    24.138     0.000   122.241    24.086     0.000
   122.240    23.996     0.000   122.232    23.907     0.000   122.219    23.818     0.000   122.201    23.729     0.000
   122.179    23.640     0.000   122.155    23.550     0.000   122.129    23.460     0.000   122.084    23.307     0.000
   122.033    23.156     0.000   121.974    23.009     0.000   121.902    22.871     0.000   121.813    22.743     0.000
   121.703    22.630     0.000   121.570    22.534     0.000   121.495    22.495     0.000   121.417    22.462     0.000
   121.335    22.438     0.000   121.254    22.422     0.000   121.174    22.418     0.000   121.097    22.426     0.000
   121.026    22.448     0.000   120.963    22.486     0.000   120.908    22.536     0.000   120.861    22.597     0.000
   120.822    22.666     0.000   120.793    22.740     0.000   120.772    22.818     0.000   120.762    22.896     0.000
   120.761    22.982     0.000   120.769    23.066     0.000   120.783    23.149     0.000   120.799    23.230     0.000
   120.815    23.310     0.000   120.826    23.389     0.000   120.830    23.468     0.000   120.825    23.539     0.000
   120.812    23.610     0.000   120.792    23.681     0.000   120.768    23.752     0.000   120.739    23.824     0.000
   120.708    23.895     0.000   120.676    23.966     0.000   120.654    24.048     0.000   120.654    24.130     0.000
   120.662    24.165     0.000   120.675    24.201     0.000   120.693    24.236     0.000   120.715    24.270     0.000
   120.740    24.303     0.000   120.768    24.334     0.000   120.798    24.364     0.000   120.875    24.428     0.000
   120.960    24.483     0.000   121.050    24.528     0.000   121.145    24.563     0.000   121.243    24.590     0.000
   121.344    24.609     0.000   121.445    24.621     0.000   121.549    24.625     0.000   121.653    24.623     0.000
   121.757    24.615     0.000   121.860    24.603     0.000   121.963    24.588     0.000   122.066    24.570     0.000
   122.169    24.551     0.000
10 1
   122.185    24.455     0.000
4 127
   120.847    26.936     0.000   120.738    26.938     0.000   120.629    26.940     0.000   120.520    26.943     0.000
   120.411    26.948     0.000   120.303    26.956     0.000   120.195    26.967     0.000   120.088    26.982     0.000
   119.951    27.007     0.000   119.815    27.037     0.000   119.680    27.070     0.000   119.544    27.102     0.000
   119.408    27.132     0.000   119.272    27.156     0.000   119.134    27.173     0.000   118.982    27.180     0.000
   118.828    27.178     0.000   118.674    27.171     0.000   118.519    27.163     0.000   118.365    27.159     0.000
   118.211    27.161     0.000   118.058    27.174     0.000   117.996    27.183     0.000   117.934    27.194     0.000
   117.872    27.204     0.000   117.810    27.214     0.000   117.748    27.222     0.000   117.686    27.227     0.000
   117.624    27.227     0.000   117.531    27.218     0.000   117.440    27.198     0.000   117.350    27.168     0.000
   117.265    27.129     0.000   117.184    27.083     0.000   117.110    27.029     0.000   117.044    26.969     0.000
   116.965    26.876     0.000   116.899    26.777     0.000   116.842    26.672     0.000   116.789    26.566     0.000
   116.734    26.460     0.000   116.675    26.358     0.000   116.605    26.262     0.000   116.501    26.153     0.000
   116.381    26.053     0.000   116.255    25.957     0.000   116.130    25.862     0.000   116.014    25.763     0.000
   115.915    25.655     0.000   115.839    25.535     0.000   115.790    25.385     0.000   115.768    25.221     0.000
   115.762    25.050     0.000   115.760    24.880     0.000   115.749    24.717     0.000   115.719    24.568     0.000
   115.658    24.440     0.000   115.580    24.354     0.000   115.480    24.281     0.000   115.365    24.215     0.000
   115.240    24.151     0.000   115.112    24.083     0.000   114.987    24.006     0.000   114.872    23.915     0.000
   114.792    23.832     0.000   114.724    23.739     0.000   114.669    23.642     0.000   114.630    23.542     0.000
   114.609    23.442     0.000   114.608    23.347     0.000   114.629    23.258     0.000   114.669    23.184     0.000
   114.727    23.117     0.000   114.799    23.056     0.000   114.883    22.999     0.000   114.975    22.946     0.000
   115.071    22.895     0.000   115.169    22.844     0.000   115.530    22.644     0.000   115.873    22.441     0.000
   116.201    22.243     0.000   116.523    22.059     0.000   116.843    21.899     0.000   117.168    21.769     0.000
   117.504    21.680     0.000   117.761    21.644     0.000   118.027    21.627     0.000   118.299    21.623     0.000
   118.577    21.627     0.000   118.860    21.631     0.000   119.146    21.630     0.000   119.433    21.616     0.000
   119.637    21.597     0.000   119.840    21.572     0.000   120.040    21.548     0.000   120.238    21.528     0.000
   120.431    21.516     0.000   120.619    21.518     0.000   120.801    21.538     0.000   121.109    21.627     0.000
   121.396    21.777     0.000   121.663    21.982     0.000   121.912    22.230     0.000   122.141    22.515     0.000
   122.352    22.827     0.000   122.545    23.156     0.000   122.722    23.505     0.000   122.871    23.859     0.000
   122.983    24.213     0.000   123.049    24.561     0.000   123.060    24.899     0.000   123.007    25.222     0.000
   122.880    25.524     0.000   122.789    25.662     0.000   122.681    25.794     0.000   122.559    25.921     0.000
   122.425    26.041     0.000   122.281    26.155     0.000   122.131    26.264     0.000   121.977    26.367     0.000
   121.849    26.447     0.000   121.720    26.524     0.000   121.590    26.599     0.000   121.460    26.671     0.000
   121.330    26.742     0.000   121.199    26.811     0.000   121.067    26.880     0.000
0 1
   120.847    26.936     0.000
STATION_SITUATION
50778 0
50779 5
50888 0
50892 2
51053 0
51057 0
51058 2
51059 0
51060 0
51068 0
51076 0
51087 0
51133 0
51137 0
51145 0
51156 0
51186 2
51232 0
51238 0
51241 0
51243 0
51288 0
51328 0
51329 0
51330 0
51334 0
51346 0
51352 0
51353 0
51356 0
51357 0
51358 0
51359 0
51365 0
51367 0
51368 0
51369 0
51377 0
51378 0
51379 0
51430 0
51431 0
51433 0
51434 0
51435 0
51436 0
51437 0
51438 0
51463 0
51465 0
51468 0
51469 0
51470 0
51477 0
51482 0
51495 0
51542 0
52101 0
56247 0
56267 0
56278 0
56279 0
56280 0
56287 0
56297 0
56298 0
56331 0
56342 0
56357 0
56371 0
56373 0
56374 0
56376 0
56378 0
56380 0
56381 0
56382 0
56383 0
56384 0
56385 0
56386 0
56387 0
56389 0
56390 0
56391 0
56393 0
56394 0
56395 0
56396 0
56434 0
56441 0
56443 0
56444 0
56459 0
56462 0
56473 0
56474 0
56475 0
56478 0
56479 0
56480 0
56483 0
56485 0
56487 0
56489 0
56490 0
56491 0
56492 0
56493 0
56494 0
56495 0
56496 0
56497 0
56498 0
56499 0
56533 0
56543 0
56565 0
56567 0
56569 0
56571 0
56575 0
56578 0
56580 0
56582 0
56584 0
56585 0
56586 0
56592 0
56593 0
56594 0
56595 0
56596 0
56598 0
56665 0
56666 0
56670 10
56671 10
56673 0
56675 10
56684 10
56688 10
56691 0
56693 0
56697 0
56772 0
56774 0
56775 0
56778 0
56779 0
56781 0
56782 0
56783 0
56785 0
56786 0
56788 0
56790 0
56792 0
56793 0
56863 0
56869 0
56871 0
56872 0
56873 0
56875 0
56876 0
56878 0
56879 0
56880 0
56881 0
56882 0
56883 0
56885 0
56886 0
56889 0
56891 0
56898 0
56961 0
56962 0
56964 0
56966 0
56969 0
56970 0
56973 0
56975 0
56976 0
56977 0
56978 0
56982 0
56984 0
56985 0
56986 0
56987 0
56989 0
56991 0
56992 0
56994 0
56995 0
56996 0
57102 0
57105 0
57106 0
57110 0
57111 0
57113 0
57119 0
57124 0
57127 0
57206 0
57211 0
57213 0
57216 0
57217 0
57303 0
57306 0
57309 0
57313 0
57314 0
57315 0
57317 0
57318 0
57401 0
57402 0
57405 0
57407 0
57408 0
57409 0
57411 0
57414 0
57417 0
57502 0
57503 0
57504 0
57505 0
57506 0
57507 0
57508 0
57509 0
57510 0
57511 0
57512 0
57513 0
57514 0
57516 0
57517 0
57518 0
57519 0
57520 0
57600 0
57602 0
57603 0
57604 0
57605 0
57608 0
57609 0
57612 0
57614 0
57622 0
57707 0
57708 0
57800 0
57807 0
57900 0
57902 0
57903 0
57905 0
57907 0
57908 0
57909 0
58737 0
58747 0
58748 0
58818 0
58819 0
58820 0
58821 0
58823 0
58824 0
58826 0
58828 0
58834 0
58836 0
58837 0
58839 0
58843 0
58844 0
58845 0
58846 0
58847 0
58848 0
58849 0
58911 0
58912 0
58917 0
58918 0
58921 0
58923 0
58926 0
58927 0
58928 0
58929 0
58931 0
58932 0
58933 0
58934 0
58935 0
58936 0
58938 0
58940 0
58941 0
58942 0
58944 0
58945 0
58946 0
58965 0
58968 0
58969 0
58974 0
59001 0
59004 0
59007 0
59106 0
59107 0
59109 0
59113 0
59114 0
59116 0
59117 0
59122 0
59124 0
59125 0
59126 0
59127 0
59129 0
59130 0
59131 0
59133 0
59134 0
59135 0
59137 0
59152 0
59153 0
59155 0
59158 10
59162 0
59205 0
59209 0
59293 0
59303 0
59304 0
59306 0
59310 0
59312 0
59313 0
59314 0
59315 0
59316 0
59317 0
59318 0
59319 0
59320 0
59321 0
59322 0
59324 0
59327 0
59328 0
59345 0
59348 0
59353 0
59354 0
59358 0
59359 10
59362 10
59368 10
59399 0
59500 0
59502 0
59505 0
59553 0
59554 0
59556 0
59559 0
59562 10
59567 0
59605 0
59644 0
59647 0
59653 0
59654 0
59655 0
59656 0
59658 0
59659 0
59664 0
59750 0
59752 0
59754 0
59757 0
59758 0
59838 0
59842 0
59843 0
59845 0
59847 0
59848 0
59849 0
59851 0
59853 0
59854 0
59855 10
59856 0
59940 0
59941 0
59945 0
59948 0
59951 10
59954 0
59981 0
59985 0
59995 0
59997 0
WEATHER_REGION: 0
FILLAREA: 0
NOTES_SYMBOL: 8
48 121.349 23.804 0 2 20 0 4  12 1 255 0 255 255
48 89.444 46.496 0 1 4 0 4  12 1 255 0 255 255
48 86.307 47.036 0 1 3 0 4  12 1 255 0 255 255
48 83.919 46.205 0 1 3 0 4  12 1 255 0 255 255
48 89.749 43.558 0 1 5 0 4  12 1 255 0 255 255
48 102.368 26.920 0 2 15 0 4  12 1 255 0 255 255
48 110.355 18.945 0 2 15 0 4  12 1 255 0 255 255
48 134.441 47.895 0 1 8 0 4  12 1 255 0 255 255
WithProp_LINESYMBOLS: 2
0 4 255 255 255 0 0 0
60
102.077 30.455 0.0
102.081 30.351 0.0
102.084 30.248 0.0
102.084 30.146 0.0
102.079 30.044 0.0
102.067 29.944 0.0
102.047 29.845 0.0
102.018 29.748 0.0
102.014 29.736 0.0
102.009 29.724 0.0
102.004 29.712 0.0
102.000 29.700 0.0
101.995 29.689 0.0
101.990 29.677 0.0
101.985 29.665 0.0
101.942 29.583 0.0
101.891 29.505 0.0
101.832 29.431 0.0
101.823 29.421 0.0
101.814 29.411 0.0
101.805 29.401 0.0
101.796 29.391 0.0
101.786 29.382 0.0
101.777 29.372 0.0
101.767 29.363 0.0
101.714 29.319 0.0
101.655 29.281 0.0
101.591 29.247 0.0
101.525 29.217 0.0
101.455 29.191 0.0
101.383 29.167 0.0
101.311 29.145 0.0
101.179 29.109 0.0
101.048 29.076 0.0
100.915 29.049 0.0
100.783 29.029 0.0
100.651 29.016 0.0
100.520 29.011 0.0
100.389 29.015 0.0
100.249 29.031 0.0
100.110 29.055 0.0
99.970 29.084 0.0
99.831 29.114 0.0
99.691 29.142 0.0
99.550 29.165 0.0
99.408 29.179 0.0
99.164 29.177 0.0
98.920 29.150 0.0
98.675 29.108 0.0
98.432 29.064 0.0
98.191 29.027 0.0
97.956 29.008 0.0
97.725 29.018 0.0
97.572 29.046 0.0
97.422 29.090 0.0
97.274 29.146 0.0
97.127 29.213 0.0
96.981 29.288 0.0
96.835 29.368 0.0
96.690 29.450 0.0
NoLabel 0
0 4 255 255 255 0 0 0
176
88.598 42.989 0.0
88.558 43.162 0.0
88.525 43.330 0.0
88.504 43.485 0.0
88.502 43.623 0.0
88.526 43.737 0.0
88.583 43.821 0.0
88.678 43.869 0.0
88.747 43.879 0.0
88.826 43.879 0.0
88.915 43.871 0.0
89.012 43.859 0.0
89.114 43.843 0.0
89.220 43.828 0.0
89.327 43.815 0.0
89.504 43.803 0.0
89.677 43.804 0.0
89.842 43.820 0.0
89.995 43.852 0.0
90.133 43.902 0.0
90.251 43.970 0.0
90.346 44.059 0.0
90.379 44.105 0.0
90.406 44.153 0.0
90.428 44.203 0.0
90.443 44.253 0.0
90.452 44.301 0.0
90.454 44.348 0.0
90.448 44.390 0.0
90.337 44.525 0.0
90.105 44.579 0.0
89.786 44.579 0.0
89.414 44.550 0.0
89.359 44.544 0.0
89.303 44.538 0.0
89.247 44.533 0.0
89.191 44.528 0.0
89.135 44.523 0.0
89.079 44.519 0.0
89.023 44.517 0.0
88.942 44.514 0.0
88.861 44.514 0.0
88.780 44.515 0.0
88.699 44.518 0.0
88.618 44.522 0.0
88.537 44.527 0.0
88.457 44.534 0.0
88.263 44.553 0.0
88.070 44.576 0.0
87.878 44.602 0.0
87.685 44.630 0.0
87.491 44.659 0.0
87.294 44.687 0.0
87.093 44.714 0.0
86.908 44.736 0.0
86.723 44.759 0.0
86.540 44.785 0.0
86.362 44.816 0.0
86.193 44.856 0.0
86.035 44.906 0.0
85.892 44.971 0.0
85.777 45.042 0.0
85.671 45.123 0.0
85.570 45.210 0.0
85.469 45.302 0.0
85.364 45.393 0.0
85.249 45.481 0.0
85.120 45.562 0.0
85.089 45.579 0.0
85.058 45.595 0.0
85.026 45.609 0.0
84.993 45.621 0.0
84.960 45.630 0.0
84.926 45.636 0.0
84.892 45.638 0.0
84.859 45.637 0.0
84.825 45.631 0.0
84.792 45.623 0.0
84.758 45.613 0.0
84.725 45.602 0.0
84.692 45.589 0.0
84.659 45.577 0.0
84.613 45.560 0.0
84.567 45.544 0.0
84.521 45.528 0.0
84.477 45.513 0.0
84.432 45.497 0.0
84.389 45.480 0.0
84.346 45.463 0.0
84.328 45.455 0.0
84.311 45.447 0.0
84.294 45.439 0.0
84.276 45.431 0.0
84.259 45.422 0.0
84.242 45.414 0.0
84.225 45.405 0.0
84.105 45.350 0.0
83.985 45.301 0.0
83.865 45.263 0.0
83.689 45.230 0.0
83.508 45.218 0.0
83.319 45.220 0.0
83.121 45.228 0.0
82.911 45.233 0.0
82.688 45.228 0.0
82.450 45.204 0.0
82.327 45.183 0.0
82.205 45.156 0.0
82.091 45.124 0.0
81.992 45.087 0.0
81.912 45.046 0.0
81.858 45.003 0.0
81.836 44.957 0.0
81.848 44.912 0.0
81.889 44.865 0.0
81.954 44.818 0.0
82.035 44.771 0.0
82.129 44.724 0.0
82.229 44.678 0.0
82.330 44.633 0.0
82.487 44.563 0.0
82.635 44.498 0.0
82.775 44.440 0.0
82.910 44.389 0.0
83.044 44.347 0.0
83.179 44.316 0.0
83.317 44.295 0.0
83.480 44.285 0.0
83.650 44.287 0.0
83.825 44.297 0.0
84.004 44.311 0.0
84.185 44.324 0.0
84.366 44.334 0.0
84.547 44.337 0.0
84.733 44.328 0.0
84.917 44.308 0.0
85.098 44.278 0.0
85.275 44.239 0.0
85.450 44.193 0.0
85.621 44.140 0.0
85.790 44.082 0.0
85.893 44.044 0.0
85.995 44.006 0.0
86.098 43.969 0.0
86.201 43.935 0.0
86.306 43.904 0.0
86.413 43.878 0.0
86.522 43.859 0.0
86.537 43.857 0.0
86.553 43.855 0.0
86.569 43.853 0.0
86.584 43.851 0.0
86.600 43.849 0.0
86.615 43.848 0.0
86.631 43.846 0.0
86.647 43.845 0.0
86.663 43.845 0.0
86.679 43.844 0.0
86.695 43.843 0.0
86.711 43.842 0.0
86.727 43.842 0.0
86.743 43.841 0.0
86.849 43.835 0.0
86.958 43.827 0.0
87.066 43.816 0.0
87.171 43.800 0.0
87.270 43.779 0.0
87.362 43.750 0.0
87.444 43.713 0.0
87.530 43.654 0.0
87.599 43.582 0.0
87.655 43.499 0.0
87.699 43.409 0.0
87.734 43.311 0.0
87.764 43.210 0.0
87.791 43.107 0.0
NoLabel 0
