diamond 14 /disk2/diamond/update/rr111314.024
2014 11 13 8 0
LINES: 0
LINES_SYMBOL: 4
38 2 169
    92.034    27.118     0.000    92.060    27.143     0.000    92.086    27.167     0.000    92.112    27.192     0.000
    92.139    27.216     0.000    92.165    27.241     0.000    92.191    27.265     0.000    92.217    27.290     0.000
    92.406    27.468     0.000    92.595    27.645     0.000    92.786    27.821     0.000    92.981    27.994     0.000
    93.183    28.164     0.000    93.395    28.332     0.000    93.617    28.495     0.000    93.839    28.644     0.000
    94.070    28.783     0.000    94.311    28.908     0.000    94.559    29.013     0.000    94.811    29.092     0.000
    95.067    29.140     0.000    95.323    29.153     0.000    95.541    29.133     0.000    95.758    29.087     0.000
    95.973    29.021     0.000    96.185    28.938     0.000    96.395    28.845     0.000    96.602    28.745     0.000
    96.806    28.644     0.000    97.028    28.534     0.000    97.247    28.428     0.000    97.465    28.324     0.000
    97.683    28.222     0.000    97.903    28.121     0.000    98.125    28.021     0.000    98.351    27.921     0.000
    98.520    27.848     0.000    98.691    27.777     0.000    98.864    27.713     0.000    99.038    27.657     0.000
    99.213    27.614     0.000    99.387    27.586     0.000    99.562    27.576     0.000    99.783    27.594     0.000
   100.003    27.642     0.000   100.219    27.718     0.000   100.430    27.816     0.000   100.636    27.932     0.000
   100.835    28.062     0.000   101.025    28.202     0.000   101.283    28.416     0.000   101.521    28.641     0.000
   101.739    28.877     0.000   101.936    29.123     0.000   102.113    29.379     0.000   102.269    29.644     0.000
   102.405    29.917     0.000   102.496    30.133     0.000   102.577    30.353     0.000   102.649    30.577     0.000
   102.714    30.804     0.000   102.773    31.033     0.000   102.828    31.265     0.000   102.881    31.498     0.000
   102.904    31.596     0.000   102.927    31.695     0.000   102.952    31.793     0.000   102.981    31.890     0.000
   103.013    31.985     0.000   103.051    32.078     0.000   103.095    32.168     0.000   103.178    32.304     0.000
   103.276    32.434     0.000   103.385    32.559     0.000   103.503    32.681     0.000   103.626    32.801     0.000
   103.750    32.920     0.000   103.874    33.040     0.000   104.036    33.205     0.000   104.194    33.372     0.000
   104.351    33.539     0.000   104.511    33.704     0.000   104.679    33.864     0.000   104.858    34.018     0.000
   105.053    34.164     0.000   105.155    34.231     0.000   105.261    34.293     0.000   105.371    34.350     0.000
   105.484    34.400     0.000   105.601    34.440     0.000   105.720    34.470     0.000   105.841    34.488     0.000
   105.938    34.493     0.000   106.037    34.491     0.000   106.135    34.484     0.000   106.235    34.475     0.000
   106.335    34.464     0.000   106.436    34.455     0.000   106.537    34.448     0.000   106.671    34.446     0.000
   106.804    34.449     0.000   106.938    34.454     0.000   107.070    34.458     0.000   107.201    34.459     0.000
   107.330    34.453     0.000   107.457    34.438     0.000   107.594    34.407     0.000   107.729    34.364     0.000
   107.862    34.314     0.000   107.994    34.261     0.000   108.128    34.208     0.000   108.263    34.160     0.000
   108.400    34.120     0.000   108.558    34.090     0.000   108.720    34.074     0.000   108.883    34.072     0.000
   109.048    34.082     0.000   109.211    34.104     0.000   109.372    34.136     0.000   109.529    34.178     0.000
   109.741    34.250     0.000   109.945    34.335     0.000   110.143    34.429     0.000   110.338    34.528     0.000
   110.533    34.628     0.000   110.729    34.724     0.000   110.930    34.814     0.000   111.196    34.914     0.000
   111.470    35.000     0.000   111.749    35.077     0.000   112.031    35.149     0.000   112.313    35.221     0.000
   112.592    35.297     0.000   112.865    35.382     0.000   113.159    35.490     0.000   113.447    35.611     0.000
   113.730    35.741     0.000   114.013    35.876     0.000   114.299    36.013     0.000   114.590    36.148     0.000
   114.890    36.278     0.000   115.162    36.384     0.000   115.442    36.478     0.000   115.726    36.557     0.000
   116.015    36.617     0.000   116.305    36.653     0.000   116.594    36.663     0.000   116.880    36.641     0.000
   117.071    36.608     0.000   117.260    36.563     0.000   117.448    36.513     0.000   117.637    36.460     0.000
   117.825    36.412     0.000   118.016    36.371     0.000   118.209    36.344     0.000   118.385    36.334     0.000
   118.563    36.337     0.000   118.741    36.353     0.000   118.918    36.380     0.000   119.093    36.418     0.000
   119.264    36.466     0.000   119.429    36.522     0.000   119.725    36.649     0.000   120.000    36.801     0.000
   120.259    36.972     0.000   120.506    37.160     0.000   120.743    37.359     0.000   120.975    37.567     0.000
   121.205    37.778     0.000
NoLabel 0
0 4 36
   108.242    35.802         1   108.143    35.696     0.000   108.042    35.589     0.000   107.937    35.484     0.000
   107.826    35.378     0.000   107.709    35.273     0.000   107.582    35.169     0.000   107.443    35.065     0.000
   107.318    34.980     0.000   107.187    34.901     0.000   107.051    34.832     0.000   106.913    34.779     0.000
   106.776    34.747     0.000   106.642    34.742     0.000   106.512    34.767     0.000   106.419    34.808     0.000
   106.329    34.864     0.000   106.240    34.926     0.000   106.151    34.988     0.000   106.062    35.042     0.000
   105.970    35.082     0.000   105.875    35.101     0.000   105.819    35.100     0.000   105.761    35.091     0.000
   105.702    35.075     0.000   105.643    35.055     0.000   105.583    35.031     0.000   105.524    35.005     0.000
   105.464    34.978     0.000   105.331    34.921     0.000   105.200    34.869     0.000   105.071    34.820     0.000
   104.943    34.774     0.000   104.816    34.731     0.000   104.689    34.689     0.000   104.563    34.647     0.000

NoLabel 0
0 4 75
   102.299    30.877         1   102.265    30.724     0.000   102.230    30.572     0.000   102.194    30.419     0.000
   102.154    30.266     0.000   102.112    30.112     0.000   102.105    30.090     0.000   102.099    30.068     0.000
   102.092    30.046     0.000   102.085    30.024     0.000   102.079    30.002     0.000   102.072    29.980     0.000
   102.070    29.977     0.000   102.069    29.974     0.000   102.068    29.971     0.000   102.067    29.967     0.000
   102.066    29.964     0.000   102.065    29.961     0.000   102.064    29.958     0.000   102.022    29.845     0.000
   101.970    29.734     0.000   101.908    29.626     0.000   101.838    29.523     0.000   101.758    29.426     0.000
   101.669    29.336     0.000   101.570    29.254     0.000   101.463    29.183     0.000   101.348    29.121     0.000
   101.226    29.069     0.000   101.099    29.027     0.000   100.968    28.994     0.000   100.836    28.970     0.000
   100.702    28.956     0.000   100.554    28.951     0.000   100.405    28.955     0.000   100.257    28.968     0.000
   100.110    28.986     0.000    99.962    29.008     0.000    99.814    29.033     0.000    99.665    29.057     0.000
    99.509    29.081     0.000    99.353    29.102     0.000    99.197    29.117     0.000    99.040    29.127     0.000
    98.884    29.129     0.000    98.728    29.121     0.000    98.574    29.103     0.000    98.454    29.082     0.000
    98.334    29.056     0.000    98.215    29.029     0.000    98.097    29.002     0.000    97.978    28.980     0.000
    97.859    28.964     0.000    97.740    28.957     0.000    97.600    28.965     0.000    97.461    28.987     0.000
    97.323    29.023     0.000    97.188    29.071     0.000    97.057    29.129     0.000    96.932    29.197     0.000
    96.813    29.272     0.000    96.724    29.336     0.000    96.639    29.404     0.000    96.557    29.475     0.000
    96.479    29.548     0.000    96.403    29.623     0.000    96.329    29.699     0.000    96.256    29.776     0.000
    96.174    29.863     0.000    96.093    29.949     0.000    96.012    30.035     0.000    95.931    30.122     0.000
    95.849    30.209     0.000    95.768    30.296     0.000    95.686    30.383     0.000
NoLabel 0
0 4 176
    88.598    42.989         1    88.558    43.162     0.000    88.525    43.330     0.000    88.504    43.485     0.000
    88.502    43.623     0.000    88.526    43.737     0.000    88.583    43.821     0.000    88.678    43.869     0.000
    88.747    43.879     0.000    88.826    43.879     0.000    88.915    43.871     0.000    89.012    43.859     0.000
    89.114    43.843     0.000    89.220    43.828     0.000    89.327    43.815     0.000    89.504    43.803     0.000
    89.677    43.804     0.000    89.842    43.820     0.000    89.995    43.852     0.000    90.133    43.902     0.000
    90.251    43.970     0.000    90.346    44.059     0.000    90.379    44.105     0.000    90.406    44.153     0.000
    90.428    44.203     0.000    90.443    44.253     0.000    90.452    44.301     0.000    90.454    44.348     0.000
    90.448    44.390     0.000    90.337    44.525     0.000    90.105    44.579     0.000    89.786    44.579     0.000
    89.414    44.550     0.000    89.359    44.544     0.000    89.303    44.538     0.000    89.247    44.533     0.000
    89.191    44.528     0.000    89.135    44.523     0.000    89.079    44.519     0.000    89.023    44.517     0.000
    88.942    44.514     0.000    88.861    44.514     0.000    88.780    44.515     0.000    88.699    44.518     0.000
    88.618    44.522     0.000    88.537    44.527     0.000    88.457    44.534     0.000    88.263    44.553     0.000
    88.070    44.576     0.000    87.878    44.602     0.000    87.685    44.630     0.000    87.491    44.659     0.000
    87.294    44.687     0.000    87.093    44.714     0.000    86.908    44.736     0.000    86.723    44.759     0.000
    86.540    44.785     0.000    86.362    44.816     0.000    86.193    44.856     0.000    86.035    44.906     0.000
    85.892    44.971     0.000    85.777    45.042     0.000    85.671    45.123     0.000    85.570    45.210     0.000
    85.469    45.302     0.000    85.364    45.393     0.000    85.249    45.481     0.000    85.120    45.562     0.000
    85.089    45.579     0.000    85.058    45.595     0.000    85.026    45.609     0.000    84.993    45.621     0.000
    84.960    45.630     0.000    84.926    45.636     0.000    84.892    45.638     0.000    84.859    45.637     0.000
    84.825    45.631     0.000    84.792    45.623     0.000    84.758    45.613     0.000    84.725    45.602     0.000
    84.692    45.589     0.000    84.659    45.577     0.000    84.613    45.560     0.000    84.567    45.544     0.000
    84.521    45.528     0.000    84.477    45.513     0.000    84.432    45.497     0.000    84.389    45.480     0.000
    84.346    45.463     0.000    84.328    45.455     0.000    84.311    45.447     0.000    84.294    45.439     0.000
    84.276    45.431     0.000    84.259    45.422     0.000    84.242    45.414     0.000    84.225    45.405     0.000
    84.105    45.350     0.000    83.985    45.301     0.000    83.865    45.263     0.000    83.689    45.230     0.000
    83.508    45.218     0.000    83.319    45.220     0.000    83.121    45.228     0.000    82.911    45.233     0.000
    82.688    45.228     0.000    82.450    45.204     0.000    82.327    45.183     0.000    82.205    45.156     0.000
    82.091    45.124     0.000    81.992    45.087     0.000    81.912    45.046     0.000    81.858    45.003     0.000
    81.836    44.957     0.000    81.848    44.912     0.000    81.889    44.865     0.000    81.954    44.818     0.000
    82.035    44.771     0.000    82.129    44.724     0.000    82.229    44.678     0.000    82.330    44.633     0.000
    82.487    44.563     0.000    82.635    44.498     0.000    82.775    44.440     0.000    82.910    44.389     0.000
    83.044    44.347     0.000    83.179    44.316     0.000    83.317    44.295     0.000    83.480    44.285     0.000
    83.650    44.287     0.000    83.825    44.297     0.000    84.004    44.311     0.000    84.185    44.324     0.000
    84.366    44.334     0.000    84.547    44.337     0.000    84.733    44.328     0.000    84.917    44.308     0.000
    85.098    44.278     0.000    85.275    44.239     0.000    85.450    44.193     0.000    85.621    44.140     0.000
    85.790    44.082     0.000    85.893    44.044     0.000    85.995    44.006     0.000    86.098    43.969     0.000
    86.201    43.935     0.000    86.306    43.904     0.000    86.413    43.878     0.000    86.522    43.859     0.000
    86.537    43.857     0.000    86.553    43.855     0.000    86.569    43.853     0.000    86.584    43.851     0.000
    86.600    43.849     0.000    86.615    43.848     0.000    86.631    43.846     0.000    86.647    43.845     0.000
    86.663    43.845     0.000    86.679    43.844     0.000    86.695    43.843     0.000    86.711    43.842     0.000
    86.727    43.842     0.000    86.743    43.841     0.000    86.849    43.835     0.000    86.958    43.827     0.000
    87.066    43.816     0.000    87.171    43.800     0.000    87.270    43.779     0.000    87.362    43.750     0.000
    87.444    43.713     0.000    87.530    43.654     0.000    87.599    43.582     0.000    87.655    43.499     0.000
    87.699    43.409     0.000    87.734    43.311     0.000    87.764    43.210     0.000    87.791    43.107     0.000

NoLabel 0
SYMBOLS: 32
  23    99.625    29.729 0.0 0
  26   102.414    28.363 0.0 0
  23    88.935    45.601 0.0 0
  33   128.972    46.358 0.0 -0.638320
  33   120.967    46.938 0.0 -0.986715
  36   120.123    43.833 0.0 -0.793149
  33   119.746    38.864 0.0 -0.694738
  33   122.319    34.362 0.0 -1.154360
  33   123.056    30.746 0.0 -1.127347
  41   122.861    28.249 0.0 4.390636
  34   120.342    24.954 0.0 4.401397
  26   113.709    10.225 0.0 0
  24    88.058    44.163 0.0 0
  36   114.102    43.886 0.0 -0.600052
  36   113.441    41.238 0.0 -0.110657
  36   101.985    41.294 0.0 -0.785398
  36   107.541    41.265 0.0 -0.093478
  36   122.719    40.279 0.0 -1.158390
  36   121.389    37.445 0.0 -0.587997
  33   116.827    21.462 0.0 3.697758
  48   134.652    48.303 1 3
  48    83.792    46.511 1 3
  48    90.201    47.061 1 5
  48    89.985    43.547 1 3
  23   133.700    47.419 0.0 0
  24   105.295    36.080 0.0 0
  26   106.285    33.340 0.0 0
  48   117.204    25.618 1 1
  26   116.842    25.077 0.0 0
  26   120.756    23.044 0.0 0
  48   121.349    23.804 1 20
  48   110.355    18.945 1 15
CLOSED_CONTOURS: 15
7 184
    87.156    49.704     0.000    87.491    49.568     0.000    87.824    49.431     0.000    88.152    49.290     0.000
    88.476    49.147     0.000    88.795    48.998     0.000    89.106    48.845     0.000    89.410    48.685     0.000
    90.002    48.341     0.000    90.568    47.978     0.000    91.115    47.604     0.000    91.115    47.604     0.000
    91.276    47.450     0.000    91.437    47.296     0.000    91.600    47.144     0.000    91.766    46.995     0.000
    91.936    46.848     0.000    92.110    46.706     0.000    92.110    46.706     0.000    92.637    46.530     0.000
    93.163    46.355     0.000    93.691    46.183     0.000    94.223    46.018     0.000    94.763    45.863     0.000
    95.314    45.720     0.000    95.877    45.593     0.000    96.558    45.464     0.000    97.246    45.342     0.000
    97.925    45.211     0.000    98.577    45.053     0.000    99.185    44.853     0.000    99.185    44.853     0.000
    99.369    44.789     0.000    99.552    44.723     0.000    99.736    44.657     0.000    99.920    44.590     0.000
   100.105    44.521     0.000   100.291    44.449     0.000   100.478    44.376     0.000   100.737    44.269     0.000
   100.991    44.156     0.000   101.233    44.033     0.000   101.456    43.898     0.000   101.652    43.751     0.000
   101.814    43.588     0.000   101.934    43.408     0.000   101.987    43.283     0.000   102.020    43.152     0.000
   102.033    43.018     0.000   102.027    42.883     0.000   102.002    42.748     0.000   101.958    42.617     0.000
   101.895    42.490     0.000   101.813    42.370     0.000   101.715    42.257     0.000   101.602    42.152     0.000
   101.477    42.055     0.000   101.342    41.966     0.000   101.199    41.886     0.000   101.050    41.814     0.000
   100.719    41.688     0.000   100.372    41.595     0.000   100.013    41.526     0.000    99.643    41.475     0.000
    99.267    41.434     0.000    98.886    41.396     0.000    98.504    41.354     0.000    98.200    41.314     0.000
    97.897    41.271     0.000    97.597    41.231     0.000    97.299    41.199     0.000    97.005    41.179     0.000
    96.713    41.177     0.000    96.424    41.198     0.000    96.276    41.220     0.000    96.128    41.247     0.000
    95.981    41.280     0.000    95.834    41.317     0.000    95.688    41.357     0.000    95.541    41.399     0.000
    95.394    41.441     0.000    95.096    41.576     0.000    94.821    41.734     0.000    94.611    41.883     0.000
    94.413    42.042     0.000    94.221    42.208     0.000    94.029    42.372     0.000    93.830    42.530     0.000
    93.618    42.676     0.000    93.387    42.803     0.000    93.235    42.869     0.000    93.075    42.926     0.000
    92.908    42.975     0.000    92.736    43.016     0.000    92.560    43.049     0.000    92.382    43.075     0.000
    92.201    43.094     0.000    91.817    43.114     0.000    91.434    43.113     0.000    91.051    43.100     0.000
    90.670    43.084     0.000    90.290    43.073     0.000    89.912    43.076     0.000    89.536    43.102     0.000
    89.506    43.105     0.000    89.475    43.109     0.000    89.445    43.113     0.000    89.414    43.116     0.000
    89.384    43.120     0.000    89.353    43.124     0.000    89.323    43.128     0.000    89.191    43.137     0.000
    88.970    43.157     0.000    88.749    43.180     0.000    88.527    43.202     0.000    88.306    43.220     0.000
    88.085    43.231     0.000    87.865    43.232     0.000    87.645    43.218     0.000    87.550    43.207     0.000
    87.456    43.193     0.000    87.362    43.175     0.000    87.270    43.155     0.000    87.179    43.131     0.000
    87.089    43.104     0.000    87.002    43.073     0.000    86.900    43.033     0.000    86.801    42.990     0.000
    86.704    42.945     0.000    86.607    42.900     0.000    86.511    42.856     0.000    86.413    42.816     0.000
    86.314    42.779     0.000    86.068    42.713     0.000    85.811    42.673     0.000    85.545    42.654     0.000
    85.271    42.648     0.000    84.991    42.651     0.000    84.709    42.655     0.000    84.426    42.655     0.000
    83.954    42.634     0.000    83.488    42.596     0.000    83.028    42.550     0.000    82.576    42.509     0.000
    82.130    42.484     0.000    81.690    42.486     0.000    81.255    42.527     0.000    81.085    42.556     0.000
    80.915    42.592     0.000    80.745    42.634     0.000    80.575    42.679     0.000    80.406    42.728     0.000
    80.236    42.779     0.000    80.066    42.831     0.000    79.749    42.987     0.000    79.501    43.182     0.000
    79.332    43.417     0.000    79.235    43.688     0.000    79.200    43.986     0.000    79.215    44.304     0.000
    79.271    44.633     0.000    79.356    44.966     0.000    79.460    45.295     0.000    79.611    45.709     0.000
    79.777    46.104     0.000    79.965    46.481     0.000    80.177    46.844     0.000    80.419    47.193     0.000
    80.694    47.531     0.000    81.008    47.860     0.000    81.332    48.154     0.000    81.690    48.437     0.000
    82.081    48.703     0.000    82.505    48.946     0.000    82.957    49.162     0.000    83.437    49.345     0.000
    83.941    49.489     0.000    84.353    49.572     0.000    84.776    49.632     0.000    85.208    49.672     0.000
    85.647    49.695     0.000    86.091    49.706     0.000    86.538    49.707     0.000    86.986    49.703     0.000

0 1
    87.156    49.704     0.000
7 76
   135.488    49.175     0.000   135.567    49.119     0.000   135.567    49.119     0.000   135.738    49.004     0.000
   135.906    48.887     0.000   136.068    48.769     0.000   136.220    48.648     0.000   136.359    48.522     0.000
   136.484    48.393     0.000   136.591    48.257     0.000   136.704    48.063     0.000   136.781    47.859     0.000
   136.823    47.647     0.000   136.832    47.429     0.000   136.810    47.208     0.000   136.758    46.984     0.000
   136.680    46.761     0.000   136.606    46.600     0.000   136.519    46.444     0.000   136.416    46.296     0.000
   136.297    46.158     0.000   136.162    46.035     0.000   136.009    45.930     0.000   135.837    45.846     0.000
   135.686    45.795     0.000   135.525    45.758     0.000   135.355    45.731     0.000   135.177    45.712     0.000
   134.995    45.700     0.000   134.809    45.691     0.000   134.622    45.684     0.000   134.536    45.681     0.000
   134.451    45.678     0.000   134.367    45.677     0.000   134.285    45.679     0.000   134.206    45.685     0.000
   134.129    45.696     0.000   134.056    45.713     0.000   133.961    45.747     0.000   133.873    45.793     0.000
   133.793    45.848     0.000   133.719    45.911     0.000   133.651    45.980     0.000   133.589    46.052     0.000
   133.533    46.126     0.000   133.417    46.305     0.000   133.325    46.485     0.000   133.250    46.664     0.000
   133.186    46.845     0.000   133.126    47.028     0.000   133.064    47.213     0.000   132.993    47.401     0.000
   132.936    47.532     0.000   132.879    47.663     0.000   132.826    47.795     0.000   132.784    47.925     0.000
   132.759    48.054     0.000   132.759    48.180     0.000   132.788    48.303     0.000   132.838    48.399     0.000
   132.909    48.493     0.000   132.999    48.582     0.000   133.105    48.666     0.000   133.224    48.745     0.000
   133.353    48.818     0.000   133.489    48.883     0.000   133.660    48.953     0.000   133.836    49.014     0.000
   134.016    49.066     0.000   134.200    49.112     0.000   134.386    49.152     0.000   134.574    49.190     0.000
   134.763    49.225     0.000   134.860    49.228     0.000   134.957    49.231     0.000   135.292    49.209     0.000

0 1
   135.488    49.175     0.000
2 62
   135.098    48.828     0.000   135.194    48.764     0.000   135.288    48.698     0.000   135.288    48.698     0.000
   135.338    48.679     0.000   135.387    48.660     0.000   135.436    48.641     0.000   135.485    48.621     0.000
   135.533    48.600     0.000   135.579    48.578     0.000   135.625    48.555     0.000   135.747    48.480     0.000
   135.857    48.396     0.000   135.952    48.302     0.000   136.030    48.202     0.000   136.089    48.097     0.000
   136.129    47.989     0.000   136.147    47.879     0.000   136.141    47.764     0.000   136.110    47.651     0.000
   136.057    47.541     0.000   135.981    47.436     0.000   135.883    47.337     0.000   135.765    47.246     0.000
   135.628    47.165     0.000   135.530    47.118     0.000   135.426    47.077     0.000   135.320    47.044     0.000
   135.212    47.021     0.000   135.106    47.008     0.000   135.003    47.008     0.000   134.906    47.023     0.000
   134.815    47.053     0.000   134.733    47.098     0.000   134.659    47.154     0.000   134.593    47.219     0.000
   134.536    47.290     0.000   134.487    47.365     0.000   134.447    47.440     0.000   134.412    47.526     0.000
   134.388    47.609     0.000   134.371    47.693     0.000   134.362    47.776     0.000   134.357    47.859     0.000
   134.357    47.945     0.000   134.358    48.032     0.000   134.360    48.131     0.000   134.366    48.232     0.000
   134.380    48.331     0.000   134.405    48.428     0.000   134.444    48.519     0.000   134.501    48.602     0.000
   134.579    48.676     0.000   134.616    48.701     0.000   134.656    48.725     0.000   134.698    48.748     0.000
   134.743    48.769     0.000   134.789    48.790     0.000   134.836    48.810     0.000   134.884    48.830     0.000
   134.941    48.820     0.000   134.999    48.810     0.000
2.5 1
   135.098    48.828     0.000
7 204
   103.167    29.962     0.000   103.437    29.903     0.000   103.707    29.839     0.000   103.707    29.839     0.000
   103.990    29.829     0.000   104.271    29.814     0.000   104.549    29.790     0.000   104.823    29.753     0.000
   105.089    29.699     0.000   105.348    29.623     0.000   105.596    29.523     0.000   105.697    29.472     0.000
   105.794    29.416     0.000   105.887    29.355     0.000   105.975    29.288     0.000   106.056    29.215     0.000
   106.129    29.136     0.000   106.193    29.051     0.000   106.251    28.951     0.000   106.297    28.846     0.000
   106.331    28.737     0.000   106.351    28.625     0.000   106.359    28.513     0.000   106.352    28.403     0.000
   106.332    28.296     0.000   106.280    28.153     0.000   106.206    28.017     0.000   106.114    27.887     0.000
   106.012    27.760     0.000   105.904    27.635     0.000   105.796    27.508     0.000   105.695    27.379     0.000
   105.569    27.186     0.000   105.466    26.985     0.000   105.383    26.776     0.000   105.319    26.563     0.000
   105.273    26.345     0.000   105.241    26.126     0.000   105.224    25.906     0.000   105.220    25.579     0.000
   105.238    25.254     0.000   105.274    24.930     0.000   105.325    24.609     0.000   105.386    24.290     0.000
   105.454    23.971     0.000   105.524    23.654     0.000   105.559    23.495     0.000   105.594    23.336     0.000
   105.628    23.178     0.000   105.663    23.019     0.000   105.697    22.861     0.000   105.731    22.703     0.000
   105.764    22.545     0.000   105.870    22.181     0.000   105.962    21.937     0.000   106.073    21.699     0.000
   106.200    21.470     0.000   106.346    21.254     0.000   106.508    21.054     0.000   106.689    20.875     0.000
   106.886    20.720     0.000   107.198    20.545     0.000   107.539    20.420     0.000   107.904    20.339     0.000
   108.287    20.295     0.000   108.680    20.282     0.000   109.078    20.296     0.000   109.475    20.329     0.000
   109.773    20.363     0.000   110.067    20.401     0.000   110.356    20.434     0.000   110.642    20.458     0.000
   110.923    20.467     0.000   111.199    20.455     0.000   111.472    20.415     0.000   111.740    20.344     0.000
   112.002    20.243     0.000   112.255    20.116     0.000   112.500    19.967     0.000   112.733    19.799     0.000
   112.955    19.617     0.000   113.162    19.423     0.000   113.336    19.243     0.000   113.500    19.058     0.000
   113.655    18.868     0.000   113.803    18.676     0.000   113.945    18.481     0.000   114.084    18.284     0.000
   114.220    18.087     0.000   114.500    17.704     0.000   114.662    17.422     0.000   114.796    17.126     0.000
   114.895    16.822     0.000   114.949    16.520     0.000   114.952    16.225     0.000   114.896    15.946     0.000
   114.774    15.689     0.000   114.712    15.602     0.000   114.641    15.520     0.000   114.562    15.445     0.000
   114.477    15.376     0.000   114.386    15.315     0.000   114.291    15.263     0.000   114.191    15.222     0.000
   114.038    15.180     0.000   113.880    15.160     0.000   113.719    15.159     0.000   113.557    15.175     0.000
   113.394    15.206     0.000   113.232    15.247     0.000   113.073    15.298     0.000   112.594    15.500     0.000
   112.594    15.500     0.000   112.228    15.671     0.000   111.859    15.839     0.000   111.488    16.003     0.000
   111.113    16.162     0.000   110.734    16.313     0.000   110.352    16.455     0.000   109.964    16.588     0.000
   109.131    16.831     0.000   108.280    17.034     0.000   107.420    17.208     0.000   106.554    17.366     0.000
   105.689    17.521     0.000   104.829    17.685     0.000   103.977    17.872     0.000   103.177    18.080     0.000
   102.385    18.317     0.000   101.595    18.580     0.000   100.804    18.864     0.000   100.008    19.167     0.000
    99.203    19.484     0.000    98.385    19.811     0.000    97.583    20.135     0.000    96.784    20.475     0.000
    96.003    20.842     0.000    95.257    21.248     0.000    94.564    21.705     0.000    93.939    22.228     0.000
    93.400    22.829     0.000    93.156    23.182     0.000    92.941    23.559     0.000    92.757    23.954     0.000
    92.605    24.365     0.000    92.485    24.789     0.000    92.398    25.221     0.000    92.347    25.659     0.000
    92.334    25.904     0.000    92.333    26.148     0.000    92.346    26.390     0.000    92.374    26.631     0.000
    92.418    26.869     0.000    92.479    27.102     0.000    92.559    27.331     0.000    92.667    27.572     0.000
    92.796    27.806     0.000    92.945    28.033     0.000    93.112    28.252     0.000    93.296    28.463     0.000
    93.493    28.665     0.000    93.702    28.859     0.000    93.904    29.029     0.000    94.114    29.190     0.000
    94.333    29.341     0.000    94.560    29.481     0.000    94.796    29.608     0.000    95.041    29.721     0.000
    95.294    29.820     0.000    95.465    29.876     0.000    95.639    29.925     0.000    95.816    29.967     0.000
    95.996    30.003     0.000    96.177    30.032     0.000    96.360    30.055     0.000    96.544    30.073     0.000
    96.861    30.091     0.000    97.179    30.097     0.000    97.497    30.099     0.000    97.814    30.102     0.000
    98.129    30.113     0.000    98.441    30.136     0.000    98.750    30.178     0.000    99.055    30.242     0.000
    99.358    30.322     0.000    99.660    30.409     0.000    99.963    30.495     0.000   100.268    30.570     0.000
   100.577    30.625     0.000   100.889    30.652     0.000   101.084    30.651     0.000   101.279    30.637     0.000
   101.474    30.610     0.000   101.667    30.570     0.000   101.856    30.520     0.000   102.041    30.459     0.000
   102.221    30.389     0.000   102.320    30.345     0.000   102.418    30.299     0.000   102.514    30.251     0.000
   102.608    30.201     0.000   102.702    30.149     0.000   102.795    30.097     0.000   102.887    30.044     0.000

0 1
   103.167    29.962     0.000
2 72
    90.087    43.746     0.000    90.142    43.752     0.000    90.197    43.757     0.000    90.252    43.761     0.000
    90.308    43.763     0.000    90.363    43.762     0.000    90.419    43.758     0.000    90.474    43.750     0.000
    90.513    43.742     0.000    90.552    43.731     0.000    90.588    43.718     0.000    90.621    43.702     0.000
    90.651    43.683     0.000    90.676    43.662     0.000    90.696    43.637     0.000    90.708    43.614     0.000
    90.714    43.588     0.000    90.716    43.562     0.000    90.714    43.536     0.000    90.706    43.511     0.000
    90.695    43.487     0.000    90.679    43.466     0.000    90.645    43.440     0.000    90.603    43.421     0.000
    90.553    43.408     0.000    90.499    43.399     0.000    90.442    43.394     0.000    90.383    43.392     0.000
    90.324    43.390     0.000    90.242    43.389     0.000    90.163    43.387     0.000    90.087    43.386     0.000
    90.012    43.385     0.000    89.938    43.385     0.000    89.864    43.386     0.000    89.788    43.389     0.000
    89.748    43.391     0.000    89.708    43.394     0.000    89.668    43.398     0.000    89.629    43.405     0.000
    89.591    43.415     0.000    89.555    43.427     0.000    89.521    43.444     0.000    89.503    43.455     0.000
    89.486    43.468     0.000    89.471    43.482     0.000    89.458    43.496     0.000    89.448    43.511     0.000
    89.441    43.526     0.000    89.437    43.542     0.000    89.439    43.564     0.000    89.449    43.586     0.000
    89.465    43.607     0.000    89.486    43.627     0.000    89.510    43.646     0.000    89.537    43.664     0.000
    89.566    43.680     0.000    89.590    43.692     0.000    89.614    43.703     0.000    89.638    43.713     0.000
    89.662    43.722     0.000    89.687    43.730     0.000    89.712    43.737     0.000    89.737    43.744     0.000
    89.758    43.749     0.000    89.780    43.753     0.000    89.801    43.758     0.000    89.823    43.762     0.000
    89.845    43.766     0.000    89.867    43.770     0.000    89.889    43.774     0.000    90.012    43.760     0.000

2.5 1
    90.087    43.746     0.000
7 43
   113.810    11.254     0.000   114.028    11.204     0.000   114.240    11.148     0.000   114.440    11.083     0.000
   114.623    11.005     0.000   114.783    10.908     0.000   114.913    10.790     0.000   115.009    10.645     0.000
   115.043    10.557     0.000   115.067    10.462     0.000   115.081    10.362     0.000   115.085    10.259     0.000
   115.079    10.154     0.000   115.065    10.050     0.000   115.042     9.947     0.000   114.944     9.687     0.000
   114.796     9.455     0.000   114.606     9.253     0.000   114.381     9.084     0.000   114.128     8.950     0.000
   113.855     8.855     0.000   113.566     8.800     0.000   113.355     8.788     0.000   113.145     8.798     0.000
   112.942     8.833     0.000   112.751     8.892     0.000   112.577     8.977     0.000   112.426     9.089     0.000
   112.303     9.227     0.000   112.208     9.407     0.000   112.150     9.610     0.000   112.129     9.827     0.000
   112.141    10.051     0.000   112.187    10.271     0.000   112.264    10.478     0.000   112.371    10.662     0.000
   112.504    10.814     0.000   112.660    10.939     0.000   112.835    11.042     0.000   113.026    11.126     0.000
   113.229    11.197     0.000   113.440    11.258     0.000   113.655    11.314     0.000
0 1
   113.810    11.254     0.000
2 74
   110.752    19.420     0.000   110.806    19.401     0.000   110.806    19.401     0.000   110.821    19.396     0.000
   110.837    19.391     0.000   110.852    19.385     0.000   110.866    19.379     0.000   110.880    19.373     0.000
   110.893    19.365     0.000   110.904    19.356     0.000   110.922    19.339     0.000   110.936    19.318     0.000
   110.947    19.295     0.000   110.955    19.270     0.000   110.961    19.243     0.000   110.965    19.216     0.000
   110.968    19.189     0.000   110.969    19.121     0.000   110.963    19.056     0.000   110.952    18.992     0.000
   110.936    18.930     0.000   110.917    18.867     0.000   110.897    18.805     0.000   110.875    18.741     0.000
   110.856    18.684     0.000   110.837    18.626     0.000   110.815    18.569     0.000   110.790    18.515     0.000
   110.761    18.464     0.000   110.726    18.418     0.000   110.684    18.378     0.000   110.639    18.348     0.000
   110.588    18.324     0.000   110.534    18.306     0.000   110.476    18.295     0.000   110.418    18.291     0.000
   110.359    18.294     0.000   110.302    18.305     0.000   110.262    18.318     0.000   110.224    18.334     0.000
   110.187    18.354     0.000   110.154    18.377     0.000   110.123    18.403     0.000   110.096    18.432     0.000
   110.072    18.464     0.000   110.047    18.507     0.000   110.027    18.553     0.000   110.014    18.602     0.000
   110.006    18.652     0.000   110.002    18.704     0.000   110.002    18.756     0.000   110.007    18.808     0.000
   110.013    18.851     0.000   110.022    18.893     0.000   110.033    18.935     0.000   110.048    18.975     0.000
   110.065    19.013     0.000   110.085    19.050     0.000   110.109    19.084     0.000   110.143    19.124     0.000
   110.181    19.160     0.000   110.223    19.193     0.000   110.267    19.224     0.000   110.314    19.254     0.000
   110.361    19.283     0.000   110.408    19.312     0.000   110.428    19.324     0.000   110.448    19.336     0.000
   110.468    19.349     0.000   110.488    19.361     0.000   110.508    19.374     0.000   110.527    19.386     0.000
   110.547    19.399     0.000   110.649    19.407     0.000
10 1
   110.752    19.420     0.000
2 54
   122.185    24.455     0.000   122.196    24.402     0.000   122.207    24.349     0.000   122.217    24.296     0.000
   122.217    24.296     0.000   122.213    24.262     0.000   122.209    24.227     0.000   122.205    24.192     0.000
   122.202    24.157     0.000   122.199    24.121     0.000   122.197    24.083     0.000   122.195    24.045     0.000
   122.193    23.958     0.000   122.192    23.869     0.000   122.188    23.781     0.000   122.179    23.697     0.000
   122.160    23.622     0.000   122.129    23.558     0.000   122.083    23.510     0.000   122.039    23.486     0.000
   121.987    23.471     0.000   121.928    23.464     0.000   121.865    23.464     0.000   121.798    23.470     0.000
   121.729    23.481     0.000   121.659    23.496     0.000   121.583    23.517     0.000   121.509    23.543     0.000
   121.441    23.572     0.000   121.380    23.607     0.000   121.328    23.646     0.000   121.288    23.690     0.000
   121.261    23.740     0.000   121.248    23.793     0.000   121.249    23.851     0.000   121.261    23.911     0.000
   121.282    23.973     0.000   121.311    24.035     0.000   121.345    24.096     0.000   121.384    24.156     0.000
   121.422    24.208     0.000   121.463    24.258     0.000   121.505    24.303     0.000   121.551    24.344     0.000
   121.599    24.380     0.000   121.650    24.410     0.000   121.704    24.434     0.000   121.758    24.452     0.000
   121.816    24.464     0.000   121.875    24.472     0.000   121.936    24.477     0.000   121.999    24.478     0.000
   122.062    24.479     0.000   122.125    24.478     0.000
10 1
   122.185    24.455     0.000
6 93
   121.880    25.931     0.000   121.667    25.794     0.000   121.458    25.655     0.000   121.255    25.513     0.000
   121.060    25.366     0.000   120.876    25.214     0.000   120.706    25.056     0.000   120.551    24.889     0.000
   120.341    24.606     0.000   120.170    24.301     0.000   120.031    23.977     0.000   119.916    23.635     0.000
   119.818    23.277     0.000   119.731    22.904     0.000   119.648    22.519     0.000   119.595    22.265     0.000
   119.550    22.012     0.000   119.522    21.764     0.000   119.520    21.526     0.000   119.553    21.304     0.000
   119.629    21.102     0.000   119.759    20.926     0.000   119.850    20.845     0.000   119.955    20.774     0.000
   120.071    20.713     0.000   120.194    20.665     0.000   120.322    20.631     0.000   120.451    20.612     0.000
   120.578    20.609     0.000   120.775    20.641     0.000   120.960    20.714     0.000   121.133    20.821     0.000
   121.294    20.955     0.000   121.444    21.109     0.000   121.584    21.276     0.000   121.712    21.450     0.000
   121.854    21.661     0.000   121.983    21.872     0.000   122.100    22.083     0.000   122.208    22.294     0.000
   122.309    22.507     0.000   122.406    22.721     0.000   122.500    22.937     0.000   122.583    23.132     0.000
   122.665    23.329     0.000   122.742    23.529     0.000   122.815    23.732     0.000   122.881    23.939     0.000
   122.937    24.149     0.000   122.983    24.364     0.000   122.983    24.364     0.000   123.006    24.465     0.000
   123.030    24.565     0.000   123.053    24.666     0.000   123.075    24.765     0.000   123.098    24.864     0.000
   123.119    24.962     0.000   123.140    25.059     0.000   123.164    25.176     0.000   123.187    25.291     0.000
   123.207    25.408     0.000   123.223    25.528     0.000   123.237    25.652     0.000   123.245    25.781     0.000
   123.249    25.918     0.000   123.249    25.979     0.000   123.247    26.040     0.000   123.240    26.099     0.000
   123.229    26.155     0.000   123.212    26.205     0.000   123.188    26.248     0.000   123.155    26.283     0.000
   123.105    26.310     0.000   123.044    26.325     0.000   122.975    26.329     0.000   122.902    26.324     0.000
   122.825    26.312     0.000   122.748    26.294     0.000   122.674    26.273     0.000   122.608    26.251     0.000
   122.546    26.227     0.000   122.486    26.203     0.000   122.429    26.177     0.000   122.374    26.151     0.000
   122.318    26.124     0.000   122.263    26.097     0.000   122.219    26.076     0.000   122.175    26.055     0.000
   122.130    26.035     0.000   122.085    26.014     0.000   122.039    25.993     0.000   121.993    25.972     0.000
   121.948    25.951     0.000
0 1
   121.880    25.931     0.000
2 50
    84.062    46.838     0.000    84.098    46.810     0.000    84.134    46.782     0.000    84.167    46.753     0.000
    84.198    46.724     0.000    84.226    46.694     0.000    84.250    46.662     0.000    84.269    46.630     0.000
    84.283    46.590     0.000    84.291    46.548     0.000    84.290    46.506     0.000    84.282    46.463     0.000
    84.266    46.420     0.000    84.243    46.378     0.000    84.213    46.337     0.000    84.172    46.295     0.000
    84.123    46.255     0.000    84.069    46.221     0.000    84.011    46.193     0.000    83.950    46.172     0.000
    83.888    46.160     0.000    83.826    46.159     0.000    83.773    46.167     0.000    83.722    46.183     0.000
    83.674    46.205     0.000    83.628    46.234     0.000    83.586    46.267     0.000    83.549    46.303     0.000
    83.517    46.342     0.000    83.491    46.381     0.000    83.471    46.420     0.000    83.457    46.460     0.000
    83.450    46.500     0.000    83.451    46.539     0.000    83.459    46.577     0.000    83.475    46.613     0.000
    83.497    46.644     0.000    83.525    46.673     0.000    83.558    46.700     0.000    83.596    46.725     0.000
    83.637    46.748     0.000    83.681    46.767     0.000    83.727    46.785     0.000    83.757    46.794     0.000
    83.786    46.802     0.000    83.816    46.809     0.000    83.846    46.816     0.000    83.876    46.822     0.000
    83.906    46.828     0.000    83.937    46.833     0.000
2.5 1
    84.062    46.838     0.000
2 64
    89.376    48.311     0.000    89.475    48.270     0.000    89.573    48.229     0.000    89.671    48.188     0.000
    89.767    48.146     0.000    89.861    48.102     0.000    89.953    48.058     0.000    90.042    48.011     0.000
    90.179    47.932     0.000    90.310    47.848     0.000    90.434    47.759     0.000    90.553    47.666     0.000
    90.667    47.567     0.000    90.777    47.464     0.000    90.885    47.356     0.000    90.967    47.268     0.000
    91.043    47.177     0.000    91.107    47.084     0.000    91.154    46.989     0.000    91.178    46.893     0.000
    91.176    46.795     0.000    91.141    46.696     0.000    91.103    46.638     0.000    91.054    46.581     0.000
    90.995    46.529     0.000    90.929    46.485     0.000    90.858    46.450     0.000    90.783    46.428     0.000
    90.706    46.421     0.000    90.661    46.424     0.000    90.616    46.432     0.000    90.572    46.445     0.000
    90.526    46.460     0.000    90.481    46.478     0.000    90.436    46.496     0.000    90.390    46.515     0.000
    90.185    46.587     0.000    89.977    46.649     0.000    89.771    46.706     0.000    89.571    46.763     0.000
    89.382    46.827     0.000    89.209    46.904     0.000    89.056    46.998     0.000    88.931    47.113     0.000
    88.832    47.245     0.000    88.761    47.391     0.000    88.720    47.544     0.000    88.711    47.699     0.000
    88.736    47.851     0.000    88.799    47.996     0.000    88.833    48.048     0.000    88.872    48.098     0.000
    88.917    48.145     0.000    88.966    48.190     0.000    89.020    48.233     0.000    89.079    48.272     0.000
    89.142    48.308     0.000    89.156    48.316     0.000    89.169    48.323     0.000    89.183    48.330     0.000
    89.197    48.337     0.000    89.212    48.344     0.000    89.226    48.350     0.000    89.240    48.357     0.000

2.5 1
    89.376    48.311     0.000
2 50
    90.538    47.330     0.000    90.577    47.310     0.000    90.615    47.289     0.000    90.651    47.268     0.000
    90.684    47.246     0.000    90.714    47.223     0.000    90.738    47.198     0.000    90.756    47.171     0.000
    90.770    47.136     0.000    90.774    47.099     0.000    90.770    47.060     0.000    90.757    47.021     0.000
    90.737    46.984     0.000    90.710    46.948     0.000    90.677    46.916     0.000    90.618    46.875     0.000
    90.550    46.843     0.000    90.474    46.820     0.000    90.393    46.806     0.000    90.309    46.801     0.000
    90.225    46.804     0.000    90.143    46.816     0.000    90.084    46.832     0.000    90.028    46.852     0.000
    89.977    46.876     0.000    89.932    46.905     0.000    89.893    46.938     0.000    89.863    46.974     0.000
    89.841    47.014     0.000    89.830    47.055     0.000    89.828    47.098     0.000    89.835    47.141     0.000
    89.850    47.182     0.000    89.874    47.221     0.000    89.906    47.255     0.000    89.946    47.283     0.000
    89.984    47.301     0.000    90.027    47.314     0.000    90.072    47.325     0.000    90.120    47.332     0.000
    90.169    47.338     0.000    90.218    47.342     0.000    90.268    47.346     0.000    90.299    47.349     0.000
    90.329    47.352     0.000    90.360    47.354     0.000    90.390    47.357     0.000    90.420    47.360     0.000
    90.449    47.363     0.000    90.479    47.366     0.000
5 1
    90.538    47.330     0.000
4 159
   106.051    36.730     0.000   106.126    36.700     0.000   106.199    36.669     0.000   106.270    36.636     0.000
   106.338    36.602     0.000   106.402    36.564     0.000   106.461    36.522     0.000   106.513    36.476     0.000
   106.554    36.430     0.000   106.590    36.381     0.000   106.621    36.329     0.000   106.649    36.275     0.000
   106.674    36.220     0.000   106.696    36.164     0.000   106.718    36.108     0.000   106.762    35.988     0.000
   106.801    35.870     0.000   106.832    35.752     0.000   106.852    35.631     0.000   106.857    35.504     0.000
   106.847    35.370     0.000   106.817    35.226     0.000   106.805    35.185     0.000   106.794    35.145     0.000
   106.786    35.106     0.000   106.784    35.069     0.000   106.788    35.036     0.000   106.802    35.009     0.000
   106.828    34.987     0.000   106.833    34.985     0.000   106.837    34.983     0.000   106.842    34.981     0.000
   106.847    34.979     0.000   106.852    34.977     0.000   106.857    34.975     0.000   106.862    34.973     0.000
   106.936    34.751     0.000   107.031    34.538     0.000   107.155    34.336     0.000   107.317    34.150     0.000
   107.431    34.049     0.000   107.553    33.951     0.000   107.677    33.855     0.000   107.794    33.757     0.000
   107.898    33.657     0.000   107.982    33.551     0.000   108.038    33.437     0.000   108.060    33.324     0.000
   108.057    33.206     0.000   108.030    33.084     0.000   107.984    32.961     0.000   107.923    32.840     0.000
   107.848    32.723     0.000   107.763    32.613     0.000   107.581    32.426     0.000   107.378    32.266     0.000
   107.158    32.128     0.000   106.925    32.004     0.000   106.682    31.887     0.000   106.435    31.769     0.000
   106.186    31.643     0.000   105.999    31.541     0.000   105.813    31.438     0.000   105.626    31.342     0.000
   105.436    31.260     0.000   105.242    31.201     0.000   105.043    31.171     0.000   104.836    31.179     0.000
   104.746    31.195     0.000   104.656    31.219     0.000   104.569    31.251     0.000   104.488    31.289     0.000
   104.414    31.334     0.000   104.350    31.386     0.000   104.298    31.443     0.000   104.245    31.543     0.000
   104.223    31.654     0.000   104.228    31.773     0.000   104.254    31.896     0.000   104.298    32.022     0.000
   104.355    32.146     0.000   104.421    32.267     0.000   104.506    32.405     0.000   104.594    32.535     0.000
   104.684    32.659     0.000   104.771    32.781     0.000   104.856    32.901     0.000   104.934    33.022     0.000
   105.003    33.148     0.000   105.080    33.322     0.000   105.138    33.506     0.000   105.179    33.696     0.000
   105.204    33.891     0.000   105.214    34.089     0.000   105.209    34.288     0.000   105.191    34.486     0.000
   105.171    34.624     0.000   105.143    34.760     0.000   105.108    34.893     0.000   105.064    35.024     0.000
   105.009    35.153     0.000   104.944    35.277     0.000   104.868    35.398     0.000   104.786    35.506     0.000
   104.699    35.612     0.000   104.611    35.717     0.000   104.526    35.824     0.000   104.450    35.933     0.000
   104.387    36.046     0.000   104.343    36.165     0.000   104.324    36.262     0.000   104.313    36.361     0.000
   104.306    36.462     0.000   104.298    36.561     0.000   104.282    36.657     0.000   104.254    36.749     0.000
   104.209    36.835     0.000   104.159    36.896     0.000   104.100    36.955     0.000   104.034    37.011     0.000
   103.967    37.066     0.000   103.902    37.123     0.000   103.843    37.183     0.000   103.794    37.247     0.000
   103.763    37.309     0.000   103.743    37.374     0.000   103.736    37.442     0.000   103.742    37.512     0.000
   103.762    37.582     0.000   103.795    37.651     0.000   103.843    37.718     0.000   103.884    37.761     0.000
   103.929    37.802     0.000   103.978    37.838     0.000   104.028    37.867     0.000   104.078    37.889     0.000
   104.125    37.902     0.000   104.169    37.904     0.000   104.220    37.886     0.000   104.262    37.849     0.000
   104.297    37.797     0.000   104.328    37.732     0.000   104.356    37.660     0.000   104.383    37.585     0.000
   104.413    37.510     0.000   104.485    37.369     0.000   104.571    37.246     0.000   104.672    37.140     0.000
   104.785    37.049     0.000   104.908    36.973     0.000   105.041    36.909     0.000   105.182    36.857     0.000
   105.284    36.826     0.000   105.389    36.801     0.000   105.497    36.778     0.000   105.606    36.759     0.000
   105.717    36.741     0.000   105.828    36.725     0.000   105.940    36.710     0.000
0 1
   106.051    36.730     0.000
4 78
   118.516    26.574     0.000   118.495    26.509     0.000   118.473    26.443     0.000   118.450    26.378     0.000
   118.426    26.313     0.000   118.401    26.250     0.000   118.373    26.187     0.000   118.343    26.126     0.000
   118.257    25.982     0.000   118.157    25.846     0.000   118.046    25.715     0.000   117.928    25.588     0.000
   117.805    25.462     0.000   117.683    25.335     0.000   117.563    25.206     0.000   117.481    25.111     0.000
   117.402    25.015     0.000   117.326    24.918     0.000   117.252    24.821     0.000   117.179    24.725     0.000
   117.108    24.630     0.000   117.039    24.537     0.000   116.972    24.449     0.000   116.905    24.362     0.000
   116.837    24.275     0.000   116.767    24.186     0.000   116.694    24.094     0.000   116.616    23.998     0.000
   116.534    23.895     0.000   116.482    23.831     0.000   116.427    23.768     0.000   116.371    23.710     0.000
   116.313    23.661     0.000   116.253    23.624     0.000   116.192    23.604     0.000   116.128    23.603     0.000
   116.096    23.612     0.000   116.064    23.626     0.000   116.033    23.644     0.000   116.002    23.666     0.000
   115.973    23.691     0.000   115.947    23.718     0.000   115.923    23.746     0.000   115.862    23.855     0.000
   115.837    23.972     0.000   115.841    24.094     0.000   115.867    24.220     0.000   115.909    24.348     0.000
   115.958    24.478     0.000   116.009    24.607     0.000   116.070    24.777     0.000   116.124    24.944     0.000
   116.176    25.106     0.000   116.231    25.263     0.000   116.292    25.416     0.000   116.363    25.563     0.000
   116.451    25.706     0.000   116.531    25.811     0.000   116.622    25.912     0.000   116.723    26.008     0.000
   116.833    26.096     0.000   116.951    26.176     0.000   117.075    26.246     0.000   117.204    26.306     0.000
   117.332    26.352     0.000   117.463    26.390     0.000   117.596    26.420     0.000   117.730    26.446     0.000
   117.866    26.469     0.000   118.002    26.492     0.000   118.138    26.515     0.000   118.183    26.524     0.000
   118.228    26.533     0.000   118.273    26.542     0.000   118.318    26.552     0.000   118.363    26.561     0.000
   118.407    26.571     0.000   118.452    26.581     0.000
0 1
   118.516    26.574     0.000
2 57
    98.441    29.701     0.000    98.543    29.683     0.000    98.643    29.662     0.000    98.739    29.637     0.000
    98.829    29.606     0.000    98.910    29.567     0.000    98.981    29.518     0.000    99.040    29.457     0.000
    99.085    29.381     0.000    99.114    29.296     0.000    99.127    29.205     0.000    99.124    29.112     0.000
    99.103    29.022     0.000    99.064    28.940     0.000    99.006    28.869     0.000    98.935    28.816     0.000
    98.851    28.777     0.000    98.758    28.752     0.000    98.660    28.741     0.000    98.562    28.743     0.000
    98.468    28.760     0.000    98.381    28.791     0.000    98.295    28.842     0.000    98.219    28.907     0.000
    98.150    28.978     0.000    98.083    29.051     0.000    98.013    29.121     0.000    97.935    29.180     0.000
    97.845    29.223     0.000    97.784    29.240     0.000    97.720    29.253     0.000    97.654    29.263     0.000
    97.591    29.276     0.000    97.531    29.293     0.000    97.477    29.317     0.000    97.433    29.352     0.000
    97.413    29.378     0.000    97.396    29.408     0.000    97.384    29.439     0.000    97.377    29.472     0.000
    97.375    29.506     0.000    97.377    29.538     0.000    97.386    29.568     0.000    97.410    29.610     0.000
    97.446    29.645     0.000    97.492    29.674     0.000    97.545    29.698     0.000    97.604    29.716     0.000
    97.666    29.731     0.000    97.729    29.742     0.000    97.823    29.753     0.000    97.914    29.760     0.000
    98.003    29.761     0.000    98.089    29.759     0.000    98.174    29.755     0.000    98.258    29.748     0.000
    98.341    29.740     0.000
2.5 1
    98.441    29.701     0.000
STATION_SITUATION
50779 0
50892 0
51053 0
51057 0
51058 0
51059 0
51060 0
51068 0
51076 0
51087 2
51133 0
51137 0
51145 2
51156 0
51186 2
51232 0
51238 0
51241 0
51243 0
51288 0
51328 0
51329 0
51330 0
51334 0
51346 0
51352 0
51353 0
51356 0
51357 0
51358 0
51359 0
51365 0
51367 0
51368 0
51369 0
51377 0
51378 0
51379 0
51430 0
51431 0
51433 0
51434 0
51435 0
51436 0
51437 0
51438 0
51463 0
51465 0
51468 0
51469 0
51470 0
51477 0
51482 0
51495 0
51542 0
52101 0
52112 0
52118 0
52203 0
52211 0
52267 0
52323 0
52797 0
52895 0
52993 0
52996 0
53806 0
53817 0
53903 0
53906 0
53908 0
53910 0
53914 0
53915 0
53916 0
53917 0
53927 0
56190 0
56194 0
56195 0
56196 0
56227 0
56228 0
56247 0
56257 0
56267 0
56278 0
56287 0
56331 2
56342 0
56357 0
56371 0
56373 0
56374 0
56376 0
56378 0
56382 0
56384 0
56385 0
56386 0
56387 0
56389 0
56390 0
56394 0
56395 0
56396 0
56434 0
56441 0
56443 0
56444 0
56459 0
56462 0
56473 0
56474 0
56475 0
56478 0
56479 0
56480 0
56483 0
56485 0
56487 0
56489 0
56490 0
56491 0
56492 0
56493 0
56494 0
56495 0
56496 0
56497 0
56498 0
56499 0
56533 0
56543 0
56548 0
56565 0
56567 0
56569 0
56571 0
56575 0
56578 0
56580 0
56582 0
56584 0
56585 0
56586 0
56592 0
56593 0
56594 0
56595 0
56596 0
56598 0
56641 0
56643 0
56645 0
56646 0
56649 0
56651 0
56652 0
56654 0
56664 0
56665 0
56666 0
56669 0
56670 0
56671 0
56673 0
56674 0
56675 0
56684 0
56688 0
56691 0
56693 0
56697 0
56739 0
56741 0
56742 0
56745 0
56746 0
56748 0
56751 0
56752 0
56755 0
56756 0
56757 0
56761 0
56763 0
56764 0
56766 0
56767 0
56768 0
56772 0
56774 0
56775 0
56777 0
56778 0
56779 0
56781 0
56782 0
56783 0
56785 0
56786 0
56788 0
56790 0
56792 0
56793 0
56835 0
56836 0
56837 0
56838 0
56839 0
56840 0
56841 0
56842 0
56843 0
56844 0
56845 0
56846 0
56849 0
56851 0
56854 0
56856 0
56862 0
56863 0
56867 0
56869 0
56870 0
56871 0
56872 0
56873 0
56875 0
56876 0
56878 0
56879 0
56880 0
56881 0
56882 0
56883 0
56885 0
56886 0
56889 0
56891 0
56898 0
56944 0
56946 0
56948 0
56949 0
56950 0
56951 0
56952 0
56954 0
56956 0
56957 0
56958 0
56959 0
56961 0
56962 0
56964 0
56966 0
56969 0
56970 0
56973 0
56975 0
56976 0
56977 0
56978 0
56982 0
56984 0
56985 0
56986 0
56987 0
56989 0
56991 0
56992 0
56994 0
56995 0
56996 0
57001 0
57002 0
57003 0
57006 0
57008 0
57011 0
57012 0
57014 0
57028 0
57102 0
57105 0
57106 0
57110 0
57111 0
57113 0
57119 0
57124 0
57126 0
57127 0
57128 0
57129 0
57134 0
57204 0
57206 0
57208 0
57211 0
57213 0
57216 0
57217 0
57303 0
57304 0
57306 0
57308 0
57503 0
57504 0
57505 0
57507 0
57508 0
57600 0
57602 0
57603 0
57604 0
57605 0
57608 0
57609 0
57614 0
57707 0
57900 0
57902 0
57907 0
58826 0
58828 0
58837 0
58912 0
58918 0
58921 0
58923 0
58926 0
58927 0
58931 0
58965 0
58968 0
58969 0
58974 0
59004 0
59007 0
59113 0
59114 0
59116 0
59117 0
59152 0
59153 0
59155 0
59158 0
59162 0
59310 0
59353 0
59354 0
59358 0
59359 0
59362 10
59368 0
59399 0
59553 0
59554 0
59556 0
59559 0
59562 0
59567 0
59754 0
59757 0
59758 0
59838 0
59842 0
59843 0
59845 0
59847 0
59848 0
59849 0
59851 0
59853 0
59854 0
59855 10
59856 0
59940 0
59941 0
59945 0
59948 0
59951 10
59954 0
59981 0
59985 0
59995 0
59997 0
WEATHER_REGION: 0
FILLAREA: 0
NOTES_SYMBOL: 7
48 134.652 48.303 0 1 3 0 4  12 1 255 0 255 255
48 83.792 46.511 0 1 3 0 4  12 1 255 0 255 255
48 90.201 47.061 0 1 5 0 4  12 1 255 0 255 255
48 89.985 43.547 0 1 3 0 4  12 1 255 0 255 255
48 117.204 25.618 0 1 1 0 4  12 1 255 0 255 255
48 121.349 23.804 0 2 20 0 4  12 1 255 0 255 255
48 110.355 18.945 0 2 15 0 4  12 1 255 0 255 255
WithProp_LINESYMBOLS: 3
0 4 255 165 43 42 0 0
36
108.242 35.802 0.0
108.143 35.696 0.0
108.042 35.589 0.0
107.937 35.484 0.0
107.826 35.378 0.0
107.709 35.273 0.0
107.582 35.169 0.0
107.443 35.065 0.0
107.318 34.980 0.0
107.187 34.901 0.0
107.051 34.832 0.0
106.913 34.779 0.0
106.776 34.747 0.0
106.642 34.742 0.0
106.512 34.767 0.0
106.419 34.808 0.0
106.329 34.864 0.0
106.240 34.926 0.0
106.151 34.988 0.0
106.062 35.042 0.0
105.970 35.082 0.0
105.875 35.101 0.0
105.819 35.100 0.0
105.761 35.091 0.0
105.702 35.075 0.0
105.643 35.055 0.0
105.583 35.031 0.0
105.524 35.005 0.0
105.464 34.978 0.0
105.331 34.921 0.0
105.200 34.869 0.0
105.071 34.820 0.0
104.943 34.774 0.0
104.816 34.731 0.0
104.689 34.689 0.0
104.563 34.647 0.0
NoLabel 0
0 4 255 255 255 0 0 0
75
102.299 30.877 0.0
102.265 30.724 0.0
102.230 30.572 0.0
102.194 30.419 0.0
102.154 30.266 0.0
102.112 30.112 0.0
102.105 30.090 0.0
102.099 30.068 0.0
102.092 30.046 0.0
102.085 30.024 0.0
102.079 30.002 0.0
102.072 29.980 0.0
102.070 29.977 0.0
102.069 29.974 0.0
102.068 29.971 0.0
102.067 29.967 0.0
102.066 29.964 0.0
102.065 29.961 0.0
102.064 29.958 0.0
102.022 29.845 0.0
101.970 29.734 0.0
101.908 29.626 0.0
101.838 29.523 0.0
101.758 29.426 0.0
101.669 29.336 0.0
101.570 29.254 0.0
101.463 29.183 0.0
101.348 29.121 0.0
101.226 29.069 0.0
101.099 29.027 0.0
100.968 28.994 0.0
100.836 28.970 0.0
100.702 28.956 0.0
100.554 28.951 0.0
100.405 28.955 0.0
100.257 28.968 0.0
100.110 28.986 0.0
99.962 29.008 0.0
99.814 29.033 0.0
99.665 29.057 0.0
99.509 29.081 0.0
99.353 29.102 0.0
99.197 29.117 0.0
99.040 29.127 0.0
98.884 29.129 0.0
98.728 29.121 0.0
98.574 29.103 0.0
98.454 29.082 0.0
98.334 29.056 0.0
98.215 29.029 0.0
98.097 29.002 0.0
97.978 28.980 0.0
97.859 28.964 0.0
97.740 28.957 0.0
97.600 28.965 0.0
97.461 28.987 0.0
97.323 29.023 0.0
97.188 29.071 0.0
97.057 29.129 0.0
96.932 29.197 0.0
96.813 29.272 0.0
96.724 29.336 0.0
96.639 29.404 0.0
96.557 29.475 0.0
96.479 29.548 0.0
96.403 29.623 0.0
96.329 29.699 0.0
96.256 29.776 0.0
96.174 29.863 0.0
96.093 29.949 0.0
96.012 30.035 0.0
95.931 30.122 0.0
95.849 30.209 0.0
95.768 30.296 0.0
95.686 30.383 0.0
NoLabel 0
0 4 255 255 255 0 0 0
176
88.598 42.989 0.0
88.558 43.162 0.0
88.525 43.330 0.0
88.504 43.485 0.0
88.502 43.623 0.0
88.526 43.737 0.0
88.583 43.821 0.0
88.678 43.869 0.0
88.747 43.879 0.0
88.826 43.879 0.0
88.915 43.871 0.0
89.012 43.859 0.0
89.114 43.843 0.0
89.220 43.828 0.0
89.327 43.815 0.0
89.504 43.803 0.0
89.677 43.804 0.0
89.842 43.820 0.0
89.995 43.852 0.0
90.133 43.902 0.0
90.251 43.970 0.0
90.346 44.059 0.0
90.379 44.105 0.0
90.406 44.153 0.0
90.428 44.203 0.0
90.443 44.253 0.0
90.452 44.301 0.0
90.454 44.348 0.0
90.448 44.390 0.0
90.337 44.525 0.0
90.105 44.579 0.0
89.786 44.579 0.0
89.414 44.550 0.0
89.359 44.544 0.0
89.303 44.538 0.0
89.247 44.533 0.0
89.191 44.528 0.0
89.135 44.523 0.0
89.079 44.519 0.0
89.023 44.517 0.0
88.942 44.514 0.0
88.861 44.514 0.0
88.780 44.515 0.0
88.699 44.518 0.0
88.618 44.522 0.0
88.537 44.527 0.0
88.457 44.534 0.0
88.263 44.553 0.0
88.070 44.576 0.0
87.878 44.602 0.0
87.685 44.630 0.0
87.491 44.659 0.0
87.294 44.687 0.0
87.093 44.714 0.0
86.908 44.736 0.0
86.723 44.759 0.0
86.540 44.785 0.0
86.362 44.816 0.0
86.193 44.856 0.0
86.035 44.906 0.0
85.892 44.971 0.0
85.777 45.042 0.0
85.671 45.123 0.0
85.570 45.210 0.0
85.469 45.302 0.0
85.364 45.393 0.0
85.249 45.481 0.0
85.120 45.562 0.0
85.089 45.579 0.0
85.058 45.595 0.0
85.026 45.609 0.0
84.993 45.621 0.0
84.960 45.630 0.0
84.926 45.636 0.0
84.892 45.638 0.0
84.859 45.637 0.0
84.825 45.631 0.0
84.792 45.623 0.0
84.758 45.613 0.0
84.725 45.602 0.0
84.692 45.589 0.0
84.659 45.577 0.0
84.613 45.560 0.0
84.567 45.544 0.0
84.521 45.528 0.0
84.477 45.513 0.0
84.432 45.497 0.0
84.389 45.480 0.0
84.346 45.463 0.0
84.328 45.455 0.0
84.311 45.447 0.0
84.294 45.439 0.0
84.276 45.431 0.0
84.259 45.422 0.0
84.242 45.414 0.0
84.225 45.405 0.0
84.105 45.350 0.0
83.985 45.301 0.0
83.865 45.263 0.0
83.689 45.230 0.0
83.508 45.218 0.0
83.319 45.220 0.0
83.121 45.228 0.0
82.911 45.233 0.0
82.688 45.228 0.0
82.450 45.204 0.0
82.327 45.183 0.0
82.205 45.156 0.0
82.091 45.124 0.0
81.992 45.087 0.0
81.912 45.046 0.0
81.858 45.003 0.0
81.836 44.957 0.0
81.848 44.912 0.0
81.889 44.865 0.0
81.954 44.818 0.0
82.035 44.771 0.0
82.129 44.724 0.0
82.229 44.678 0.0
82.330 44.633 0.0
82.487 44.563 0.0
82.635 44.498 0.0
82.775 44.440 0.0
82.910 44.389 0.0
83.044 44.347 0.0
83.179 44.316 0.0
83.317 44.295 0.0
83.480 44.285 0.0
83.650 44.287 0.0
83.825 44.297 0.0
84.004 44.311 0.0
84.185 44.324 0.0
84.366 44.334 0.0
84.547 44.337 0.0
84.733 44.328 0.0
84.917 44.308 0.0
85.098 44.278 0.0
85.275 44.239 0.0
85.450 44.193 0.0
85.621 44.140 0.0
85.790 44.082 0.0
85.893 44.044 0.0
85.995 44.006 0.0
86.098 43.969 0.0
86.201 43.935 0.0
86.306 43.904 0.0
86.413 43.878 0.0
86.522 43.859 0.0
86.537 43.857 0.0
86.553 43.855 0.0
86.569 43.853 0.0
86.584 43.851 0.0
86.600 43.849 0.0
86.615 43.848 0.0
86.631 43.846 0.0
86.647 43.845 0.0
86.663 43.845 0.0
86.679 43.844 0.0
86.695 43.843 0.0
86.711 43.842 0.0
86.727 43.842 0.0
86.743 43.841 0.0
86.849 43.835 0.0
86.958 43.827 0.0
87.066 43.816 0.0
87.171 43.800 0.0
87.270 43.779 0.0
87.362 43.750 0.0
87.444 43.713 0.0
87.530 43.654 0.0
87.599 43.582 0.0
87.655 43.499 0.0
87.699 43.409 0.0
87.734 43.311 0.0
87.764 43.210 0.0
87.791 43.107 0.0
NoLabel 0
