diamond 14 X:\diamond\typhoon\wind24\2013100514.024
2013 10 7 0 0 
LINES: 0 
LINES_SYMBOL:  0 
SYMBOLS: 1 
37  120.5361  26.3769   0   0 
CLOSED_CONTOURS:  4 
 2  142 
 128.3618  28.73915  0 
 128.4684  28.78304  0 
 128.5735  28.83311  0 
 128.6784  28.88472  0 
 128.7839  28.9332  0 
 128.8911  28.97392  0 
 129.0011  29.00222  0 
 129.1151  29.01349  0 
 129.1188  29.01352  0 
 129.1225  29.01355  0 
 129.1262  29.01356  0 
 129.1299  29.01356  0 
 129.1336  29.01355  0 
 129.1373  29.01353  0 
 129.141  29.01349  0 
 129.3023  28.98573  0 
 129.4753  28.91672  0 
 129.6467  28.82301  0 
 129.6467  28.82301  0 
 129.6598  28.81761  0 
 129.673  28.81228  0 
 129.6863  28.80696  0 
 129.6995  28.80161  0 
 129.7126  28.79619  0 
 129.7256  28.79064  0 
 129.7384  28.78493  0 
 129.8984  28.68098  0 
 130.0211  28.54211  0 
 130.117  28.3778  0 
 130.1964  28.19759  0 
 130.2697  28.01105  0 
 130.3474  27.82783  0 
 130.4397  27.65765  0 
 130.5833  27.42729  0 
 130.7241  27.19343  0 
 130.8653  26.95898  0 
 131.0105  26.72683  0 
 131.1632  26.49992  0 
 131.3267  26.28121  0 
 131.5045  26.07367  0 
 131.7617  25.82802  0 
 132.047  25.60474  0 
 132.3514  25.39642  0 
 132.6661  25.1956  0 
 132.9821  24.99477  0 
 133.2905  24.78638  0 
 133.5823  24.56279  0 
 133.7942  24.39431  0 
 134.0139  24.22831  0 
 134.2338  24.06085  0 
 134.446  23.88801  0 
 134.6428  23.70582  0 
 134.8163  23.5103  0 
 134.9589  23.29745  0 
 135.0266  23.18059  0 
 135.0987  23.05729  0 
 135.168  22.93003  0 
 135.2271  22.80127  0 
 135.2688  22.6735  0 
 135.2857  22.54922  0 
 135.2705  22.43093  0 
 135.2464  22.36449  0 
 135.2131  22.29675  0 
 135.1721  22.22934  0 
 135.1248  22.16389  0 
 135.0726  22.10203  0 
 135.0168  22.04538  0 
 134.9589  21.99559  0 
 134.8843  21.94419  0 
 134.8843  21.94419  0 
 134.8727  21.93762  0 
 134.8612  21.93099  0 
 134.8496  21.92433  0 
 134.838  21.91771  0 
 134.8264  21.91119  0 
 134.8148  21.90482  0 
 134.803  21.89867  0 
 134.6845  21.84872  0 
 134.5582  21.81397  0 
 134.5582  21.81397  0 
 134.5338  21.80862  0 
 134.5094  21.80311  0 
 134.485  21.79754  0 
 134.4606  21.79206  0 
 134.4362  21.7868  0 
 134.4118  21.78188  0 
 134.3875  21.77742  0 
 134.1378  21.75893  0 
 133.8862  21.78282  0 
 133.6349  21.8405  0 
 133.3858  21.92341  0 
 133.1412  22.02294  0 
 132.903  22.13053  0 
 132.6733  22.23762  0 
 132.4667  22.34339  0 
 132.2674  22.46328  0 
 132.0736  22.59385  0 
 131.8839  22.7316  0 
 131.6966  22.87307  0 
 131.51  23.01482  0 
 131.3227  23.15342  0 
 131.0551  23.34374  0 
 130.7852  23.5334  0 
 130.5168  23.725  0 
 130.2535  23.92117  0 
 129.9989  24.12449  0 
 129.7568  24.33751  0 
 129.5306  24.56279  0 
 129.3808  24.72974  0 
 129.2372  24.90215  0 
 129.0993  25.07915  0 
 128.9667  25.25984  0 
 128.8388  25.44336  0 
 128.7153  25.62882  0 
 128.5956  25.81536  0 
 128.5856  25.83132  0 
 128.5756  25.84732  0 
 128.5656  25.86332  0 
 128.5557  25.87935  0 
 128.5458  25.89537  0 
 128.5359  25.91139  0 
 128.5259  25.9274  0 
 128.5259  25.9274  0 
 128.4243  26.10952  0 
 128.3322  26.29577  0 
 128.2511  26.48508  0 
 128.1826  26.67633  0 
 128.1281  26.86847  0 
 128.0964  27.01751  0 
 128.0728  27.16885  0 
 128.0565  27.32175  0 
 128.0468  27.4755  0 
 128.043  27.62941  0 
 128.0444  27.78275  0 
 128.0502  27.93483  0 
 128.0565  28.02387  0 
 128.0658  28.11277  0 
 128.0772  28.20156  0 
 128.0899  28.29024  0 
 128.1032  28.37884  0 
 128.1162  28.46737  0 
 128.1281  28.55585  0 
 28.5  1 
 128.3618  28.73915  0 
 2  537 
 119.4111  25.86968  0 
 119.4356  25.92023  0 
 119.456  25.97901  0 
 119.4704  26.03968  0 
 119.4807  26.10164  0 
 119.4891  26.16426  0 
 119.4975  26.22693  0 
 119.5078  26.28903  0 
 119.5222  26.34998  0 
 119.5459  26.42981  0 
 119.572  26.50924  0 
 119.6004  26.58811  0 
 119.6311  26.66623  0 
 119.6644  26.74347  0 
 119.7002  26.81964  0 
 119.7386  26.89459  0 
 119.7423  26.90147  0 
 119.746  26.90834  0 
 119.7498  26.9152  0 
 119.7535  26.92205  0 
 119.7573  26.92891  0 
 119.7611  26.93575  0 
 119.7649  26.94261  0 
 119.7649  26.94261  0 
 119.7866  27.01158  0 
 119.8064  27.08184  0 
 119.8276  27.15122  0 
 119.854  27.21751  0 
 119.8802  27.27794  0 
 119.9046  27.33979  0 
 119.9286  27.40187  0 
 119.9541  27.46304  0 
 119.9827  27.52214  0 
 120.0161  27.578  0 
 120.0559  27.62948  0 
 120.0917  27.66419  0 
 120.0917  27.66419  0 
 120.0948  27.66844  0 
 120.0978  27.67273  0 
 120.1009  27.67703  0 
 120.1039  27.68131  0 
 120.107  27.68554  0 
 120.1103  27.68968  0 
 120.1136  27.69371  0 
 120.1239  27.70464  0 
 120.1352  27.71501  0 
 120.1471  27.72477  0 
 120.1598  27.73396  0 
 120.1729  27.74255  0 
 120.1865  27.75052  0 
 120.2002  27.75789  0 
 120.2089  27.76205  0 
 120.2179  27.76585  0 
 120.227  27.76938  0 
 120.2363  27.77275  0 
 120.2456  27.77606  0 
 120.2549  27.7794  0 
 120.2641  27.78287  0 
 120.2641  27.78287  0 
 120.3062  27.81378  0 
 120.3445  27.8477  0 
 120.3543  27.85777  0 
 120.364  27.868  0 
 120.3735  27.87834  0 
 120.383  27.88877  0 
 120.3924  27.89921  0 
 120.4018  27.90964  0 
 120.4113  27.92001  0 
 120.4113  27.92001  0 
 120.4598  28.00426  0 
 120.5039  28.09155  0 
 120.5474  28.17938  0 
 120.594  28.26524  0 
 120.6474  28.34665  0 
 120.6894  28.40345  0 
 120.7318  28.46028  0 
 120.7751  28.51668  0 
 120.8195  28.57219  0 
 120.8657  28.62636  0 
 120.914  28.67874  0 
 120.9648  28.72886  0 
 121.016  28.77127  0 
 121.0722  28.81014  0 
 121.1309  28.8471  0 
 121.1896  28.88378  0 
 121.2457  28.92179  0 
 121.2966  28.96274  0 
 121.3399  29.00826  0 
 121.3827  29.07571  0 
 121.4128  29.14998  0 
 121.4341  29.22902  0 
 121.4508  29.31081  0 
 121.4668  29.39327  0 
 121.4862  29.47439  0 
 121.513  29.55214  0 
 121.521  29.57062  0 
 121.5291  29.58902  0 
 121.5374  29.6074  0 
 121.5374  29.6074  0 
 121.5401  29.61031  0 
 121.5428  29.61319  0 
 121.5456  29.61609  0 
 121.5483  29.61897  0 
 121.551  29.62189  0 
 121.5537  29.62482  0 
 121.5563  29.62779  0 
 121.5704  29.64568  0 
 121.583  29.66456  0 
 121.5943  29.68421  0 
 121.6044  29.70442  0 
 121.6133  29.72498  0 
 121.6213  29.7457  0 
 121.6284  29.76635  0 
 121.6388  29.79808  0 
 121.6489  29.83142  0 
 121.6571  29.86553  0 
 121.6622  29.89954  0 
 121.6624  29.93263  0 
 121.6565  29.96395  0 
 121.6428  29.99266  0 
 121.6391  29.99794  0 
 121.635  30.00314  0 
 121.6307  30.00827  0 
 121.6262  30.01335  0 
 121.6216  30.01842  0 
 121.6171  30.0235  0 
 121.6126  30.02861  0 
 121.6126  30.02861  0 
 121.5607  30.08992  0 
 121.4963  30.14651  0 
 121.4248  30.19519  0 
 121.3516  30.23277  0 
 121.2822  30.25602  0 
 121.2822  30.25602  0 
 121.273  30.25499  0 
 121.2638  30.25397  0 
 121.2546  30.25299  0 
 121.2454  30.25197  0 
 121.2363  30.25091  0 
 121.2271  30.24977  0 
 121.218  30.24852  0 
 121.1619  30.23452  0 
 121.1068  30.2119  0 
 121.0527  30.18507  0 
 120.9991  30.15845  0 
 120.9461  30.13646  0 
 120.8932  30.12353  0 
 120.8404  30.12408  0 
 120.8149  30.12897  0 
 120.7881  30.13554  0 
 120.761  30.14376  0 
 120.7346  30.15354  0 
 120.7101  30.16487  0 
 120.6886  30.1777  0 
 120.6711  30.19197  0 
 120.6515  30.21928  0 
 120.6388  30.25347  0 
 120.6324  30.29205  0 
 120.6318  30.33252  0 
 120.6363  30.37241  0 
 120.6452  30.40924  0 
 120.6581  30.44052  0 
 120.6834  30.47224  0 
 120.7205  30.49851  0 
 120.766  30.52077  0 
 120.817  30.54045  0 
 120.8702  30.55898  0 
 120.9224  30.57781  0 
 120.9706  30.59835  0 
 121.0562  30.63731  0 
 121.1438  30.67349  0 
 121.2323  30.70849  0 
 121.3203  30.74389  0 
 121.4067  30.78128  0 
 121.4902  30.82223  0 
 121.5696  30.86833  0 
 121.6206  30.9035  0 
 121.6695  30.94132  0 
 121.717  30.98084  0 
 121.7638  31.02115  0 
 121.8107  31.06131  0 
 121.8586  31.10041  0 
 121.9081  31.13753  0 
 122.0386  31.22379  0 
 122.1749  31.30359  0 
 122.3157  31.37824  0 
 122.4597  31.44905  0 
 122.6056  31.5173  0 
 122.752  31.58431  0 
 122.8977  31.65135  0 
 123.123  31.75454  0 
 123.3507  31.85483  0 
 123.5809  31.9514  0 
 123.8134  32.04343  0 
 124.0484  32.1301  0 
 124.2857  32.21059  0 
 124.5254  32.28409  0 
 124.7289  32.34151  0 
 124.9343  32.39598  0 
 125.1416  32.44663  0 
 125.3504  32.49256  0 
 125.5604  32.5329  0 
 125.7717  32.56676  0 
 125.9837  32.59328  0 
 126.0695  32.60144  0 
 126.1556  32.60802  0 
 126.242  32.61348  0 
 126.3284  32.6182  0 
 126.4149  32.62265  0 
 126.5014  32.62724  0 
 126.5878  32.63239  0 
 126.5878  32.63239  0 
 127.038  32.63105  0 
 127.4833  32.60588  0 
 127.9203  32.55569  0 
 128.2236  32.50374  0 
 128.5262  32.43778  0 
 128.5262  32.43778  0 
 128.5584  32.43279  0 
 128.5908  32.42804  0 
 128.6232  32.42336  0 
 128.6556  32.41854  0 
 128.6878  32.41343  0 
 128.7198  32.40784  0 
 128.7514  32.40158  0 
 128.9394  32.34616  0 
 129.1158  32.26625  0 
 129.2833  32.16803  0 
 129.4447  32.05768  0 
 129.6028  31.94138  0 
 129.7604  31.82536  0 
 129.9202  31.71588  0 
 130.0586  31.61713  0 
 130.193  31.50723  0 
 130.3256  31.39351  0 
 130.4585  31.28327  0 
 130.5939  31.1839  0 
 130.7341  31.1028  0 
 130.8812  31.04738  0 
 131.1018  31.02479  0 
 131.3349  31.05806  0 
 131.577  31.12902  0 
 131.8248  31.21948  0 
 132.075  31.31131  0 
 132.3243  31.38641  0 
 132.5694  31.42679  0 
 132.9964  31.43825  0 
 133.4317  31.41483  0 
 133.8696  31.35859  0 
 134.3041  31.27158  0 
 134.7296  31.1558  0 
 135.1403  31.01325  0 
 135.5303  30.84591  0 
 135.5949  30.81436  0 
 135.6588  30.78154  0 
 135.7224  30.74777  0 
 135.7857  30.7134  0 
 135.8489  30.6788  0 
 135.9121  30.6443  0 
 135.9755  30.61026  0 
 135.9755  30.61026  0 
 136.6508  30.17012  0 
 137.2823  29.65211  0 
 137.8559  29.071  0 
 138.3575  28.44181  0 
 138.7731  27.77996  0 
 139.0885  27.10117  0 
 139.2012  26.80078  0 
 139.3112  26.48453  0 
 139.4096  26.15887  0 
 139.4871  25.8304  0 
 139.5347  25.50576  0 
 139.5434  25.19167  0 
 139.5041  24.89492  0 
 139.361  24.52847  0 
 139.1232  24.18272  0 
 138.8147  23.85371  0 
 138.4591  23.53743  0 
 138.0803  23.22979  0 
 137.7021  22.9267  0 
 137.3483  22.62398  0 
 137.1894  22.47274  0 
 137.0325  22.31587  0 
 136.8748  22.15862  0 
 136.7135  22.00627  0 
 136.7135  22.00627  0 
 136.7004  21.99081  0 
 136.6874  21.97524  0 
 136.6744  21.95964  0 
 136.6613  21.94409  0 
 136.6481  21.92869  0 
 136.6348  21.91353  0 
 136.6211  21.89867  0 
 136.6211  21.89867  0 
 136.5877  21.88475  0 
 136.5544  21.87074  0 
 136.5211  21.85671  0 
 136.4877  21.84272  0 
 136.4543  21.82884  0 
 136.4209  21.81514  0 
 136.3874  21.80167  0 
 136.035  21.66755  0 
 135.6729  21.5433  0 
 135.3039  21.43387  0 
 134.9309  21.34417  0 
 134.5567  21.27912  0 
 134.1841  21.24366  0 
 133.8161  21.24269  0 
 133.523  21.26853  0 
 133.2273  21.31572  0 
 132.9313  21.38155  0 
 132.6372  21.46334  0 
 132.3474  21.55837  0 
 132.0644  21.66397  0 
 131.7902  21.77742  0 
 131.4901  21.92027  0 
 131.1984  22.0824  0 
 130.9146  22.26023  0 
 130.6378  22.45019  0 
 130.3673  22.64871  0 
 130.1024  22.85225  0 
 129.8423  23.05731  0 
 129.6683  23.20951  0 
 129.5042  23.37444  0 
 129.3446  23.54475  0 
 129.1844  23.71315  0 
 129.0184  23.87238  0 
 128.8412  24.01522  0 
 128.6476  24.13447  0 
 128.513  24.20331  0 
 128.3725  24.27181  0 
 128.2275  24.33593  0 
 128.0797  24.39162  0 
 127.9306  24.43484  0 
 127.7817  24.46157  0 
 127.6346  24.46773  0 
 127.528  24.46147  0 
 127.4169  24.44944  0 
 127.3047  24.43026  0 
 127.1945  24.40251  0 
 127.0894  24.36475  0 
 126.9926  24.31559  0 
 126.9074  24.2536  0 
 126.9036  24.25026  0 
 126.8999  24.24689  0 
 126.8962  24.24347  0 
 126.8925  24.24005  0 
 126.8888  24.23662  0 
 126.8851  24.23319  0 
 126.8814  24.22978  0 
 126.8814  24.22978  0 
 126.748  24.18036  0 
 126.6156  24.12558  0 
 126.6156  24.12558  0 
 126.6072  24.11904  0 
 126.5988  24.11246  0 
 126.5905  24.10587  0 
 126.5821  24.09929  0 
 126.5737  24.09276  0 
 126.5652  24.08631  0 
 126.5567  24.07995  0 
 126.4612  24.01839  0 
 126.3587  23.96675  0 
 126.2509  23.92285  0 
 126.1395  23.88449  0 
 126.0263  23.84949  0 
 125.913  23.81562  0 
 125.8015  23.78071  0 
 125.5495  23.70129  0 
 125.5495  23.70129  0 
 125.5293  23.69492  0 
 125.5086  23.68778  0 
 125.4878  23.68044  0 
 125.4673  23.67348  0 
 125.4473  23.66751  0 
 125.4284  23.66308  0 
 125.4108  23.66081  0 
 125.3553  23.67841  0 
 125.3235  23.73288  0 
 125.3089  23.81413  0 
 125.3051  23.91207  0 
 125.3056  24.01662  0 
 125.304  24.11775  0 
 125.2936  24.20542  0 
 125.2761  24.28646  0 
 125.2586  24.36747  0 
 125.2411  24.44842  0 
 125.2235  24.5293  0 
 125.2059  24.61011  0 
 125.188  24.69083  0 
 125.1699  24.77146  0 
 125.1568  24.83197  0 
 125.1445  24.8927  0 
 125.1322  24.95344  0 
 125.1195  25.01401  0 
 125.1056  25.07421  0 
 125.0901  25.13388  0 
 125.0723  25.19281  0 
 125.0392  25.29466  0 
 125.0045  25.39813  0 
 124.966  25.50094  0 
 124.9218  25.60083  0 
 124.8697  25.69553  0 
 124.8077  25.78279  0 
 124.7337  25.86037  0 
 124.7068  25.88402  0 
 124.6788  25.90763  0 
 124.6498  25.93069  0 
 124.6199  25.95272  0 
 124.5891  25.97321  0 
 124.5576  25.99165  0 
 124.5254  26.00756  0 
 124.4594  26.02989  0 
 124.3888  26.04204  0 
 124.3148  26.04633  0 
 124.2388  26.04507  0 
 124.1619  26.04057  0 
 124.0856  26.03514  0 
 124.011  26.03109  0 
 123.9421  26.02901  0 
 123.8721  26.02692  0 
 123.8019  26.02372  0 
 123.7323  26.01831  0 
 123.6642  26.00964  0 
 123.5984  25.99661  0 
 123.5358  25.97813  0 
 123.4501  25.94098  0 
 123.3677  25.89279  0 
 123.2893  25.83565  0 
 123.2155  25.77164  0 
 123.1469  25.70289  0 
 123.0842  25.63148  0 
 123.0279  25.55954  0 
 122.9765  25.47441  0 
 122.9382  25.38179  0 
 122.9086  25.28409  0 
 122.8832  25.18368  0 
 122.8575  25.08298  0 
 122.8269  24.98437  0 
 122.787  24.8903  0 
 122.7421  24.78725  0 
 122.6958  24.66532  0 
 122.6468  24.53955  0 
 122.5938  24.42507  0 
 122.5353  24.337  0 
 122.47  24.29057  0 
 122.3964  24.30093  0 
 122.3834  24.30854  0 
 122.3695  24.31732  0 
 122.3552  24.32709  0 
 122.3412  24.33767  0 
 122.3278  24.34888  0 
 122.3157  24.36056  0 
 122.3053  24.37252  0 
 122.2908  24.39738  0 
 122.2823  24.42525  0 
 122.2782  24.45529  0 
 122.2767  24.48669  0 
 122.2764  24.51862  0 
 122.2755  24.55029  0 
 122.2724  24.58084  0 
 122.2724  24.58084  0 
 122.2426  24.72773  0 
 122.2426  24.72773  0 
 122.2378  24.74685  0 
 122.2335  24.76613  0 
 122.2292  24.78544  0 
 122.2247  24.80467  0 
 122.2198  24.82369  0 
 122.2142  24.84237  0 
 122.2076  24.86059  0 
 122.1804  24.92004  0 
 122.1453  24.98176  0 
 122.1034  25.04183  0 
 122.0562  25.0963  0 
 122.0049  25.14124  0 
 121.9507  25.17274  0 
 121.8951  25.18689  0 
 121.8585  25.18483  0 
 121.82  25.17491  0 
 121.78  25.15938  0 
 121.739  25.14048  0 
 121.6975  25.12047  0 
 121.6561  25.10161  0 
 121.6151  25.08613  0 
 121.5925  25.07898  0 
 121.5698  25.07202  0 
 121.5471  25.06522  0 
 121.5243  25.05848  0 
 121.5014  25.05179  0 
 121.4787  25.04507  0 
 121.4559  25.03829  0 
 121.4559  25.03829  0 
 121.3335  24.99682  0 
 121.218  24.96154  0 
 121.1152  24.92779  0 
 121.0152  24.88507  0 
 120.9167  24.83735  0 
 120.8186  24.78862  0 
 120.7197  24.74288  0 
 120.6188  24.7041  0 
 120.5148  24.67631  0 
 120.442  24.66287  0 
 120.3677  24.65136  0 
 120.2924  24.64228  0 
 120.2168  24.63615  0 
 120.1415  24.63349  0 
 120.067  24.63481  0 
 119.994  24.6406  0 
 119.897  24.65458  0 
 119.7979  24.67494  0 
 119.6991  24.70185  0 
 119.603  24.73548  0 
 119.5122  24.77602  0 
 119.429  24.8236  0 
 119.356  24.87842  0 
 119.3008  24.93062  0 
 119.2471  24.99003  0 
 119.1973  25.05476  0 
 119.1536  25.1229  0 
 119.1184  25.19257  0 
 119.0939  25.26189  0 
 119.0825  25.32898  0 
 119.0847  25.4045  0 
 119.0996  25.48562  0 
 119.1267  25.5684  0 
 119.1653  25.64884  0 
 119.2147  25.72303  0 
 119.2741  25.78699  0 
 119.3429  25.8368  0 
 119.3523  25.84185  0 
 119.3618  25.84669  0 
 119.3716  25.85137  0 
 119.3815  25.85595  0 
 119.3914  25.86048  0 
 119.4013  25.86504  0 
 119.4111  25.86968  0 
 13.9  1 
 119.4111  25.86968  0 
 2  210 
 120.2286  27.23232  0 
 120.2395  27.2699  0 
 120.2494  27.30785  0 
 120.2597  27.34558  0 
 120.2717  27.38251  0 
 120.2868  27.41803  0 
 120.3065  27.45157  0 
 120.3122  27.45957  0 
 120.3183  27.46745  0 
 120.3244  27.47524  0 
 120.3308  27.48298  0 
 120.3371  27.49071  0 
 120.3435  27.49844  0 
 120.3497  27.50621  0 
 120.3497  27.50621  0 
 120.3833  27.54466  0 
 120.4203  27.58204  0 
 120.4588  27.61894  0 
 120.4967  27.65597  0 
 120.4967  27.65597  0 
 120.5038  27.65951  0 
 120.511  27.66301  0 
 120.5181  27.6665  0 
 120.5253  27.67001  0 
 120.5324  27.67356  0 
 120.5394  27.67717  0 
 120.5464  27.68087  0 
 120.591  27.70752  0 
 120.591  27.70752  0 
 120.5959  27.71654  0 
 120.6008  27.72557  0 
 120.6056  27.73462  0 
 120.6105  27.74366  0 
 120.6154  27.75267  0 
 120.6204  27.76164  0 
 120.6255  27.77057  0 
 120.6356  27.7886  0 
 120.6456  27.80693  0 
 120.6558  27.82523  0 
 120.6664  27.84321  0 
 120.6777  27.86055  0 
 120.69  27.87696  0 
 120.7037  27.89213  0 
 120.7289  27.91369  0 
 120.7578  27.93229  0 
 120.7893  27.94853  0 
 120.7893  27.94853  0 
 120.79  27.95458  0 
 120.7905  27.96072  0 
 120.791  27.96689  0 
 120.7915  27.973  0 
 120.7923  27.97901  0 
 120.7933  27.98484  0 
 120.7948  27.99042  0 
 120.8064  28.01097  0 
 120.8253  28.02769  0 
 120.8497  28.04138  0 
 120.8777  28.0529  0 
 120.9073  28.06311  0 
 120.9367  28.07281  0 
 120.9641  28.08286  0 
 120.9812  28.08979  0 
 120.9985  28.09657  0 
 121.0159  28.10305  0 
 121.0336  28.1091  0 
 121.0515  28.11459  0 
 121.0695  28.11936  0 
 121.0878  28.12327  0 
 121.0933  28.12425  0 
 121.0989  28.12515  0 
 121.1045  28.12597  0 
 121.1101  28.12675  0 
 121.1157  28.1275  0 
 121.1212  28.12826  0 
 121.1268  28.12904  0 
 121.163  28.13421  0 
 121.1991  28.13928  0 
 121.2354  28.1441  0 
 121.2716  28.14853  0 
 121.308  28.1524  0 
 121.3443  28.15558  0 
 121.3808  28.1579  0 
 121.4106  28.15959  0 
 121.4406  28.16137  0 
 121.4708  28.16285  0 
 121.5009  28.16363  0 
 121.5307  28.16333  0 
 121.5602  28.16155  0 
 121.5891  28.1579  0 
 121.6269  28.14916  0 
 121.6636  28.1364  0 
 121.6996  28.1208  0 
 121.7352  28.10357  0 
 121.7708  28.08588  0 
 121.8066  28.06897  0 
 121.843  28.05399  0 
 121.9112  28.03173  0 
 121.9813  28.01318  0 
 122.0522  27.99644  0 
 122.123  27.9796  0 
 122.1927  27.96078  0 
 122.2603  27.93803  0 
 122.3248  27.90948  0 
 122.3409  27.90096  0 
 122.3568  27.89209  0 
 122.3726  27.88296  0 
 122.3883  27.87368  0 
 122.404  27.86434  0 
 122.4197  27.85502  0 
 122.4355  27.84583  0 
 122.4355  27.84583  0 
 122.6435  27.75123  0 
 122.6435  27.75123  0 
 122.6782  27.73522  0 
 122.7131  27.71956  0 
 122.7481  27.70399  0 
 122.783  27.68823  0 
 122.8175  27.67204  0 
 122.8515  27.65515  0 
 122.8847  27.63728  0 
 122.9556  27.59773  0 
 123.0286  27.55602  0 
 123.1006  27.51175  0 
 123.1684  27.46447  0 
 123.2288  27.41378  0 
 123.2785  27.35925  0 
 123.3144  27.30045  0 
 123.3345  27.24049  0 
 123.3443  27.17463  0 
 123.3455  27.10492  0 
 123.3396  27.03339  0 
 123.3281  26.96208  0 
 123.3127  26.89303  0 
 123.2949  26.82831  0 
 123.2425  26.7044  0 
 123.1644  26.58619  0 
 123.0658  26.47443  0 
 122.9521  26.36992  0 
 122.8284  26.27341  0 
 122.8284  26.27341  0 
 122.8137  26.26386  0 
 122.7991  26.25414  0 
 122.7846  26.24439  0 
 122.77  26.23471  0 
 122.7553  26.22523  0 
 122.7404  26.2161  0 
 122.7252  26.20742  0 
 122.6876  26.1869  0 
 122.6484  26.16628  0 
 122.608  26.14686  0 
 122.567  26.12996  0 
 122.5258  26.1169  0 
 122.4851  26.10898  0 
 122.4452  26.10752  0 
 122.4095  26.11346  0 
 122.3742  26.12591  0 
 122.3391  26.14298  0 
 122.3041  26.16275  0 
 122.269  26.18331  0 
 122.2336  26.20275  0 
 122.1978  26.21917  0 
 122.089  26.25785  0 
 121.9774  26.29009  0 
 121.8638  26.31755  0 
 121.7489  26.34189  0 
 121.6334  26.36478  0 
 121.518  26.38786  0 
 121.4035  26.4128  0 
 121.3329  26.42893  0 
 121.2622  26.44467  0 
 121.1914  26.46021  0 
 121.1206  26.47573  0 
 121.0498  26.49144  0 
 120.9792  26.50751  0 
 120.9087  26.52414  0 
 120.8616  26.53457  0 
 120.8138  26.54396  0 
 120.7659  26.55319  0 
 120.7183  26.56315  0 
 120.6717  26.5747  0 
 120.6265  26.58873  0 
 120.5832  26.60611  0 
 120.5397  26.62772  0 
 120.497  26.65207  0 
 120.4556  26.67887  0 
 120.4158  26.70785  0 
 120.3779  26.7387  0 
 120.3425  26.77117  0 
 120.3098  26.80494  0 
 120.2831  26.83415  0 
 120.2559  26.86478  0 
 120.2297  26.89663  0 
 120.2061  26.9295  0 
 120.1866  26.96324  0 
 120.1729  26.99765  0 
 120.1665  27.03256  0 
 120.1663  27.05291  0 
 120.1681  27.07385  0 
 120.1717  27.09509  0 
 120.1768  27.11642  0 
 120.1832  27.13755  0 
 120.1907  27.15824  0 
 120.1991  27.17823  0 
 120.2028  27.18611  0 
 120.2068  27.19389  0 
 120.2111  27.20162  0 
 120.2155  27.20929  0 
 120.2199  27.21695  0 
 120.2243  27.22462  0 
 120.2286  27.23232  0 
 28.5  1 
 120.2286  27.23232  0 
 2  364 
 119.8695  26.78313  0 
 119.8753  26.79048  0 
 119.8812  26.79778  0 
 119.8872  26.80505  0 
 119.8932  26.81231  0 
 119.8992  26.81956  0 
 119.9051  26.82685  0 
 119.9051  26.82685  0 
 119.9269  26.87088  0 
 119.9485  26.91497  0 
 119.9694  26.95925  0 
 119.9762  26.97418  0 
 119.9831  26.9891  0 
 119.9899  27.00403  0 
 119.9967  27.01897  0 
 120.0035  27.03389  0 
 120.0103  27.04881  0 
 120.0171  27.06374  0 
 120.0171  27.06374  0 
 120.0516  27.14037  0 
 120.0846  27.21729  0 
 120.1136  27.29488  0 
 120.1174  27.30614  0 
 120.1212  27.31741  0 
 120.1249  27.32868  0 
 120.1286  27.33995  0 
 120.1324  27.35122  0 
 120.1361  27.36249  0 
 120.1398  27.37376  0 
 120.1398  27.37376  0 
 120.1569  27.43656  0 
 120.197  27.5116  0 
 120.2504  27.58152  0 
 120.313  27.64798  0 
 120.3808  27.7126  0 
 120.4499  27.77703  0 
 120.516  27.84289  0 
 120.5753  27.9118  0 
 120.6204  27.97485  0 
 120.6623  28.03999  0 
 120.7025  28.10616  0 
 120.7426  28.17226  0 
 120.7842  28.23722  0 
 120.8289  28.29997  0 
 120.8783  28.35942  0 
 120.9338  28.41883  0 
 120.9921  28.47713  0 
 121.0531  28.53365  0 
 121.1168  28.58774  0 
 121.1168  28.58774  0 
 121.1281  28.5988  0 
 121.1394  28.60984  0 
 121.1507  28.62087  0 
 121.162  28.63191  0 
 121.1733  28.64298  0 
 121.1845  28.65409  0 
 121.1956  28.66525  0 
 121.2419  28.71227  0 
 121.2878  28.75976  0 
 121.2878  28.75976  0 
 121.2922  28.76752  0 
 121.2964  28.77535  0 
 121.3007  28.78319  0 
 121.305  28.79099  0 
 121.3094  28.79871  0 
 121.314  28.80629  0 
 121.3189  28.81368  0 
 121.3412  28.84142  0 
 121.3674  28.86703  0 
 121.3967  28.89065  0 
 121.4281  28.91243  0 
 121.4609  28.93254  0 
 121.4942  28.95115  0 
 121.5272  28.96839  0 
 121.5998  28.99833  0 
 121.6782  29.01873  0 
 121.7607  29.03148  0 
 121.8458  29.03841  0 
 121.9318  29.04138  0 
 122.0171  29.04223  0 
 122.1002  29.0428  0 
 122.2494  29.03687  0 
 122.3982  29.01735  0 
 122.5466  28.98752  0 
 122.6945  28.95067  0 
 122.842  28.91009  0 
 122.989  28.86906  0 
 123.1354  28.83088  0 
 123.3758  28.76703  0 
 123.6135  28.69538  0 
 123.8496  28.61859  0 
 124.0849  28.53931  0 
 124.3204  28.46027  0 
 124.557  28.38413  0 
 124.7956  28.31359  0 
 124.8104  28.30945  0 
 124.8253  28.30533  0 
 124.8402  28.30121  0 
 124.8551  28.2971  0 
 124.87  28.293  0 
 124.8848  28.28889  0 
 124.8997  28.28478  0 
 124.8997  28.28478  0 
 125.1315  28.20761  0 
 125.3643  28.13136  0 
 125.5984  28.05786  0 
 125.8341  27.98897  0 
 126.0716  27.92653  0 
 126.3113  27.87241  0 
 126.5534  27.82848  0 
 126.5822  27.82379  0 
 126.611  27.81891  0 
 126.6398  27.81407  0 
 126.6687  27.80948  0 
 126.6976  27.80538  0 
 126.7264  27.80198  0 
 126.7553  27.79952  0 
 126.8408  27.79576  0 
 126.9284  27.79621  0 
 127.0166  27.80174  0 
 127.1036  27.81324  0 
 127.1878  27.83155  0 
 127.2676  27.85756  0 
 127.3412  27.89213  0 
 127.3668  27.90763  0 
 127.3916  27.92469  0 
 127.4158  27.94291  0 
 127.4396  27.96188  0 
 127.4632  27.98121  0 
 127.4868  28.00049  0 
 127.5105  28.01932  0 
 127.5276  28.03264  0 
 127.5447  28.04603  0 
 127.5616  28.05947  0 
 127.5786  28.07294  0 
 127.5956  28.08642  0 
 127.6125  28.09989  0 
 127.6295  28.11334  0 
 127.6295  28.11334  0 
 127.713  28.26437  0 
 127.7707  28.4416  0 
 127.8179  28.62955  0 
 127.87  28.81288  0 
 127.9423  28.97634  0 
 128.0502  29.10478  0 
 128.1968  29.20704  0 
 128.3681  29.29842  0 
 128.5573  29.37607  0 
 128.757  29.4371  0 
 128.9602  29.47865  0 
 129.1598  29.49786  0 
 129.3488  29.49183  0 
 129.4749  29.47116  0 
 129.6029  29.43751  0 
 129.7309  29.39304  0 
 129.8571  29.33993  0 
 129.9796  29.28033  0 
 130.0965  29.21643  0 
 130.2059  29.15039  0 
 130.3917  29.0062  0 
 130.5501  28.83346  0 
 130.6878  28.63942  0 
 130.8117  28.43133  0 
 130.9283  28.21652  0 
 131.0445  28.00237  0 
 131.1669  27.79633  0 
 131.2828  27.59692  0 
 131.3873  27.38899  0 
 131.487  27.17764  0 
 131.5886  26.96803  0 
 131.6988  26.76533  0 
 131.8244  26.57479  0 
 131.972  26.40162  0 
 132.1661  26.23568  0 
 132.3871  26.0926  0 
 132.6269  25.96504  0 
 132.8772  25.84565  0 
 133.1297  25.72701  0 
 133.3762  25.60168  0 
 133.6083  25.46218  0 
 133.7992  25.33411  0 
 133.9901  25.20436  0 
 134.1791  25.07184  0 
 134.3646  24.93543  0 
 134.5446  24.79398  0 
 134.7173  24.64639  0 
 134.881  24.49151  0 
 135.0325  24.34305  0 
 135.1897  24.19006  0 
 135.344  24.03219  0 
 135.487  23.86914  0 
 135.6104  23.70054  0 
 135.7055  23.52609  0 
 135.764  23.34542  0 
 135.7852  23.19407  0 
 135.7899  23.03358  0 
 135.7785  22.86805  0 
 135.7516  22.70157  0 
 135.7096  22.53824  0 
 135.653  22.38222  0 
 135.5822  22.23762  0 
 135.5315  22.15282  0 
 135.4747  22.06769  0 
 135.4122  21.98415  0 
 135.3445  21.90415  0 
 135.272  21.82959  0 
 135.1953  21.76244  0 
 135.1147  21.70461  0 
 134.9975  21.64291  0 
 134.8676  21.59618  0 
 134.7287  21.56223  0 
 134.5843  21.53888  0 
 134.4379  21.5239  0 
 134.2932  21.51511  0 
 134.1537  21.51031  0 
 133.89  21.52165  0 
 133.6245  21.56584  0 
 133.6245  21.56584  0 
 133.5814  21.5787  0 
 133.5382  21.59152  0 
 133.4951  21.60433  0 
 133.4519  21.61716  0 
 133.4088  21.63004  0 
 133.3657  21.643  0 
 133.3226  21.65607  0 
 133.0652  21.73208  0 
 132.8058  21.80631  0 
 132.5464  21.88193  0 
 132.2895  21.96212  0 
 132.0373  22.05006  0 
 131.7922  22.14891  0 
 131.5565  22.2618  0 
 131.2774  22.42447  0 
 131.0112  22.60857  0 
 130.7555  22.80923  0 
 130.5079  23.02159  0 
 130.2661  23.24084  0 
 130.0277  23.46215  0 
 129.7903  23.68076  0 
 129.635  23.82811  0 
 129.4849  23.98036  0 
 129.3375  24.13502  0 
 129.1903  24.28965  0 
 129.0409  24.4418  0 
 128.8868  24.58906  0 
 128.7254  24.72898  0 
 128.5897  24.84616  0 
 128.453  24.97091  0 
 128.314  25.09549  0 
 128.1716  25.21221  0 
 128.0247  25.31339  0 
 127.8721  25.39141  0 
 127.7125  25.4386  0 
 127.5688  25.45279  0 
 127.417  25.44787  0 
 127.2604  25.42708  0 
 127.102  25.39364  0 
 126.945  25.35078  0 
 126.7925  25.30175  0 
 126.7925  25.30175  0 
 126.7747  25.29269  0 
 126.7569  25.28328  0 
 126.7392  25.27379  0 
 126.7214  25.26446  0 
 126.7035  25.25558  0 
 126.6856  25.24741  0 
 126.6674  25.24019  0 
 126.5854  25.22103  0 
 126.4994  25.21874  0 
 126.4108  25.22938  0 
 126.3207  25.24904  0 
 126.2306  25.27382  0 
 126.1417  25.2998  0 
 126.0554  25.32307  0 
 125.9457  25.35206  0 
 125.8365  25.38551  0 
 125.7285  25.42321  0 
 125.6222  25.46498  0 
 125.5182  25.51061  0 
 125.4172  25.55992  0 
 125.3197  25.61269  0 
 125.2027  25.6951  0 
 125.0967  25.79523  0 
 124.9969  25.90444  0 
 124.8985  26.01411  0 
 124.7968  26.11567  0 
 124.687  26.20057  0 
 124.5644  26.26026  0 
 124.4573  26.28915  0 
 124.3434  26.30717  0 
 124.2247  26.31605  0 
 124.1034  26.31757  0 
 123.9815  26.31348  0 
 123.861  26.30553  0 
 123.7441  26.29548  0 
 123.5502  26.26797  0 
 123.3581  26.22334  0 
 123.1682  26.16475  0 
 122.9807  26.0954  0 
 122.7959  26.01843  0 
 122.7959  26.01843  0 
 122.7701  26.00479  0 
 122.7444  25.99072  0 
 122.7188  25.97652  0 
 122.6931  25.96254  0 
 122.6672  25.94911  0 
 122.641  25.93654  0 
 122.6145  25.92516  0 
 122.5156  25.89527  0 
 122.4117  25.87995  0 
 122.3043  25.8756  0 
 122.1947  25.87859  0 
 122.0842  25.88535  0 
 121.9741  25.89226  0 
 121.8658  25.89571  0 
 121.7933  25.89654  0 
 121.7207  25.89824  0 
 121.6481  25.90062  0 
 121.5756  25.90349  0 
 121.503  25.9067  0 
 121.4305  25.91005  0 
 121.358  25.91338  0 
 121.2694  25.91653  0 
 121.1805  25.91872  0 
 121.0916  25.9209  0 
 121.0028  25.92402  0 
 120.9144  25.92907  0 
 120.8266  25.93696  0 
 120.7395  25.9487  0 
 120.662  25.96103  0 
 120.5836  25.97396  0 
 120.5053  25.98854  0 
 120.428  26.00581  0 
 120.3528  26.02679  0 
 120.2805  26.05252  0 
 120.2121  26.08401  0 
 120.1611  26.11238  0 
 120.1107  26.14361  0 
 120.0618  26.17752  0 
 120.0148  26.21394  0 
 119.9706  26.2527  0 
 119.9298  26.29363  0 
 119.8931  26.33656  0 
 119.8717  26.36367  0 
 119.8499  26.3919  0 
 119.8289  26.42101  0 
 119.8099  26.45078  0 
 119.7939  26.48097  0 
 119.7822  26.51135  0 
 119.7759  26.54171  0 
 119.7747  26.57547  0 
 119.7778  26.61122  0 
 119.7853  26.6477  0 
 119.7973  26.68365  0 
 119.8138  26.7178  0 
 119.8348  26.74891  0 
 119.8605  26.77572  0 
 119.8618  26.77679  0 
 119.8631  26.77785  0 
 119.8643  26.77892  0 
 119.8656  26.77997  0 
 119.8669  26.78102  0 
 119.8682  26.78208  0 
 119.8695  26.78313  0 
 20.8  2 
 119.8695  26.78313  0 
 119.8695  26.78313  0 
STATION_SITUATION 
 58376  13.9  
 58458  13.9  
 58464  13.9  
 58472  13.9  
 58473  13.9  
 58477  13.9  
 58484  13.9  
 58563  13.9  
 58566  13.9  
 58569  13.9  
 58570  13.9  
 58656  20.8  
 58658  13.9  
 58659  20.8  
 58664  20.8  
 58665  20.8  
 58666  20.8  
 58667  28.5  
 58749  13.9  
 58751  28.5  
 58752  20.8  
 58754  20.8  
 58760  28.5  
 58843  20.8  
 58848  13.9  
 58849  13.9  
 58941  13.9  
 58942  13.9  
 58944  13.9  
 58945  13.9  
 58965  13.9  
 58969  13.9  
 58974  13.9  
WEATHER_REGION:  0 
FILLAREA:  0 
NOTES_SYMBOL:  0 
WithProp_LINESYMBOLS:  0 
