diamond 14 /disk2/diamond/weatherchannel/shorttv/tv042814.024
2015 4 28 9 0
LINES: 0
LINES_SYMBOL: 1
38 2 183
    74.105    35.281     0.000    74.737    35.184     0.000    75.367    35.090     0.000    75.994    35.003     0.000
    76.620    34.929     0.000    77.244    34.874     0.000    77.866    34.845     0.000    78.488    34.846     0.000
    79.012    34.874     0.000    79.537    34.927     0.000    80.060    35.002     0.000    80.582    35.098     0.000
    81.101    35.213     0.000    81.618    35.346     0.000    82.130    35.495     0.000    82.977    35.773     0.000
    83.818    36.071     0.000    84.661    36.367     0.000    85.510    36.642     0.000    86.372    36.874     0.000
    87.250    37.041     0.000    88.146    37.122     0.000    88.659    37.122     0.000    89.175    37.092     0.000
    89.690    37.035     0.000    90.202    36.955     0.000    90.708    36.854     0.000    91.204    36.738     0.000
    91.688    36.610     0.000    92.039    36.509     0.000    92.384    36.402     0.000    92.727    36.291     0.000
    93.069    36.173     0.000    93.415    36.049     0.000    93.767    35.918     0.000    94.126    35.779     0.000
    94.724    35.544     0.000    95.337    35.314     0.000    95.954    35.116     0.000    96.564    34.976     0.000
    97.159    34.923     0.000    97.729    34.983     0.000    98.267    35.183     0.000    98.462    35.302     0.000
    98.645    35.442     0.000    98.809    35.598     0.000    98.946    35.766     0.000    99.050    35.941     0.000
    99.114    36.120     0.000    99.131    36.298     0.000    99.085    36.502     0.000    98.983    36.701     0.000
    98.846    36.899     0.000    98.695    37.098     0.000    98.550    37.300     0.000    98.434    37.510     0.000
    98.367    37.729     0.000    98.359    37.864     0.000    98.375    38.001     0.000    98.414    38.136     0.000
    98.474    38.266     0.000    98.554    38.388     0.000    98.653    38.500     0.000    98.769    38.597     0.000
    98.960    38.706     0.000    99.177    38.783     0.000    99.414    38.830     0.000    99.663    38.849     0.000
    99.920    38.843     0.000   100.177    38.815     0.000   100.429    38.767     0.000   100.671    38.700     0.000
   100.900    38.618     0.000   101.115    38.520     0.000   101.314    38.409     0.000   101.497    38.286     0.000
   101.662    38.151     0.000   101.808    38.008     0.000   102.015    37.744     0.000   102.179    37.461     0.000
   102.312    37.163     0.000   102.428    36.853     0.000   102.539    36.536     0.000   102.657    36.215     0.000
   102.796    35.895     0.000   102.987    35.533     0.000   103.198    35.176     0.000   103.404    34.823     0.000
   103.584    34.475     0.000   103.717    34.131     0.000   103.779    33.792     0.000   103.752    33.458     0.000
   103.702    33.301     0.000   103.632    33.145     0.000   103.544    32.990     0.000   103.443    32.837     0.000
   103.332    32.684     0.000   103.215    32.533     0.000   103.097    32.384     0.000   102.941    32.186     0.000
   102.790    31.989     0.000   102.649    31.791     0.000   102.518    31.591     0.000   102.402    31.388     0.000
   102.304    31.179     0.000   102.225    30.963     0.000   102.153    30.675     0.000   102.107    30.378     0.000
   102.071    30.078     0.000   102.035    29.780     0.000   101.985    29.489     0.000   101.909    29.210     0.000
   101.795    28.947     0.000   101.717    28.819     0.000   101.626    28.695     0.000   101.522    28.578     0.000
   101.407    28.465     0.000   101.280    28.356     0.000   101.142    28.252     0.000   100.994    28.151     0.000
   100.793    28.030     0.000   100.582    27.920     0.000   100.365    27.827     0.000   100.148    27.757     0.000
    99.937    27.717     0.000    99.735    27.710     0.000    99.547    27.745     0.000    99.398    27.812     0.000
    99.263    27.909     0.000    99.138    28.031     0.000    99.022    28.172     0.000    98.913    28.328     0.000
    98.809    28.492     0.000    98.709    28.659     0.000    98.507    28.995     0.000    98.306    29.318     0.000
    98.097    29.624     0.000    97.874    29.909     0.000    97.629    30.170     0.000    97.354    30.403     0.000
    97.044    30.604     0.000    96.824    30.714     0.000    96.588    30.808     0.000    96.341    30.886     0.000
    96.086    30.946     0.000    95.824    30.988     0.000    95.560    31.011     0.000    95.297    31.014     0.000
    95.102    31.003     0.000    94.910    30.981     0.000    94.720    30.948     0.000    94.532    30.905     0.000
    94.348    30.852     0.000    94.166    30.790     0.000    93.987    30.720     0.000    93.808    30.639     0.000
    93.634    30.549     0.000    93.468    30.451     0.000    93.312    30.344     0.000    93.167    30.228     0.000
    93.036    30.103     0.000    92.921    29.969     0.000    92.781    29.755     0.000    92.670    29.526     0.000
    92.579    29.287     0.000    92.496    29.044     0.000    92.413    28.800     0.000    92.320    28.561     0.000
    92.206    28.331     0.000    92.102    28.165     0.000    91.983    28.007     0.000    91.850    27.858     0.000
    91.706    27.716     0.000    91.552    27.581     0.000    91.390    27.455     0.000    91.223    27.336     0.000
    90.889    27.129     0.000    90.542    26.945     0.000    90.185    26.780     0.000    89.818    26.631     0.000
    89.445    26.493     0.000    89.068    26.361     0.000    88.690    26.231     0.000
NoLabel 0
SYMBOLS: 59
  36    92.234    41.577 0.0 3.767076
  36    99.255    42.886 0.0 -0.774410
  45    77.161    39.057 0.0 0
  45    80.778    37.453 0.0 0
  45    84.868    38.707 0.0 0
  45    97.443    40.392 0.0 0
  48    87.903    49.092 1 2
  48    86.385    43.782 1 3
  48   128.181    47.090 1 2
  48   109.284    19.009 1 2
  33    82.072    45.095 0.0 -0.785401
  33    94.571    43.547 0.0 -1.136128
  33    88.384    40.403 0.0 3.645757
  33   122.084    38.114 0.0 3.277994
  33   122.396    36.667 0.0 3.180791
  33   113.966    42.596 0.0 0.643503
  26   128.323    47.149 0.0 0
  26   129.942    43.748 0.0 0
  26    87.482    49.048 0.0 0
  26    86.223    43.885 0.0 0
  32   116.041    38.787 0.0 0
  32   117.581    33.652 0.0 0
  26   119.106    35.382 0.0 0
  47   116.808    35.540 0.0 0
  55   117.211    34.692 0.0 0
  55   118.132    33.764 0.0 0
  64   118.894    33.225 0.0 0
  47   121.779    24.569 0.0 0
  47   117.377    24.994 0.0 0
  55   118.538    24.918 0.0 0
  55   115.484    25.018 0.0 0
  55   109.290    25.301 0.0 0
  55   105.781    25.002 0.0 0
  47   103.520    26.844 0.0 0
  47   102.075    21.663 0.0 0
  26   109.278    18.695 0.0 0
  32   105.478    25.317 0.0 0
  32   107.697    26.463 0.0 0
  26    99.933    25.863 0.0 0
  23    89.832    28.514 0.0 0
  50   111.116    40.175 0.0 0
  50   111.370    35.684 0.0 0
  51   110.481    29.785 0.0 0
  51   113.909    29.058 0.0 0
  52   105.615    28.450 0.0 0
  52    93.911    31.867 0.0 0
  51   101.561    39.019 0.0 0
  51    87.416    46.993 0.0 0
  52    86.210    41.923 0.0 0
  48   118.875    33.200 1 55
  48   117.174    34.830 1 35
  48   120.941    24.451 1 22
  48   115.452    25.038 1 35
  48   118.480    24.876 1 30
  48   109.562    25.538 1 40
  48   103.060    26.877 1 15
  48   105.987    24.927 1 35
  48   101.572    21.872 1 15
  48   129.873    43.998 1 2
CLOSED_CONTOURS: 19
7 367
   124.251    36.339     0.000   124.108    36.360     0.000   123.965    36.380     0.000   123.821    36.398     0.000
   123.678    36.414     0.000   123.534    36.427     0.000   123.390    36.437     0.000   123.246    36.442     0.000
   122.867    36.436     0.000   122.487    36.406     0.000   122.108    36.361     0.000   121.729    36.310     0.000
   121.351    36.261     0.000   120.974    36.225     0.000   120.596    36.210     0.000   120.386    36.214     0.000
   120.175    36.227     0.000   119.966    36.250     0.000   119.756    36.282     0.000   119.548    36.324     0.000
   119.342    36.377     0.000   119.137    36.440     0.000   118.976    36.496     0.000   118.819    36.561     0.000
   118.670    36.633     0.000   118.529    36.713     0.000   118.401    36.803     0.000   118.287    36.903     0.000
   118.191    37.013     0.000   118.141    37.088     0.000   118.100    37.166     0.000   118.066    37.247     0.000
   118.040    37.330     0.000   118.022    37.415     0.000   118.011    37.501     0.000   118.008    37.588     0.000
   118.016    37.703     0.000   118.033    37.818     0.000   118.055    37.933     0.000   118.075    38.047     0.000
   118.090    38.160     0.000   118.094    38.272     0.000   118.081    38.384     0.000   118.026    38.554     0.000
   117.938    38.722     0.000   117.834    38.890     0.000   117.733    39.056     0.000   117.651    39.221     0.000
   117.606    39.386     0.000   117.616    39.550     0.000   117.637    39.610     0.000   117.668    39.670     0.000
   117.707    39.728     0.000   117.754    39.784     0.000   117.809    39.836     0.000   117.871    39.884     0.000
   117.939    39.928     0.000   118.077    39.993     0.000   118.226    40.046     0.000   118.379    40.092     0.000
   118.528    40.137     0.000   118.665    40.188     0.000   118.784    40.250     0.000   118.876    40.331     0.000
   118.901    40.365     0.000   118.923    40.402     0.000   118.941    40.442     0.000   118.957    40.483     0.000
   118.971    40.525     0.000   118.984    40.569     0.000   118.996    40.613     0.000   118.996    40.613     0.000
   119.005    40.676     0.000   119.016    40.739     0.000   119.030    40.804     0.000   119.049    40.870     0.000
   119.074    40.939     0.000   119.074    40.939     0.000   119.135    41.003     0.000   119.193    41.067     0.000
   119.247    41.131     0.000   119.292    41.197     0.000   119.328    41.263     0.000   119.351    41.331     0.000
   119.358    41.401     0.000   119.355    41.438     0.000   119.349    41.475     0.000   119.341    41.513     0.000
   119.332    41.550     0.000   119.325    41.588     0.000   119.319    41.626     0.000   119.318    41.664     0.000
   119.325    41.715     0.000   119.341    41.764     0.000   119.366    41.813     0.000   119.400    41.859     0.000
   119.443    41.902     0.000   119.493    41.942     0.000   119.551    41.979     0.000   119.673    42.035     0.000
   119.808    42.081     0.000   119.944    42.122     0.000   120.071    42.164     0.000   120.178    42.210     0.000
   120.254    42.267     0.000   120.289    42.338     0.000   120.286    42.392     0.000   120.265    42.449     0.000
   120.228    42.507     0.000   120.178    42.562     0.000   120.118    42.611     0.000   120.049    42.649     0.000
   119.975    42.673     0.000   119.914    42.681     0.000   119.853    42.679     0.000   119.791    42.669     0.000
   119.731    42.652     0.000   119.672    42.630     0.000   119.617    42.603     0.000   119.565    42.573     0.000
   119.492    42.520     0.000   119.431    42.463     0.000   119.381    42.401     0.000   119.340    42.335     0.000
   119.308    42.264     0.000   119.283    42.190     0.000   119.265    42.111     0.000   119.252    42.027     0.000
   119.241    41.942     0.000   119.228    41.860     0.000   119.210    41.782     0.000   119.183    41.712     0.000
   119.143    41.653     0.000   119.086    41.608     0.000   119.037    41.586     0.000   118.981    41.571     0.000
   118.918    41.562     0.000   118.850    41.557     0.000   118.778    41.555     0.000   118.703    41.555     0.000
   118.627    41.556     0.000   118.450    41.526     0.000   118.282    41.486     0.000   118.121    41.437     0.000
   117.964    41.379     0.000   117.809    41.313     0.000   117.668    41.246     0.000   117.530    41.172     0.000
   117.398    41.091     0.000   117.277    41.002     0.000   117.170    40.905     0.000   117.079    40.800     0.000
   117.010    40.685     0.000   116.972    40.591     0.000   116.942    40.494     0.000   116.915    40.397     0.000
   116.885    40.301     0.000   116.846    40.210     0.000   116.793    40.126     0.000   116.721    40.052     0.000
   116.693    40.031     0.000   116.664    40.012     0.000   116.633    39.995     0.000   116.600    39.979     0.000
   116.565    39.965     0.000   116.529    39.954     0.000   116.492    39.945     0.000   116.427    39.935     0.000
   116.360    39.932     0.000   116.293    39.932     0.000   116.226    39.933     0.000   116.161    39.935     0.000
   116.097    39.933     0.000   116.037    39.927     0.000   115.930    39.896     0.000   115.837    39.841     0.000
   115.757    39.768     0.000   115.687    39.679     0.000   115.624    39.578     0.000   115.567    39.470     0.000
   115.512    39.358     0.000   115.457    39.263     0.000   115.405    39.165     0.000   115.356    39.064     0.000
   115.336    38.936     0.000   115.327    38.808     0.000   115.329    38.679     0.000   115.341    38.532     0.000
   115.363    38.386     0.000   115.389    38.243     0.000   115.419    38.100     0.000   115.448    37.958     0.000
   115.473    37.816     0.000   115.491    37.674     0.000   115.502    37.487     0.000   115.502    37.300     0.000
   115.495    37.111     0.000   115.487    36.923     0.000   115.482    36.735     0.000   115.485    36.548     0.000
   115.501    36.362     0.000   115.533    36.179     0.000   115.533    36.179     0.000   115.527    35.999     0.000
   115.524    35.820     0.000   115.528    35.643     0.000   115.542    35.471     0.000   115.569    35.303     0.000
   115.613    35.140     0.000   115.678    34.985     0.000   115.793    34.795     0.000   115.936    34.615     0.000
   116.098    34.439     0.000   116.266    34.263     0.000   116.432    34.082     0.000   116.584    33.893     0.000
   116.712    33.691     0.000   116.779    33.548     0.000   116.829    33.400     0.000   116.861    33.249     0.000
   116.874    33.098     0.000   116.865    32.948     0.000   116.833    32.803     0.000   116.777    32.664     0.000
   116.707    32.549     0.000   116.618    32.442     0.000   116.515    32.342     0.000   116.399    32.252     0.000
   116.273    32.171     0.000   116.139    32.100     0.000   116.000    32.040     0.000   115.830    31.984     0.000
   115.656    31.941     0.000   115.479    31.910     0.000   115.300    31.890     0.000   115.118    31.877     0.000
   114.935    31.870     0.000   114.750    31.867     0.000   114.638    31.866     0.000   114.526    31.863     0.000
   114.415    31.856     0.000   114.306    31.842     0.000   114.199    31.820     0.000   114.096    31.786     0.000
   113.996    31.739     0.000   113.886    31.666     0.000   113.787    31.576     0.000   113.704    31.474     0.000
   113.641    31.365     0.000   113.604    31.254     0.000   113.595    31.145     0.000   113.621    31.045     0.000
   113.651    30.993     0.000   113.692    30.946     0.000   113.741    30.902     0.000   113.797    30.862     0.000
   113.858    30.826     0.000   113.924    30.793     0.000   113.991    30.764     0.000   114.186    30.698     0.000
   114.385    30.657     0.000   114.586    30.636     0.000   114.788    30.632     0.000   114.991    30.640     0.000
   115.194    30.656     0.000   115.395    30.678     0.000   115.505    30.690     0.000   115.615    30.702     0.000
   115.724    30.713     0.000   115.834    30.722     0.000   115.945    30.729     0.000   116.056    30.733     0.000
   116.169    30.733     0.000   116.246    30.730     0.000   116.324    30.725     0.000   116.402    30.718     0.000
   116.477    30.706     0.000   116.551    30.690     0.000   116.623    30.670     0.000   116.691    30.645     0.000
   116.838    30.563     0.000   116.969    30.459     0.000   117.090    30.339     0.000   117.207    30.214     0.000
   117.327    30.091     0.000   117.456    29.980     0.000   117.599    29.887     0.000   117.729    29.832     0.000
   117.869    29.794     0.000   118.016    29.773     0.000   118.166    29.768     0.000   118.316    29.778     0.000
   118.463    29.803     0.000   118.602    29.843     0.000   118.755    29.908     0.000   118.896    29.988     0.000
   119.028    30.081     0.000   119.155    30.181     0.000   119.281    30.286     0.000   119.407    30.390     0.000
   119.538    30.490     0.000   119.664    30.575     0.000   119.795    30.653     0.000   119.932    30.723     0.000
   120.074    30.785     0.000   120.219    30.838     0.000   120.368    30.883     0.000   120.520    30.918     0.000
   120.646    30.940     0.000   120.774    30.957     0.000   120.902    30.968     0.000   121.031    30.976     0.000
   121.161    30.980     0.000   121.290    30.982     0.000   121.420    30.982     0.000   121.571    30.982     0.000
   121.722    30.980     0.000   121.872    30.978     0.000   122.022    30.974     0.000   122.172    30.970     0.000
   122.322    30.964     0.000   122.472    30.958     0.000   122.522    30.956     0.000   122.571    30.954     0.000
   122.621    30.951     0.000   122.671    30.949     0.000   122.721    30.946     0.000   122.770    30.944     0.000
   122.820    30.941     0.000   122.967    30.961     0.000   123.112    30.988     0.000   123.256    31.021     0.000
   123.311    31.035     0.000   123.367    31.049     0.000   123.422    31.065     0.000   123.476    31.080     0.000
   123.531    31.096     0.000   123.585    31.112     0.000   123.639    31.128     0.000   123.860    31.171     0.000
   124.146    31.227     0.000   124.435    31.285     0.000   124.718    31.352     0.000   124.988    31.431     0.000
   125.237    31.527     0.000   125.458    31.644     0.000   125.643    31.789     0.000   125.819    32.015     0.000
   125.936    32.283     0.000   126.002    32.582     0.000   126.029    32.902     0.000   126.026    33.233     0.000
   126.006    33.563     0.000   125.978    33.883     0.000   125.973    33.939     0.000   125.968    33.995     0.000
   125.963    34.051     0.000   125.958    34.105     0.000   125.953    34.160     0.000   125.949    34.215     0.000
   125.944    34.269     0.000   125.709    34.624     0.000   125.450    34.969     0.000   125.173    35.307     0.000
   124.880    35.638     0.000   124.575    35.964     0.000   124.263    36.288     0.000
0 1
   124.251    36.339     0.000
7 746
   122.871    26.083     0.000   122.695    26.186     0.000   122.519    26.288     0.000   122.341    26.389     0.000
   122.161    26.489     0.000   122.161    26.489     0.000   122.077    26.488     0.000   121.994    26.487     0.000
   121.910    26.485     0.000   121.826    26.483     0.000   121.742    26.480     0.000   121.657    26.476     0.000
   121.572    26.472     0.000   121.270    26.449     0.000   121.270    26.449     0.000   121.104    26.438     0.000
   120.937    26.426     0.000   120.771    26.415     0.000   120.604    26.402     0.000   120.437    26.390     0.000
   120.270    26.377     0.000   120.102    26.364     0.000   119.911    26.349     0.000   119.720    26.335     0.000
   119.530    26.323     0.000   119.339    26.316     0.000   119.150    26.313     0.000   118.961    26.318     0.000
   118.774    26.331     0.000   118.484    26.370     0.000   118.196    26.427     0.000   117.910    26.496     0.000
   117.623    26.570     0.000   117.336    26.645     0.000   117.046    26.713     0.000   116.753    26.770     0.000
   116.505    26.804     0.000   116.256    26.830     0.000   116.007    26.853     0.000   115.758    26.877     0.000
   115.510    26.906     0.000   115.265    26.945     0.000   115.023    27.000     0.000   114.780    27.074     0.000
   114.540    27.161     0.000   114.300    27.252     0.000   114.061    27.341     0.000   113.820    27.420     0.000
   113.576    27.481     0.000   113.329    27.515     0.000   113.168    27.521     0.000   113.006    27.515     0.000
   112.842    27.501     0.000   112.678    27.480     0.000   112.514    27.455     0.000   112.349    27.430     0.000
   112.184    27.405     0.000   112.049    27.387     0.000   111.914    27.372     0.000   111.779    27.360     0.000
   111.644    27.350     0.000   111.509    27.342     0.000   111.374    27.338     0.000   111.239    27.336     0.000
   111.057    27.337     0.000   110.875    27.343     0.000   110.693    27.351     0.000   110.511    27.363     0.000
   110.328    27.376     0.000   110.146    27.390     0.000   109.963    27.405     0.000   109.258    27.262     0.000
   108.531    27.052     0.000   107.824    26.865     0.000   107.170    26.793     0.000   106.604    26.928     0.000
   106.498    26.992     0.000   106.396    27.066     0.000   106.296    27.149     0.000   106.197    27.237     0.000
   106.097    27.328     0.000   105.996    27.419     0.000   105.891    27.508     0.000   105.782    27.592     0.000
   105.669    27.670     0.000   105.552    27.741     0.000   105.430    27.804     0.000   105.305    27.857     0.000
   105.177    27.900     0.000   105.046    27.932     0.000   104.900    27.953     0.000   104.752    27.961     0.000
   104.601    27.959     0.000   104.449    27.949     0.000   104.295    27.932     0.000   104.141    27.911     0.000
   103.987    27.887     0.000   103.787    27.910     0.000   103.580    27.960     0.000   103.368    28.031     0.000
   103.152    28.116     0.000   102.934    28.211     0.000   102.776    28.283     0.000   102.622    28.358     0.000
   102.477    28.436     0.000   102.348    28.518     0.000   102.237    28.606     0.000   102.150    28.700     0.000
   102.092    28.801     0.000   102.063    28.954     0.000   102.088    29.120     0.000   102.155    29.296     0.000
   102.252    29.478     0.000   102.368    29.665     0.000   102.492    29.852     0.000   102.612    30.037     0.000
   102.713    30.207     0.000   102.803    30.372     0.000   102.884    30.535     0.000   102.960    30.696     0.000
   103.033    30.856     0.000   103.105    31.015     0.000   103.179    31.175     0.000   103.228    31.277     0.000
   103.279    31.380     0.000   103.332    31.483     0.000   103.386    31.586     0.000   103.441    31.689     0.000
   103.496    31.793     0.000   103.552    31.896     0.000   103.625    32.102     0.000   103.678    32.309     0.000
   103.706    32.661     0.000   103.662    33.017     0.000   103.557    33.373     0.000   103.399    33.728     0.000
   103.200    34.077     0.000   102.968    34.419     0.000   102.716    34.751     0.000   102.615    34.874     0.000
   102.512    34.995     0.000   102.404    35.110     0.000   102.290    35.218     0.000   102.168    35.317     0.000
   102.039    35.406     0.000   101.899    35.482     0.000   101.705    35.560     0.000   101.496    35.616     0.000
   101.275    35.650     0.000   101.048    35.663     0.000   100.816    35.656     0.000   100.584    35.629     0.000
   100.584    35.629     0.000   100.335    35.567     0.000   100.087    35.509     0.000    99.840    35.458     0.000
    99.593    35.420     0.000    99.347    35.399     0.000    99.102    35.398     0.000    98.857    35.423     0.000
    98.665    35.461     0.000    98.473    35.510     0.000    98.281    35.563     0.000    98.089    35.611     0.000
    97.898    35.647     0.000    97.708    35.664     0.000    97.518    35.654     0.000    97.405    35.633     0.000
    97.294    35.600     0.000    97.185    35.558     0.000    97.081    35.507     0.000    96.982    35.449     0.000
    96.890    35.385     0.000    96.806    35.317     0.000    96.602    35.091     0.000    96.466    34.838     0.000
    96.387    34.564     0.000    96.350    34.272     0.000    96.344    33.965     0.000    96.356    33.646     0.000
    96.374    33.319     0.000    96.386    33.066     0.000    96.401    32.816     0.000    96.428    32.575     0.000
    96.472    32.349     0.000    96.541    32.142     0.000    96.642    31.962     0.000    96.782    31.812     0.000
    96.922    31.720     0.000    97.087    31.646     0.000    97.271    31.589     0.000    97.472    31.544     0.000
    97.686    31.508     0.000    97.907    31.478     0.000    98.132    31.451     0.000    98.537    31.424     0.000
    98.931    31.375     0.000    99.154    31.330     0.000    99.365    31.271     0.000    99.559    31.196     0.000
    99.736    31.105     0.000    99.893    30.996     0.000   100.027    30.869     0.000   100.136    30.723     0.000
   100.227    30.538     0.000   100.284    30.336     0.000   100.308    30.126     0.000   100.297    29.916     0.000
   100.252    29.714     0.000   100.173    29.528     0.000   100.058    29.367     0.000    99.975    29.286     0.000
    99.881    29.215     0.000    99.778    29.150     0.000    99.669    29.090     0.000    99.555    29.032     0.000
    99.437    28.974     0.000    99.318    28.914     0.000    99.164    28.832     0.000    99.011    28.748     0.000
    98.859    28.667     0.000    98.708    28.596     0.000    98.558    28.539     0.000    98.411    28.501     0.000
    98.265    28.488     0.000    98.092    28.509     0.000    97.922    28.567     0.000    97.754    28.654     0.000
    97.588    28.763     0.000    97.425    28.888     0.000    97.264    29.022     0.000    97.105    29.158     0.000
    96.890    29.339     0.000    96.678    29.510     0.000    96.464    29.668     0.000    96.246    29.812     0.000
    96.019    29.940     0.000    95.782    30.050     0.000    95.530    30.141     0.000    95.280    30.207     0.000
    95.019    30.252     0.000    94.751    30.276     0.000    94.481    30.275     0.000    94.215    30.250     0.000
    93.956    30.198     0.000    93.709    30.118     0.000    93.517    30.032     0.000    93.332    29.934     0.000
    93.151    29.831     0.000    92.968    29.733     0.000    92.780    29.646     0.000    92.583    29.578     0.000
    92.371    29.537     0.000    92.335    29.533     0.000    92.298    29.531     0.000    92.262    29.530     0.000
    92.226    29.531     0.000    92.192    29.534     0.000    92.159    29.540     0.000    92.127    29.549     0.000
    92.062    29.580     0.000    92.007    29.625     0.000    91.961    29.682     0.000    91.923    29.748     0.000
    91.891    29.820     0.000    91.891    29.820     0.000    91.784    30.084     0.000    91.679    30.350     0.000
    91.576    30.616     0.000    91.480    30.884     0.000    91.391    31.154     0.000    91.312    31.428     0.000
    91.245    31.704     0.000    91.168    32.139     0.000    91.168    32.139     0.000    91.114    32.349     0.000
    91.064    32.559     0.000    91.020    32.769     0.000    90.986    32.980     0.000    90.967    33.192     0.000
    90.966    33.404     0.000    90.986    33.617     0.000    91.015    33.767     0.000    91.057    33.916     0.000
    91.112    34.062     0.000    91.180    34.204     0.000    91.261    34.339     0.000    91.355    34.467     0.000
    91.463    34.586     0.000    91.593    34.701     0.000    91.735    34.805     0.000    91.889    34.899     0.000
    92.051    34.987     0.000    92.220    35.069     0.000    92.394    35.148     0.000    92.571    35.224     0.000
    92.683    35.436     0.000    92.706    35.677     0.000    92.656    35.939     0.000    92.552    36.216     0.000
    92.409    36.502     0.000    92.245    36.789     0.000    92.079    37.071     0.000    91.967    37.266     0.000
    91.858    37.452     0.000    91.748    37.630     0.000    91.632    37.798     0.000    91.504    37.953     0.000
    91.361    38.095     0.000    91.197    38.222     0.000    90.967    38.352     0.000    90.707    38.457     0.000
    90.423    38.537     0.000    90.123    38.593     0.000    89.813    38.625     0.000    89.500    38.633     0.000
    89.192    38.616     0.000    88.937    38.585     0.000    88.689    38.538     0.000    88.447    38.480     0.000
    88.211    38.411     0.000    87.978    38.335     0.000    87.749    38.254     0.000    87.521    38.170     0.000
    87.207    38.080     0.000    86.901    37.988     0.000    86.600    37.894     0.000    86.304    37.797     0.000
    86.011    37.700     0.000    85.521    37.432     0.000    85.032    37.166     0.000    84.534    36.919     0.000
    84.155    36.757     0.000    83.766    36.613     0.000    83.370    36.486     0.000    82.965    36.378     0.000
    82.553    36.287     0.000    82.135    36.213     0.000    81.710    36.156     0.000    81.453    36.130     0.000
    81.195    36.111     0.000    80.937    36.100     0.000    80.681    36.097     0.000    80.427    36.104     0.000
    80.177    36.122     0.000    79.931    36.151     0.000    79.674    36.196     0.000    79.421    36.253     0.000
    79.168    36.320     0.000    78.915    36.395     0.000    78.657    36.475     0.000    78.393    36.558     0.000
    78.120    36.641     0.000    77.952    36.690     0.000    77.781    36.733     0.000    77.610    36.766     0.000
    77.442    36.784     0.000    77.278    36.782     0.000    77.121    36.756     0.000    76.972    36.702     0.000
    76.914    36.670     0.000    76.859    36.633     0.000    76.808    36.593     0.000    76.762    36.549     0.000
    76.722    36.504     0.000    76.688    36.458     0.000    76.663    36.411     0.000    76.642    36.243     0.000
    76.729    36.088     0.000    76.902    35.946     0.000    77.140    35.814     0.000    77.424    35.693     0.000
    77.732    35.580     0.000    78.044    35.476     0.000    78.650    35.281     0.000    79.201    35.117     0.000
    79.711    34.979     0.000    80.191    34.864     0.000    80.654    34.771     0.000    81.113    34.695     0.000
    81.580    34.632     0.000    82.064    34.579     0.000    82.565    34.532     0.000    83.079    34.486     0.000
    83.603    34.437     0.000    84.133    34.381     0.000    84.666    34.313     0.000    85.198    34.230     0.000
    85.444    34.184     0.000    85.687    34.134     0.000    85.926    34.077     0.000    86.157    34.013     0.000
    86.380    33.941     0.000    86.593    33.859     0.000    86.794    33.767     0.000    87.029    33.634     0.000
    87.247    33.483     0.000    87.453    33.315     0.000    87.653    33.131     0.000    87.851    32.930     0.000
    88.052    32.714     0.000    88.263    32.483     0.000    88.494    32.227     0.000    88.721    31.962     0.000
    88.923    31.696     0.000    89.082    31.437     0.000    89.179    31.193     0.000    89.194    30.971     0.000
    89.111    30.780     0.000    89.016    30.689     0.000    88.895    30.605     0.000    88.754    30.524     0.000
    88.604    30.442     0.000    88.453    30.355     0.000    88.309    30.258     0.000    88.182    30.148     0.000
    88.097    30.047     0.000    88.028    29.937     0.000    87.977    29.820     0.000    87.944    29.700     0.000
    87.928    29.579     0.000    87.931    29.460     0.000    87.952    29.344     0.000    87.978    29.268     0.000
    88.012    29.194     0.000    88.056    29.124     0.000    88.110    29.057     0.000    88.173    28.993     0.000
    88.245    28.932     0.000    88.327    28.874     0.000    88.431    28.811     0.000    88.541    28.751     0.000
    88.647    28.691     0.000    88.741    28.631     0.000    88.816    28.569     0.000    88.864    28.503     0.000
    88.876    28.431     0.000    88.864    28.385     0.000    88.837    28.337     0.000    88.799    28.290     0.000
    88.752    28.245     0.000    88.697    28.202     0.000    88.638    28.164     0.000    88.576    28.132     0.000
    88.497    28.102     0.000    88.418    28.081     0.000    88.338    28.068     0.000    88.258    28.062     0.000
    88.177    28.062     0.000    88.096    28.065     0.000    88.015    28.070     0.000    87.833    28.084     0.000
    87.652    28.102     0.000    87.471    28.125     0.000    87.292    28.153     0.000    87.114    28.188     0.000
    86.938    28.230     0.000    86.765    28.279     0.000    86.607    28.333     0.000    86.450    28.390     0.000
    86.294    28.448     0.000    86.136    28.504     0.000    85.976    28.553     0.000    85.813    28.592     0.000
    85.646    28.618     0.000    85.550    28.625     0.000    85.452    28.626     0.000    85.355    28.621     0.000
    85.259    28.609     0.000    85.165    28.589     0.000    85.073    28.561     0.000    84.986    28.524     0.000
    84.912    28.484     0.000    84.843    28.437     0.000    84.779    28.385     0.000    84.721    28.328     0.000
    84.670    28.266     0.000    84.626    28.202     0.000    84.592    28.134     0.000    84.549    27.994     0.000
    84.539    27.849     0.000    84.557    27.700     0.000    84.599    27.551     0.000    84.661    27.402     0.000
    84.739    27.257     0.000    84.828    27.117     0.000    85.037    26.848     0.000    85.274    26.609     0.000
    85.535    26.400     0.000    85.816    26.218     0.000    86.113    26.062     0.000    86.422    25.930     0.000
    86.740    25.822     0.000    87.049    25.738     0.000    87.362    25.670     0.000    87.678    25.617     0.000
    87.998    25.573     0.000    88.319    25.538     0.000    88.642    25.507     0.000    88.965    25.478     0.000
    89.120    25.458     0.000    89.275    25.441     0.000    89.430    25.428     0.000    89.585    25.418     0.000
    89.740    25.411     0.000    89.894    25.408     0.000    90.049    25.408     0.000    90.353    25.419     0.000
    90.656    25.441     0.000    90.959    25.474     0.000    91.261    25.515     0.000    91.563    25.564     0.000
    91.863    25.619     0.000    92.163    25.677     0.000    92.330    25.711     0.000    92.496    25.745     0.000
    92.662    25.779     0.000    92.829    25.813     0.000    92.995    25.846     0.000    93.162    25.878     0.000
    93.329    25.908     0.000    93.492    25.936     0.000    93.656    25.962     0.000    93.820    25.987     0.000
    93.985    26.010     0.000    94.150    26.033     0.000    94.315    26.055     0.000    94.480    26.076     0.000
    94.787    26.069     0.000    95.094    26.053     0.000    95.395    26.021     0.000    95.683    25.967     0.000
    95.949    25.883     0.000    96.187    25.764     0.000    96.389    25.603     0.000    96.454    25.531     0.000
    96.513    25.454     0.000    96.566    25.372     0.000    96.614    25.286     0.000    96.656    25.197     0.000
    96.693    25.106     0.000    96.724    25.013     0.000    96.769    24.834     0.000    96.797    24.653     0.000
    96.811    24.472     0.000    96.814    24.290     0.000    96.809    24.107     0.000    96.798    23.924     0.000
    96.784    23.742     0.000    96.884    23.101     0.000    97.065    22.469     0.000    97.318    21.859     0.000
    97.634    21.279     0.000    98.004    20.739     0.000    98.421    20.249     0.000    98.421    20.249     0.000
    98.488    20.197     0.000    98.555    20.145     0.000    98.622    20.093     0.000    98.689    20.040     0.000
    98.756    19.987     0.000    98.823    19.934     0.000    98.890    19.879     0.000    99.098    19.710     0.000
    99.308    19.541     0.000    99.524    19.379     0.000    99.745    19.232     0.000    99.974    19.105     0.000
   100.212    19.006     0.000   100.461    18.941     0.000   100.528    18.931     0.000   100.596    18.923     0.000
   100.664    18.917     0.000   100.732    18.912     0.000   100.802    18.909     0.000   100.871    18.906     0.000
   100.940    18.904     0.000   101.577    18.844     0.000   102.127    18.870     0.000   102.611    18.967     0.000
   103.050    19.117     0.000   103.465    19.302     0.000   103.873    19.505     0.000   104.296    19.706     0.000
   104.730    19.886     0.000   105.183    20.057     0.000   105.641    20.231     0.000   106.094    20.418     0.000
   106.529    20.630     0.000   106.934    20.879     0.000   106.934    20.879     0.000   107.104    21.023     0.000
   107.272    21.167     0.000   107.436    21.313     0.000   107.594    21.463     0.000   107.744    21.616     0.000
   107.883    21.775     0.000   108.010    21.940     0.000   108.104    22.080     0.000   108.194    22.223     0.000
   108.286    22.366     0.000   108.388    22.506     0.000   108.505    22.642     0.000   108.643    22.770     0.000
   108.810    22.888     0.000   108.974    22.976     0.000   109.151    23.050     0.000   109.331    23.106     0.000
   109.505    23.140     0.000   109.661    23.148     0.000   109.790    23.124     0.000   109.881    23.066     0.000
   109.924    22.981     0.000   109.936    22.871     0.000   109.927    22.742     0.000   109.906    22.600     0.000
   109.880    22.452     0.000   109.859    22.303     0.000   109.852    22.161     0.000   109.876    21.977     0.000
   109.931    21.811     0.000   110.007    21.653     0.000   110.091    21.495     0.000   110.171    21.331     0.000
   110.235    21.153     0.000   110.272    20.952     0.000   110.277    20.849     0.000   110.277    20.745     0.000
   110.276    20.643     0.000   110.277    20.550     0.000   110.284    20.469     0.000   110.300    20.406     0.000
   110.329    20.365     0.000   110.385    20.348     0.000   110.461    20.367     0.000   110.553    20.413     0.000
   110.656    20.482     0.000   110.765    20.565     0.000   110.876    20.656     0.000   110.984    20.750     0.000
   111.176    20.925     0.000   111.344    21.087     0.000   111.492    21.240     0.000   111.626    21.387     0.000
   111.751    21.532     0.000   111.872    21.677     0.000   111.994    21.827     0.000   112.197    22.075     0.000
   112.419    22.329     0.000   112.660    22.579     0.000   112.923    22.813     0.000   113.208    23.018     0.000
   113.516    23.182     0.000   113.849    23.293     0.000   113.958    23.315     0.000   114.069    23.330     0.000
   114.181    23.338     0.000   114.292    23.338     0.000   114.403    23.329     0.000   114.512    23.311     0.000
   114.619    23.284     0.000   114.752    23.235     0.000   114.881    23.174     0.000   115.008    23.108     0.000
   115.133    23.041     0.000   115.258    22.979     0.000   115.384    22.927     0.000   115.514    22.890     0.000
   115.651    22.873     0.000   115.792    22.875     0.000   115.936    22.893     0.000   116.080    22.925     0.000
   116.226    22.968     0.000   116.370    23.020     0.000   116.512    23.077     0.000   116.714    23.165     0.000
   116.912    23.257     0.000   117.106    23.347     0.000   117.299    23.432     0.000   117.494    23.508     0.000
   117.691    23.571     0.000   117.893    23.618     0.000   118.018    23.637     0.000   118.146    23.649     0.000
   118.275    23.656     0.000   118.405    23.658     0.000   118.536    23.657     0.000   118.669    23.654     0.000
   118.801    23.650     0.000   119.037    23.513     0.000   119.220    23.339     0.000   119.372    23.129     0.000
   119.506    22.893     0.000   119.629    22.642     0.000   119.754    22.387     0.000   119.889    22.137     0.000
   120.044    21.904     0.000   120.183    21.741     0.000   120.338    21.593     0.000   120.507    21.461     0.000
   120.688    21.344     0.000   120.880    21.242     0.000   121.081    21.155     0.000   121.289    21.082     0.000
   121.541    21.015     0.000   121.799    20.968     0.000   122.059    20.942     0.000   122.319    20.937     0.000
   122.578    20.953     0.000   122.833    20.991     0.000   123.081    21.051     0.000   123.355    21.147     0.000
   123.618    21.270     0.000   123.869    21.418     0.000   124.108    21.588     0.000   124.335    21.777     0.000
   124.548    21.984     0.000   124.748    22.205     0.000   124.889    22.380     0.000   125.020    22.563     0.000
   125.136    22.751     0.000   125.233    22.946     0.000   125.310    23.146     0.000   125.362    23.352     0.000
   125.385    23.563     0.000   125.382    23.728     0.000   125.361    23.894     0.000   125.321    24.058     0.000
   125.265    24.218     0.000   125.191    24.371     0.000   125.101    24.516     0.000   125.101    24.516     0.000
   125.009    24.599     0.000   124.917    24.681     0.000   124.825    24.763     0.000   124.731    24.843     0.000
   124.637    24.923     0.000   124.541    25.002     0.000   124.443    25.079     0.000   124.249    25.223     0.000
   124.049    25.361     0.000   123.844    25.494     0.000   123.635    25.622     0.000   123.423    25.748     0.000
   123.208    25.871     0.000   122.992    25.992     0.000
0 1
   122.871    26.083     0.000
2 259
   113.786    25.990     0.000   113.749    25.997     0.000   113.712    26.004     0.000   113.674    26.011     0.000
   113.637    26.018     0.000   113.600    26.025     0.000   113.562    26.031     0.000   113.525    26.037     0.000
   113.377    26.056     0.000   113.227    26.069     0.000   113.078    26.078     0.000   112.927    26.084     0.000
   112.776    26.088     0.000   112.625    26.091     0.000   112.473    26.094     0.000   112.323    26.099     0.000
   112.174    26.106     0.000   112.026    26.118     0.000   111.879    26.135     0.000   111.734    26.158     0.000
   111.592    26.190     0.000   111.452    26.232     0.000   111.345    26.272     0.000   111.240    26.317     0.000
   111.135    26.364     0.000   111.030    26.412     0.000   110.925    26.458     0.000   110.819    26.501     0.000
   110.711    26.537     0.000   110.535    26.580     0.000   110.354    26.606     0.000   110.169    26.616     0.000
   109.981    26.612     0.000   109.793    26.598     0.000   109.604    26.575     0.000   109.417    26.546     0.000
   109.212    26.508     0.000   109.009    26.468     0.000   108.808    26.428     0.000   108.609    26.391     0.000
   108.409    26.359     0.000   108.209    26.336     0.000   108.008    26.323     0.000   107.882    26.321     0.000
   107.755    26.322     0.000   107.628    26.323     0.000   107.500    26.323     0.000   107.373    26.319     0.000
   107.246    26.309     0.000   107.119    26.291     0.000   106.989    26.263     0.000   106.859    26.227     0.000
   106.859    26.227     0.000   106.771    26.200     0.000   106.684    26.174     0.000   106.596    26.151     0.000
   106.509    26.131     0.000   106.422    26.116     0.000   106.335    26.107     0.000   106.249    26.105     0.000
   106.147    26.113     0.000   106.046    26.130     0.000   105.944    26.152     0.000   105.842    26.178     0.000
   105.739    26.204     0.000   105.634    26.227     0.000   105.528    26.245     0.000   105.447    26.253     0.000
   105.366    26.256     0.000   105.286    26.254     0.000   105.206    26.246     0.000   105.128    26.233     0.000
   105.052    26.213     0.000   104.979    26.187     0.000   104.898    26.148     0.000   104.822    26.101     0.000
   104.751    26.048     0.000   104.684    25.988     0.000   104.623    25.923     0.000   104.565    25.855     0.000
   104.513    25.783     0.000   104.454    25.693     0.000   104.403    25.601     0.000   104.359    25.506     0.000
   104.324    25.409     0.000   104.299    25.309     0.000   104.284    25.208     0.000   104.279    25.105     0.000
   104.284    25.020     0.000   104.297    24.934     0.000   104.318    24.850     0.000   104.346    24.769     0.000
   104.383    24.691     0.000   104.427    24.618     0.000   104.479    24.551     0.000   104.560    24.473     0.000
   104.651    24.406     0.000   104.752    24.348     0.000   104.859    24.295     0.000   104.970    24.247     0.000
   105.083    24.202     0.000   105.195    24.156     0.000   105.260    24.129     0.000   105.325    24.101     0.000
   105.388    24.073     0.000   105.451    24.044     0.000   105.513    24.015     0.000   105.575    23.986     0.000
   105.637    23.957     0.000   105.797    23.878     0.000   105.953    23.794     0.000   106.105    23.704     0.000
   106.232    23.621     0.000   106.358    23.534     0.000   106.484    23.447     0.000   106.613    23.362     0.000
   106.746    23.282     0.000   106.886    23.211     0.000   107.033    23.150     0.000   107.126    23.120     0.000
   107.221    23.096     0.000   107.318    23.080     0.000   107.415    23.071     0.000   107.511    23.072     0.000
   107.604    23.083     0.000   107.695    23.106     0.000   107.773    23.137     0.000   107.847    23.178     0.000
   107.916    23.226     0.000   107.980    23.282     0.000   108.039    23.343     0.000   108.092    23.409     0.000
   108.138    23.479     0.000   108.196    23.592     0.000   108.241    23.709     0.000   108.280    23.827     0.000
   108.317    23.945     0.000   108.357    24.061     0.000   108.406    24.173     0.000   108.468    24.277     0.000
   108.517    24.339     0.000   108.572    24.397     0.000   108.634    24.451     0.000   108.700    24.501     0.000
   108.771    24.547     0.000   108.846    24.589     0.000   108.923    24.627     0.000   109.018    24.667     0.000
   109.115    24.700     0.000   109.214    24.727     0.000   109.315    24.748     0.000   109.416    24.762     0.000
   109.518    24.769     0.000   109.619    24.769     0.000   109.739    24.760     0.000   109.858    24.742     0.000
   109.976    24.716     0.000   110.093    24.682     0.000   110.208    24.642     0.000   110.322    24.597     0.000
   110.434    24.547     0.000   110.572    24.479     0.000   110.708    24.410     0.000   110.844    24.341     0.000
   110.981    24.278     0.000   111.119    24.222     0.000   111.259    24.179     0.000   111.404    24.151     0.000
   111.461    24.144     0.000   111.519    24.140     0.000   111.578    24.139     0.000   111.637    24.138     0.000
   111.696    24.139     0.000   111.756    24.141     0.000   111.816    24.143     0.000   112.029    24.151     0.000
   112.243    24.175     0.000   112.456    24.211     0.000   112.670    24.255     0.000   112.884    24.302     0.000
   113.099    24.349     0.000   113.313    24.392     0.000   113.599    24.437     0.000   113.885    24.469     0.000
   114.172    24.492     0.000   114.460    24.507     0.000   114.749    24.518     0.000   115.040    24.526     0.000
   115.333    24.536     0.000   115.554    24.544     0.000   115.776    24.551     0.000   115.998    24.553     0.000
   116.217    24.548     0.000   116.434    24.533     0.000   116.647    24.504     0.000   116.855    24.458     0.000
   116.946    24.431     0.000   117.037    24.402     0.000   117.128    24.370     0.000   117.219    24.337     0.000
   117.311    24.303     0.000   117.404    24.271     0.000   117.499    24.240     0.000   117.717    24.181     0.000
   117.943    24.139     0.000   118.171    24.118     0.000   118.397    24.123     0.000   118.617    24.159     0.000
   118.827    24.229     0.000   119.022    24.340     0.000   119.106    24.404     0.000   119.182    24.477     0.000
   119.250    24.556     0.000   119.305    24.639     0.000   119.345    24.726     0.000   119.367    24.813     0.000
   119.369    24.901     0.000   119.349    24.986     0.000   119.308    25.068     0.000   119.251    25.146     0.000
   119.180    25.218     0.000   119.098    25.283     0.000   119.009    25.341     0.000   118.915    25.389     0.000
   118.773    25.442     0.000   118.628    25.477     0.000   118.481    25.498     0.000   118.333    25.508     0.000
   118.185    25.513     0.000   118.036    25.517     0.000   117.887    25.524     0.000   117.737    25.536     0.000
   117.587    25.555     0.000   117.438    25.576     0.000   117.289    25.600     0.000   117.140    25.623     0.000
   116.991    25.644     0.000   116.841    25.662     0.000   116.615    25.678     0.000   116.387    25.683     0.000
   116.159    25.681     0.000   115.930    25.676     0.000   115.701    25.668     0.000   115.471    25.663     0.000
   115.241    25.663     0.000   115.128    25.666     0.000   115.016    25.671     0.000   114.904    25.679     0.000
   114.793    25.690     0.000   114.683    25.705     0.000   114.574    25.724     0.000   114.466    25.749     0.000
   114.376    25.774     0.000   114.287    25.802     0.000   114.198    25.833     0.000   114.111    25.866     0.000
   114.023    25.901     0.000   113.936    25.936     0.000   113.849    25.973     0.000
10 1
   113.786    25.990     0.000
2 178
   122.246    33.041     0.000   122.063    33.072     0.000   121.881    33.102     0.000   121.881    33.102     0.000
   121.798    33.098     0.000   121.714    33.094     0.000   121.631    33.092     0.000   121.548    33.090     0.000
   121.465    33.089     0.000   121.382    33.091     0.000   121.300    33.095     0.000   121.144    33.111     0.000
   120.989    33.135     0.000   120.835    33.167     0.000   120.682    33.205     0.000   120.529    33.249     0.000
   120.377    33.296     0.000   120.225    33.345     0.000   120.044    33.406     0.000   119.864    33.469     0.000
   119.687    33.537     0.000   119.516    33.609     0.000   119.350    33.688     0.000   119.193    33.774     0.000
   119.046    33.870     0.000   118.930    33.956     0.000   118.821    34.048     0.000   118.713    34.144     0.000
   118.606    34.242     0.000   118.496    34.341     0.000   118.380    34.438     0.000   118.256    34.533     0.000
   118.161    34.600     0.000   118.064    34.666     0.000   117.971    34.733     0.000   117.885    34.802     0.000
   117.811    34.876     0.000   117.754    34.956     0.000   117.717    35.044     0.000   117.704    35.140     0.000
   117.708    35.243     0.000   117.719    35.348     0.000   117.719    35.348     0.000   117.715    35.378     0.000
   117.711    35.409     0.000   117.706    35.439     0.000   117.700    35.470     0.000   117.694    35.501     0.000
   117.686    35.531     0.000   117.677    35.562     0.000   117.670    35.585     0.000   117.661    35.608     0.000
   117.650    35.631     0.000   117.639    35.652     0.000   117.626    35.673     0.000   117.611    35.693     0.000
   117.594    35.711     0.000   117.553    35.743     0.000   117.506    35.768     0.000   117.452    35.788     0.000
   117.394    35.802     0.000   117.334    35.811     0.000   117.271    35.815     0.000   117.208    35.816     0.000
   117.144    35.812     0.000   117.081    35.804     0.000   117.021    35.793     0.000   116.963    35.776     0.000
   116.908    35.756     0.000   116.856    35.731     0.000   116.809    35.701     0.000   116.770    35.672     0.000
   116.735    35.639     0.000   116.704    35.603     0.000   116.676    35.566     0.000   116.652    35.526     0.000
   116.632    35.486     0.000   116.617    35.444     0.000   116.601    35.384     0.000   116.593    35.324     0.000
   116.589    35.264     0.000   116.588    35.202     0.000   116.588    35.141     0.000   116.587    35.080     0.000
   116.583    35.018     0.000   116.577    34.973     0.000   116.570    34.928     0.000   116.563    34.883     0.000
   116.558    34.838     0.000   116.555    34.793     0.000   116.555    34.749     0.000   116.561    34.705     0.000
   116.570    34.668     0.000   116.583    34.632     0.000   116.600    34.597     0.000   116.621    34.563     0.000
   116.644    34.530     0.000   116.671    34.499     0.000   116.700    34.470     0.000   116.743    34.435     0.000
   116.790    34.403     0.000   116.840    34.374     0.000   116.892    34.348     0.000   116.946    34.323     0.000
   117.001    34.300     0.000   117.057    34.277     0.000   117.110    34.177     0.000   117.155    34.074     0.000
   117.200    33.943     0.000   117.236    33.809     0.000   117.266    33.673     0.000   117.295    33.537     0.000
   117.328    33.402     0.000   117.368    33.270     0.000   117.420    33.142     0.000   117.476    33.035     0.000
   117.542    32.932     0.000   117.615    32.830     0.000   117.691    32.730     0.000   117.767    32.629     0.000
   117.842    32.528     0.000   117.912    32.423     0.000   117.985    32.298     0.000   118.054    32.170     0.000
   118.122    32.043     0.000   118.195    31.919     0.000   118.278    31.801     0.000   118.375    31.690     0.000
   118.493    31.591     0.000   118.539    31.560     0.000   118.587    31.531     0.000   118.637    31.506     0.000
   118.689    31.485     0.000   118.742    31.470     0.000   118.796    31.462     0.000   118.850    31.461     0.000
   118.886    31.465     0.000   118.922    31.473     0.000   118.958    31.484     0.000   118.993    31.498     0.000
   119.026    31.515     0.000   119.058    31.535     0.000   119.088    31.557     0.000   119.155    31.622     0.000
   119.213    31.696     0.000   119.264    31.774     0.000   119.313    31.850     0.000   119.365    31.921     0.000
   119.423    31.980     0.000   119.492    32.023     0.000   119.547    32.042     0.000   119.609    32.051     0.000
   119.675    32.053     0.000   119.745    32.049     0.000   119.817    32.040     0.000   119.890    32.027     0.000
   119.963    32.012     0.000   120.112    31.976     0.000   120.257    31.940     0.000   120.397    31.905     0.000
   120.535    31.875     0.000   120.669    31.854     0.000   120.803    31.845     0.000   120.936    31.850     0.000
   121.092    31.879     0.000   121.246    31.929     0.000   121.396    31.999     0.000   121.538    32.085     0.000
   121.670    32.185     0.000   121.790    32.296     0.000   121.893    32.415     0.000   121.945    32.486     0.000
   121.991    32.560     0.000   122.033    32.635     0.000   122.072    32.710     0.000   122.107    32.787     0.000
   122.141    32.864     0.000   122.174    32.942     0.000
10 1
   122.246    33.041     0.000
2 98
   110.291    25.948     0.000   110.264    25.946     0.000   110.237    25.943     0.000   110.237    25.943     0.000
   110.178    25.937     0.000   110.119    25.931     0.000   110.119    25.931     0.000   110.028    25.925     0.000
   109.938    25.918     0.000   109.848    25.909     0.000   109.759    25.897     0.000   109.672    25.880     0.000
   109.586    25.859     0.000   109.502    25.832     0.000   109.444    25.808     0.000   109.387    25.782     0.000
   109.331    25.755     0.000   109.275    25.728     0.000   109.219    25.702     0.000   109.163    25.677     0.000
   109.106    25.656     0.000   108.985    25.623     0.000   108.861    25.602     0.000   108.735    25.589     0.000
   108.605    25.577     0.000   108.473    25.561     0.000   108.340    25.537     0.000   108.205    25.498     0.000
   108.135    25.471     0.000   108.068    25.438     0.000   108.005    25.402     0.000   107.949    25.361     0.000
   107.903    25.316     0.000   107.869    25.268     0.000   107.849    25.217     0.000   107.845    25.151     0.000
   107.863    25.083     0.000   107.899    25.015     0.000   107.899    25.015     0.000   107.946    24.977     0.000
   107.993    24.939     0.000   108.040    24.904     0.000   108.088    24.870     0.000   108.137    24.841     0.000
   108.187    24.815     0.000   108.238    24.795     0.000   108.345    24.772     0.000   108.458    24.769     0.000
   108.575    24.782     0.000   108.695    24.807     0.000   108.818    24.839     0.000   108.943    24.874     0.000
   109.068    24.908     0.000   109.172    24.933     0.000   109.275    24.956     0.000   109.375    24.980     0.000
   109.471    25.007     0.000   109.563    25.039     0.000   109.649    25.078     0.000   109.728    25.128     0.000
   109.769    25.161     0.000   109.809    25.198     0.000   109.847    25.237     0.000   109.884    25.278     0.000
   109.921    25.319     0.000   109.958    25.360     0.000   109.996    25.401     0.000   110.024    25.430     0.000
   110.053    25.458     0.000   110.082    25.486     0.000   110.112    25.513     0.000   110.142    25.539     0.000
   110.173    25.566     0.000   110.203    25.592     0.000   110.263    25.624     0.000   110.325    25.655     0.000
   110.391    25.686     0.000   110.424    25.702     0.000   110.456    25.718     0.000   110.486    25.735     0.000
   110.514    25.754     0.000   110.537    25.776     0.000   110.555    25.801     0.000   110.567    25.829     0.000
   110.570    25.845     0.000   110.571    25.861     0.000   110.570    25.877     0.000   110.567    25.893     0.000
   110.562    25.908     0.000   110.556    25.922     0.000   110.548    25.934     0.000   110.529    25.950     0.000
   110.505    25.960     0.000   110.478    25.965     0.000   110.447    25.966     0.000   110.414    25.965     0.000
   110.380    25.961     0.000   110.344    25.957     0.000
25 1
   110.291    25.948     0.000
2 136
   117.828    34.288     0.000   117.855    34.282     0.000   117.882    34.277     0.000   117.908    34.271     0.000
   117.935    34.265     0.000   117.961    34.258     0.000   117.987    34.251     0.000   118.012    34.243     0.000
   118.081    34.217     0.000   118.081    34.217     0.000   118.150    34.179     0.000   118.219    34.141     0.000
   118.287    34.102     0.000   118.355    34.062     0.000   118.422    34.022     0.000   118.487    33.980     0.000
   118.551    33.938     0.000   118.648    33.867     0.000   118.742    33.794     0.000   118.834    33.718     0.000
   118.925    33.641     0.000   119.015    33.564     0.000   119.106    33.488     0.000   119.198    33.413     0.000
   119.274    33.354     0.000   119.352    33.297     0.000   119.430    33.240     0.000   119.510    33.185     0.000
   119.589    33.130     0.000   119.669    33.075     0.000   119.748    33.021     0.000   119.824    32.969     0.000
   119.899    32.918     0.000   119.976    32.868     0.000   120.056    32.821     0.000   120.138    32.777     0.000
   120.225    32.737     0.000   120.317    32.702     0.000   120.360    32.688     0.000   120.402    32.674     0.000
   120.444    32.659     0.000   120.483    32.642     0.000   120.519    32.622     0.000   120.550    32.598     0.000
   120.575    32.569     0.000   120.587    32.548     0.000   120.596    32.527     0.000   120.602    32.504     0.000
   120.605    32.481     0.000   120.604    32.459     0.000   120.600    32.437     0.000   120.591    32.417     0.000
   120.573    32.394     0.000   120.549    32.374     0.000   120.520    32.358     0.000   120.488    32.346     0.000
   120.452    32.337     0.000   120.416    32.331     0.000   120.379    32.329     0.000   120.323    32.331     0.000
   120.269    32.342     0.000   120.218    32.358     0.000   120.170    32.379     0.000   120.123    32.403     0.000
   120.078    32.431     0.000   120.033    32.460     0.000   119.982    32.494     0.000   119.931    32.529     0.000
   119.881    32.563     0.000   119.831    32.597     0.000   119.831    32.597     0.000   119.805    32.604     0.000
   119.778    32.611     0.000   119.752    32.617     0.000   119.726    32.622     0.000   119.700    32.626     0.000
   119.674    32.629     0.000   119.648    32.631     0.000   119.603    32.629     0.000   119.559    32.623     0.000
   119.514    32.613     0.000   119.469    32.600     0.000   119.424    32.586     0.000   119.377    32.572     0.000
   119.329    32.558     0.000   119.278    32.546     0.000   119.226    32.537     0.000   119.175    32.531     0.000
   119.125    32.529     0.000   119.077    32.532     0.000   119.033    32.540     0.000   118.993    32.554     0.000
   118.937    32.592     0.000   118.893    32.646     0.000   118.857    32.710     0.000   118.825    32.780     0.000
   118.793    32.851     0.000   118.757    32.918     0.000   118.713    32.976     0.000   118.658    33.021     0.000
   118.593    33.055     0.000   118.520    33.081     0.000   118.440    33.098     0.000   118.355    33.110     0.000
   118.267    33.119     0.000   118.177    33.125     0.000   118.136    33.138     0.000   118.096    33.152     0.000
   118.057    33.168     0.000   118.019    33.185     0.000   117.984    33.205     0.000   117.951    33.227     0.000
   117.921    33.251     0.000   117.893    33.279     0.000   117.869    33.310     0.000   117.848    33.342     0.000
   117.829    33.377     0.000   117.813    33.413     0.000   117.800    33.449     0.000   117.788    33.486     0.000
   117.771    33.550     0.000   117.759    33.613     0.000   117.751    33.677     0.000   117.746    33.740     0.000
   117.745    33.804     0.000   117.746    33.867     0.000   117.750    33.931     0.000   117.754    33.970     0.000
   117.758    34.008     0.000   117.763    34.047     0.000   117.769    34.086     0.000   117.774    34.124     0.000
   117.781    34.163     0.000   117.787    34.202     0.000   117.797    34.236     0.000   117.808    34.271     0.000

25 1
   117.828    34.288     0.000
2 50
   119.108    33.279     0.000   119.119    33.256     0.000   119.129    33.234     0.000   119.137    33.212     0.000
   119.143    33.191     0.000   119.146    33.172     0.000   119.144    33.154     0.000   119.138    33.138     0.000
   119.125    33.123     0.000   119.106    33.110     0.000   119.082    33.100     0.000   119.054    33.092     0.000
   119.024    33.086     0.000   118.993    33.082     0.000   118.961    33.080     0.000   118.919    33.079     0.000
   118.879    33.082     0.000   118.840    33.088     0.000   118.805    33.098     0.000   118.771    33.112     0.000
   118.741    33.129     0.000   118.713    33.152     0.000   118.691    33.175     0.000   118.673    33.202     0.000
   118.658    33.230     0.000   118.649    33.259     0.000   118.645    33.288     0.000   118.648    33.317     0.000
   118.658    33.344     0.000   118.667    33.357     0.000   118.677    33.369     0.000   118.690    33.381     0.000
   118.703    33.391     0.000   118.719    33.400     0.000   118.735    33.408     0.000   118.752    33.414     0.000
   118.778    33.420     0.000   118.806    33.422     0.000   118.833    33.422     0.000   118.861    33.419     0.000
   118.888    33.413     0.000   118.915    33.405     0.000   118.941    33.396     0.000   118.966    33.386     0.000
   118.990    33.374     0.000   119.013    33.361     0.000   119.035    33.348     0.000   119.056    33.335     0.000
   119.078    33.320     0.000   119.099    33.306     0.000
50 1
   119.108    33.279     0.000
2 55
   116.995    35.076     0.000   117.032    35.068     0.000   117.068    35.060     0.000   117.105    35.051     0.000
   117.142    35.041     0.000   117.142    35.041     0.000   117.186    35.024     0.000   117.230    35.007     0.000
   117.272    34.988     0.000   117.313    34.967     0.000   117.351    34.943     0.000   117.385    34.915     0.000
   117.416    34.883     0.000   117.450    34.833     0.000   117.475    34.777     0.000   117.490    34.718     0.000
   117.494    34.659     0.000   117.485    34.604     0.000   117.464    34.554     0.000   117.429    34.514     0.000
   117.392    34.491     0.000   117.347    34.476     0.000   117.297    34.466     0.000   117.243    34.464     0.000
   117.188    34.466     0.000   117.134    34.475     0.000   117.082    34.488     0.000   117.059    34.496     0.000
   117.037    34.505     0.000   117.015    34.515     0.000   116.996    34.526     0.000   116.977    34.538     0.000
   116.961    34.551     0.000   116.945    34.565     0.000   116.920    34.598     0.000   116.900    34.634     0.000
   116.887    34.673     0.000   116.878    34.714     0.000   116.874    34.756     0.000   116.873    34.798     0.000
   116.874    34.841     0.000   116.876    34.866     0.000   116.879    34.891     0.000   116.882    34.915     0.000
   116.885    34.940     0.000   116.889    34.964     0.000   116.893    34.988     0.000   116.897    35.012     0.000
   116.903    35.021     0.000   116.910    35.029     0.000   116.917    35.038     0.000   116.926    35.047     0.000
   116.935    35.055     0.000   116.944    35.063     0.000   116.953    35.071     0.000
25 1
   116.995    35.076     0.000
2 53
   122.189    25.023     0.000   122.189    25.023     0.000   122.291    24.785     0.000   122.381    24.548     0.000
   122.447    24.314     0.000   122.479    24.083     0.000   122.466    23.855     0.000   122.396    23.633     0.000
   122.258    23.417     0.000   122.164    23.313     0.000   122.056    23.217     0.000   121.942    23.132     0.000
   121.825    23.064     0.000   121.714    23.019     0.000   121.612    23.001     0.000   121.525    23.016     0.000
   121.463    23.062     0.000   121.463    23.062     0.000   121.468    23.217     0.000   121.470    23.371     0.000
   121.464    23.522     0.000   121.447    23.669     0.000   121.413    23.810     0.000   121.360    23.943     0.000
   121.284    24.068     0.000   121.241    24.121     0.000   121.194    24.173     0.000   121.145    24.224     0.000
   121.098    24.276     0.000   121.052    24.328     0.000   121.012    24.382     0.000   120.979    24.439     0.000
   120.939    24.554     0.000   120.929    24.678     0.000   120.947    24.806     0.000   120.991    24.935     0.000
   121.057    25.061     0.000   121.145    25.179     0.000   121.251    25.287     0.000   121.311    25.335     0.000
   121.373    25.379     0.000   121.438    25.416     0.000   121.504    25.446     0.000   121.570    25.466     0.000
   121.634    25.477     0.000   121.697    25.475     0.000   121.767    25.458     0.000   121.833    25.426     0.000
   121.895    25.381     0.000   121.956    25.326     0.000   122.014    25.264     0.000   122.071    25.196     0.000
   122.127    25.126     0.000
10 1
   122.189    25.023     0.000
2 57
   115.502    25.229     0.000   115.549    25.230     0.000   115.596    25.231     0.000   115.642    25.232     0.000
   115.690    25.233     0.000   115.737    25.232     0.000   115.786    25.231     0.000   115.835    25.229     0.000
   115.881    25.226     0.000   115.928    25.222     0.000   115.973    25.214     0.000   116.016    25.202     0.000
   116.057    25.184     0.000   116.094    25.161     0.000   116.127    25.130     0.000   116.147    25.105     0.000
   116.163    25.076     0.000   116.175    25.047     0.000   116.183    25.017     0.000   116.186    24.988     0.000
   116.183    24.962     0.000   116.174    24.940     0.000   116.156    24.920     0.000   116.130    24.906     0.000
   116.098    24.897     0.000   116.061    24.891     0.000   116.022    24.887     0.000   115.981    24.885     0.000
   115.941    24.884     0.000   115.852    24.881     0.000   115.770    24.877     0.000   115.692    24.873     0.000
   115.617    24.871     0.000   115.541    24.870     0.000   115.464    24.872     0.000   115.381    24.877     0.000
   115.343    24.881     0.000   115.304    24.886     0.000   115.267    24.894     0.000   115.232    24.905     0.000
   115.200    24.919     0.000   115.173    24.938     0.000   115.151    24.963     0.000   115.140    24.983     0.000
   115.132    25.006     0.000   115.128    25.030     0.000   115.127    25.054     0.000   115.130    25.078     0.000
   115.137    25.101     0.000   115.146    25.121     0.000   115.164    25.143     0.000   115.186    25.160     0.000
   115.213    25.175     0.000   115.242    25.186     0.000   115.274    25.195     0.000   115.308    25.203     0.000
   115.343    25.210     0.000
25 1
   115.502    25.229     0.000
2 50
   118.480    25.114     0.000   118.513    25.101     0.000   118.544    25.088     0.000   118.575    25.074     0.000
   118.605    25.057     0.000   118.632    25.039     0.000   118.657    25.018     0.000   118.680    24.994     0.000
   118.695    24.974     0.000   118.707    24.952     0.000   118.717    24.929     0.000   118.723    24.906     0.000
   118.727    24.883     0.000   118.726    24.860     0.000   118.721    24.838     0.000   118.710    24.816     0.000
   118.694    24.795     0.000   118.674    24.776     0.000   118.650    24.760     0.000   118.625    24.746     0.000
   118.597    24.735     0.000   118.569    24.727     0.000   118.536    24.722     0.000   118.503    24.721     0.000
   118.471    24.723     0.000   118.438    24.730     0.000   118.406    24.740     0.000   118.374    24.752     0.000
   118.341    24.767     0.000   118.315    24.781     0.000   118.289    24.797     0.000   118.265    24.814     0.000
   118.245    24.833     0.000   118.228    24.852     0.000   118.216    24.873     0.000   118.210    24.895     0.000
   118.211    24.917     0.000   118.217    24.940     0.000   118.228    24.962     0.000   118.244    24.984     0.000
   118.262    25.005     0.000   118.283    25.024     0.000   118.306    25.041     0.000   118.324    25.053     0.000
   118.343    25.063     0.000   118.362    25.072     0.000   118.381    25.080     0.000   118.400    25.087     0.000
   118.420    25.094     0.000   118.439    25.100     0.000
25 1
   118.480    25.114     0.000
2 101
   102.727    27.360     0.000   102.808    27.380     0.000   102.889    27.399     0.000   102.970    27.416     0.000
   103.051    27.429     0.000   103.131    27.439     0.000   103.211    27.443     0.000   103.291    27.440     0.000
   103.363    27.432     0.000   103.436    27.420     0.000   103.508    27.404     0.000   103.581    27.386     0.000
   103.655    27.369     0.000   103.729    27.352     0.000   103.806    27.339     0.000   103.891    27.329     0.000
   103.978    27.322     0.000   104.064    27.314     0.000   104.148    27.302     0.000   104.227    27.284     0.000
   104.302    27.256     0.000   104.370    27.216     0.000   104.419    27.173     0.000   104.462    27.120     0.000
   104.496    27.062     0.000   104.520    27.000     0.000   104.534    26.936     0.000   104.535    26.873     0.000
   104.523    26.812     0.000   104.503    26.767     0.000   104.475    26.725     0.000   104.440    26.686     0.000
   104.400    26.651     0.000   104.355    26.620     0.000   104.308    26.593     0.000   104.259    26.570     0.000
   104.091    26.525     0.000   103.918    26.519     0.000   103.741    26.540     0.000   103.561    26.578     0.000
   103.378    26.620     0.000   103.192    26.657     0.000   103.192    26.657     0.000   103.138    26.658     0.000
   103.083    26.659     0.000   103.029    26.660     0.000   102.975    26.662     0.000   102.920    26.666     0.000
   102.866    26.670     0.000   102.812    26.676     0.000   102.703    26.692     0.000   102.595    26.712     0.000
   102.487    26.735     0.000   102.379    26.758     0.000   102.271    26.778     0.000   102.163    26.793     0.000
   102.054    26.800     0.000   101.968    26.799     0.000   101.881    26.791     0.000   101.796    26.775     0.000
   101.712    26.751     0.000   101.630    26.716     0.000   101.552    26.672     0.000   101.476    26.616     0.000
   101.446    26.590     0.000   101.417    26.563     0.000   101.389    26.539     0.000   101.360    26.517     0.000
   101.331    26.500     0.000   101.302    26.489     0.000   101.273    26.487     0.000   101.241    26.494     0.000
   101.210    26.511     0.000   101.180    26.536     0.000   101.154    26.566     0.000   101.131    26.601     0.000
   101.115    26.637     0.000   101.105    26.674     0.000   101.104    26.729     0.000   101.122    26.781     0.000
   101.154    26.828     0.000   101.198    26.871     0.000   101.250    26.910     0.000   101.307    26.946     0.000
   101.368    26.976     0.000   101.473    27.021     0.000   101.577    27.055     0.000   101.680    27.082     0.000
   101.782    27.103     0.000   101.884    27.122     0.000   101.986    27.140     0.000   102.087    27.160     0.000
   102.162    27.177     0.000   102.236    27.196     0.000   102.311    27.217     0.000   102.386    27.239     0.000
   102.461    27.262     0.000   102.536    27.285     0.000   102.611    27.309     0.000   102.657    27.327     0.000
   102.704    27.344     0.000
10 1
   102.727    27.360     0.000
2 57
   105.421    25.532     0.000   105.480    25.540     0.000   105.538    25.547     0.000   105.596    25.551     0.000
   105.652    25.554     0.000   105.707    25.553     0.000   105.760    25.548     0.000   105.810    25.537     0.000
   105.881    25.511     0.000   105.947    25.474     0.000   106.011    25.429     0.000   106.075    25.380     0.000
   106.141    25.328     0.000   106.210    25.276     0.000   106.286    25.228     0.000   106.361    25.188     0.000
   106.438    25.152     0.000   106.513    25.116     0.000   106.582    25.080     0.000   106.641    25.040     0.000
   106.685    24.995     0.000   106.710    24.943     0.000   106.714    24.898     0.000   106.707    24.850     0.000
   106.689    24.799     0.000   106.663    24.749     0.000   106.629    24.700     0.000   106.589    24.655     0.000
   106.544    24.614     0.000   106.472    24.564     0.000   106.394    24.528     0.000   106.311    24.504     0.000
   106.225    24.491     0.000   106.138    24.487     0.000   106.050    24.491     0.000   105.963    24.503     0.000
   105.897    24.516     0.000   105.833    24.532     0.000   105.770    24.553     0.000   105.710    24.577     0.000
   105.652    24.606     0.000   105.597    24.639     0.000   105.545    24.676     0.000   105.483    24.732     0.000
   105.428    24.794     0.000   105.380    24.863     0.000   105.341    24.935     0.000   105.312    25.011     0.000
   105.293    25.088     0.000   105.286    25.165     0.000   105.288    25.212     0.000   105.294    25.258     0.000
   105.303    25.304     0.000   105.315    25.349     0.000   105.329    25.395     0.000   105.345    25.440     0.000
   105.361    25.486     0.000
25 1
   105.421    25.532     0.000
2 50
   103.208    22.130     0.000   103.185    21.966     0.000   103.158    21.804     0.000   103.123    21.649     0.000
   103.075    21.503     0.000   103.011    21.368     0.000   102.926    21.248     0.000   102.817    21.146     0.000
   102.707    21.076     0.000   102.582    21.022     0.000   102.448    20.983     0.000   102.310    20.960     0.000
   102.172    20.955     0.000   102.039    20.968     0.000   101.917    21.001     0.000   101.821    21.047     0.000
   101.734    21.107     0.000   101.656    21.180     0.000   101.583    21.263     0.000   101.514    21.356     0.000
   101.447    21.456     0.000   101.380    21.562     0.000   101.335    21.634     0.000   101.292    21.707     0.000
   101.254    21.779     0.000   101.223    21.848     0.000   101.202    21.915     0.000   101.195    21.977     0.000
   101.204    22.033     0.000   101.242    22.096     0.000   101.307    22.148     0.000   101.393    22.191     0.000
   101.495    22.225     0.000   101.608    22.252     0.000   101.726    22.273     0.000   101.845    22.288     0.000
   102.013    22.303     0.000   102.171    22.310     0.000   102.322    22.308     0.000   102.466    22.298     0.000
   102.607    22.281     0.000   102.747    22.257     0.000   102.887    22.225     0.000   102.923    22.215     0.000
   102.960    22.206     0.000   102.997    22.196     0.000   103.034    22.185     0.000   103.071    22.175     0.000
   103.108    22.164     0.000   103.145    22.154     0.000
10 1
   103.208    22.130     0.000
6 63
    88.658    50.114     0.000    89.021    49.994     0.000    89.021    49.994     0.000    89.013    49.954     0.000
    89.006    49.913     0.000    89.000    49.873     0.000    88.995    49.833     0.000    88.992    49.793     0.000
    88.991    49.753     0.000    88.994    49.712     0.000    89.008    49.631     0.000    89.032    49.549     0.000
    89.061    49.468     0.000    89.090    49.387     0.000    89.115    49.306     0.000    89.130    49.224     0.000
    89.132    49.141     0.000    89.120    49.071     0.000    89.096    49.001     0.000    89.060    48.932     0.000
    89.013    48.866     0.000    88.956    48.803     0.000    88.890    48.746     0.000    88.815    48.693     0.000
    88.774    48.669     0.000    88.730    48.646     0.000    88.686    48.625     0.000    88.639    48.606     0.000
    88.591    48.588     0.000    88.542    48.571     0.000    88.493    48.556     0.000    88.379    48.528     0.000
    88.263    48.506     0.000    88.144    48.489     0.000    88.023    48.477     0.000    87.901    48.469     0.000
    87.779    48.465     0.000    87.656    48.463     0.000    87.431    48.466     0.000    87.209    48.476     0.000
    86.987    48.491     0.000    86.766    48.509     0.000    86.546    48.531     0.000    86.326    48.555     0.000
    86.106    48.580     0.000    85.931    48.657     0.000    85.640    48.780     0.000    85.418    48.915     0.000
    85.297    49.073     0.000    85.289    49.202     0.000    85.338    49.341     0.000    85.438    49.485     0.000
    85.580    49.628     0.000    85.755    49.765     0.000    85.954    49.889     0.000    86.169    49.996     0.000
    86.465    50.103     0.000    86.771    50.175     0.000    87.084    50.218     0.000    87.402    50.236     0.000
    87.725    50.236     0.000    88.050    50.224     0.000    88.375    50.205     0.000
0 1
    88.658    50.114     0.000
6 101
    86.471    44.177     0.000    86.678    44.162     0.000    86.885    44.148     0.000    87.092    44.132     0.000
    87.299    44.117     0.000    87.505    44.102     0.000    87.712    44.087     0.000    87.919    44.071     0.000
    88.258    44.047     0.000    88.596    44.022     0.000    88.935    43.998     0.000    89.273    43.974     0.000
    89.612    43.950     0.000    89.950    43.925     0.000    90.288    43.900     0.000    90.381    43.893     0.000
    90.475    43.886     0.000    90.569    43.879     0.000    90.662    43.871     0.000    90.756    43.864     0.000
    90.849    43.856     0.000    90.943    43.849     0.000    91.021    43.796     0.000    91.073    43.737     0.000
    91.096    43.671     0.000    91.093    43.629     0.000    91.079    43.585     0.000    91.055    43.541     0.000
    91.023    43.498     0.000    90.984    43.457     0.000    90.939    43.419     0.000    90.891    43.385     0.000
    90.766    43.325     0.000    90.629    43.289     0.000    90.482    43.274     0.000    90.328    43.276     0.000
    90.171    43.291     0.000    90.012    43.315     0.000    89.854    43.345     0.000    89.653    43.385     0.000
    89.457    43.424     0.000    89.265    43.459     0.000    89.075    43.485     0.000    88.886    43.500     0.000
    88.695    43.500     0.000    88.502    43.482     0.000    88.380    43.461     0.000    88.259    43.431     0.000
    88.259    43.431     0.000    88.166    43.374     0.000    88.072    43.318     0.000    87.977    43.266     0.000
    87.880    43.217     0.000    87.781    43.175     0.000    87.679    43.139     0.000    87.574    43.112     0.000
    87.462    43.095     0.000    87.347    43.087     0.000    87.229    43.086     0.000    87.109    43.090     0.000
    86.989    43.100     0.000    86.868    43.112     0.000    86.749    43.125     0.000    86.349    43.170     0.000
    85.964    43.217     0.000    85.586    43.269     0.000    85.206    43.331     0.000    84.814    43.406     0.000
    84.403    43.497     0.000    83.963    43.609     0.000    83.829    43.646     0.000    83.697    43.686     0.000
    83.574    43.730     0.000    83.465    43.780     0.000    83.377    43.835     0.000    83.314    43.898     0.000
    83.284    43.970     0.000    83.284    44.022     0.000    83.299    44.077     0.000    83.327    44.134     0.000
    83.367    44.189     0.000    83.415    44.243     0.000    83.471    44.292     0.000    83.532    44.336     0.000
    83.702    44.419     0.000    83.889    44.462     0.000    84.090    44.472     0.000    84.303    44.456     0.000
    84.524    44.421     0.000    84.750    44.371     0.000    84.978    44.315     0.000    85.160    44.343     0.000
    85.342    44.369     0.000    85.526    44.390     0.000    85.623    44.398     0.000    85.720    44.405     0.000
    85.817    44.410     0.000    85.915    44.415     0.000    86.013    44.418     0.000    86.111    44.421     0.000
    86.209    44.423     0.000
0 1
    86.471    44.177     0.000
6 78
   129.209    47.374     0.000   129.304    47.346     0.000   129.399    47.318     0.000   129.399    47.318     0.000
   129.500    47.326     0.000   129.600    47.334     0.000   129.700    47.343     0.000   129.799    47.353     0.000
   129.897    47.363     0.000   129.993    47.376     0.000   130.087    47.391     0.000   130.224    47.416     0.000
   130.359    47.444     0.000   130.494    47.473     0.000   130.633    47.501     0.000   130.779    47.526     0.000
   130.933    47.544     0.000   131.099    47.555     0.000   131.288    47.556     0.000   131.482    47.544     0.000
   131.670    47.520     0.000   131.839    47.482     0.000   131.979    47.431     0.000   132.077    47.365     0.000
   132.124    47.284     0.000   132.124    47.228     0.000   132.103    47.168     0.000   132.065    47.106     0.000
   132.012    47.046     0.000   131.949    46.988     0.000   131.877    46.935     0.000   131.800    46.889     0.000
   131.555    46.803     0.000   131.291    46.780     0.000   131.013    46.805     0.000   130.723    46.859     0.000
   130.428    46.926     0.000   130.131    46.988     0.000   129.837    47.027     0.000   129.688    47.034     0.000
   129.541    47.032     0.000   129.397    47.023     0.000   129.253    47.008     0.000   129.110    46.989     0.000
   128.968    46.969     0.000   128.826    46.947     0.000   128.671    46.925     0.000   128.516    46.904     0.000
   128.361    46.884     0.000   128.205    46.864     0.000   128.049    46.845     0.000   127.894    46.825     0.000
   127.738    46.806     0.000   127.646    46.848     0.000   127.573    46.905     0.000   127.550    46.933     0.000
   127.532    46.964     0.000   127.518    46.997     0.000   127.508    47.031     0.000   127.504    47.065     0.000
   127.505    47.099     0.000   127.511    47.132     0.000   127.561    47.220     0.000   127.651    47.293     0.000
   127.773    47.351     0.000   127.919    47.396     0.000   128.079    47.427     0.000   128.244    47.445     0.000
   128.407    47.452     0.000   128.488    47.450     0.000   128.567    47.446     0.000   128.643    47.440     0.000
   128.718    47.431     0.000   128.791    47.422     0.000   128.863    47.411     0.000   128.934    47.400     0.000
   129.019    47.400     0.000   129.104    47.399     0.000
0 1
   129.209    47.374     0.000
6 99
   129.189    45.433     0.000   129.281    45.427     0.000   129.372    45.421     0.000   129.461    45.412     0.000
   129.548    45.400     0.000   129.548    45.400     0.000   129.577    45.382     0.000   129.607    45.364     0.000
   129.635    45.346     0.000   129.663    45.328     0.000   129.690    45.309     0.000   129.715    45.289     0.000
   129.738    45.268     0.000   129.778    45.227     0.000   129.811    45.182     0.000   129.838    45.135     0.000
   129.859    45.085     0.000   129.875    45.034     0.000   129.886    44.981     0.000   129.893    44.928     0.000
   129.897    44.846     0.000   129.897    44.764     0.000   129.896    44.683     0.000   129.900    44.605     0.000
   129.912    44.530     0.000   129.937    44.460     0.000   129.978    44.396     0.000   130.013    44.359     0.000
   130.055    44.325     0.000   130.103    44.293     0.000   130.155    44.263     0.000   130.211    44.234     0.000
   130.269    44.205     0.000   130.328    44.177     0.000   130.350    44.044     0.000   130.350    44.044     0.000
   130.376    43.988     0.000   130.401    43.932     0.000   130.426    43.874     0.000   130.450    43.814     0.000
   130.472    43.751     0.000   130.493    43.685     0.000   130.512    43.614     0.000   130.528    43.543     0.000
   130.539    43.471     0.000   130.544    43.401     0.000   130.541    43.335     0.000   130.526    43.276     0.000
   130.500    43.228     0.000   130.458    43.193     0.000   130.409    43.176     0.000   130.349    43.169     0.000
   130.280    43.172     0.000   130.205    43.183     0.000   130.126    43.200     0.000   130.045    43.222     0.000
   129.963    43.248     0.000   129.837    43.293     0.000   129.721    43.344     0.000   129.616    43.399     0.000
   129.528    43.458     0.000   129.459    43.521     0.000   129.414    43.587     0.000   129.395    43.656     0.000
   129.401    43.711     0.000   129.422    43.768     0.000   129.453    43.826     0.000   129.491    43.886     0.000
   129.532    43.948     0.000   129.571    44.013     0.000   129.606    44.080     0.000   129.631    44.150     0.000
   129.646    44.221     0.000   129.650    44.292     0.000   129.640    44.360     0.000   129.617    44.424     0.000
   129.578    44.482     0.000   129.523    44.532     0.000   129.461    44.570     0.000   129.390    44.602     0.000
   129.314    44.631     0.000   129.238    44.659     0.000   129.166    44.689     0.000   129.104    44.723     0.000
   129.055    44.763     0.000   129.023    44.812     0.000   129.007    44.869     0.000   129.006    44.930     0.000
   129.018    44.995     0.000   129.039    45.060     0.000   129.067    45.124     0.000   129.101    45.184     0.000
   129.110    45.200     0.000   129.120    45.216     0.000   129.130    45.231     0.000   129.140    45.246     0.000
   129.150    45.260     0.000   129.160    45.275     0.000   129.170    45.290     0.000
0 1
   129.189    45.433     0.000
4 50
   109.007    19.664     0.000   109.162    19.636     0.000   109.313    19.605     0.000   109.459    19.568     0.000
   109.594    19.522     0.000   109.718    19.466     0.000   109.826    19.396     0.000   109.916    19.309     0.000
   110.000    19.172     0.000   110.050    19.012     0.000   110.069    18.835     0.000   110.057    18.651     0.000
   110.017    18.466     0.000   109.951    18.287     0.000   109.860    18.123     0.000   109.760    17.996     0.000
   109.645    17.886     0.000   109.515    17.796     0.000   109.373    17.726     0.000   109.220    17.677     0.000
   109.059    17.652     0.000   108.890    17.650     0.000   108.733    17.670     0.000   108.578    17.708     0.000
   108.429    17.762     0.000   108.293    17.831     0.000   108.176    17.911     0.000   108.084    18.002     0.000
   108.022    18.100     0.000   107.994    18.232     0.000   108.011    18.374     0.000   108.064    18.525     0.000
   108.141    18.687     0.000   108.231    18.860     0.000   108.321    19.043     0.000   108.401    19.239     0.000
   108.426    19.314     0.000   108.450    19.388     0.000   108.475    19.457     0.000   108.503    19.519     0.000
   108.536    19.571     0.000   108.577    19.609     0.000   108.627    19.631     0.000   108.652    19.634     0.000
   108.679    19.634     0.000   108.708    19.632     0.000   108.738    19.627     0.000   108.769    19.621     0.000
   108.800    19.614     0.000   108.832    19.606     0.000
0 1
   109.007    19.664     0.000
STATION_SITUATION
50775 0
50787 0
50788 0
50862 0
50878 0
51356 0
51357 0
51358 0
51359 0
51367 0
51368 0
51463 0
51465 0
51469 0
51470 0
51482 0
51886 0
52955 0
52957 0
52968 0
54094 0
54192 0
54225 0
54316 0
54319 0
54420 0
54421 0
54422 0
54423 0
54424 0
54425 0
54428 0
54429 0
54430 0
54431 0
54432 0
54434 0
54502 0
54503 0
54505 0
54506 0
54507 0
54508 0
54510 0
54511 0
54512 0
54513 0
54514 0
54515 0
54517 0
54518 0
54519 0
54520 0
54521 0
54522 0
54523 0
54525 0
54526 0
54527 0
54528 0
54594 0
54596 0
54597 0
54601 0
54602 0
54603 0
54605 0
54606 0
54608 0
54609 0
54610 0
54612 0
54613 0
54614 0
54615 0
54616 0
54617 0
54618 0
54619 0
54620 0
54622 0
54623 0
54624 0
54626 0
54627 0
54628 0
54636 0
54644 0
54645 0
54700 0
54702 0
54703 0
54704 0
54706 0
54707 0
54708 0
54709 0
54710 0
54711 0
54712 0
54713 0
54714 0
54715 0
54716 0
54717 0
54718 0
54719 0
54722 0
54723 0
54724 0
54725 0
54726 0
54727 0
54728 0
54729 0
54734 0
54802 0
54803 0
54806 0
54807 0
54808 0
54810 0
54811 0
54812 0
54814 0
54815 0
54816 0
54817 0
54818 0
54819 0
54821 0
54822 0
54823 0
54824 0
54825 0
54826 0
54827 0
54828 0
54829 0
54830 0
54831 0
54833 0
54835 0
54836 0
54839 0
54844 0
54848 0
54853 0
54857 0
54905 0
54907 10
54910 0
54911 0
54912 0
54913 0
54914 0
54915 0
54916 10
54917 0
54918 10
54919 10
54920 10
54921 0
54922 0
54923 0
54925 10
54927 10
54929 0
54932 0
54935 0
54936 0
54938 0
54939 0
54940 0
54943 0
54945 0
54952 0
55279 0
55493 0
55572 0
55578 0
55585 0
55589 0
55591 0
55593 0
55597 0
55598 0
55655 0
55680 0
55681 0
55690 0
55696 0
55773 0
56029 0
56033 0
56034 0
56038 0
56041 0
56043 0
56045 0
56046 0
56065 0
56067 0
56071 0
56074 0
56079 0
56084 0
56144 0
56146 0
56151 0
56152 0
56158 0
56164 0
56167 0
56168 0
56171 0
56172 0
56173 0
56178 0
56182 0
56184 0
56185 0
56227 0
56251 0
56263 0
56267 0
56273 0
56307 0
56312 0
56317 0
56357 0
56371 0
56374 0
56434 0
56441 0
56443 0
56444 0
56459 0
56462 0
56474 0
56478 0
56479 0
56533 0
56543 0
56548 0
56565 0
56567 0
56569 0
56571 0
56575 0
56578 10
56580 0
56582 0
56584 0
56585 10
56586 10
56594 0
56595 0
56596 0
56598 0
56641 0
56643 0
56645 0
56646 0
56649 0
56651 0
56652 0
56654 0
56664 10
56665 10
56666 0
56669 0
56670 10
56671 0
56673 10
56674 0
56675 0
56684 0
56688 0
56691 10
56693 0
56697 0
56739 0
56741 0
56742 0
56745 0
56746 0
56748 0
56751 0
56752 0
56755 0
56756 0
56757 0
56761 0
56763 0
56764 0
56766 0
56767 0
56768 0
56772 0
56774 0
56775 0
56777 0
56778 0
56779 0
56781 0
56782 0
56783 0
56785 0
56786 0
56788 0
56790 0
56792 10
56793 10
56835 0
56836 0
56837 0
56838 0
56839 0
56840 0
56841 0
56842 0
56843 0
56844 0
56845 0
56846 0
56849 0
56851 0
56854 0
56856 0
56862 0
56863 0
56867 0
56869 0
56870 0
56871 0
56872 0
56873 0
56875 0
56876 0
56878 0
56879 0
56880 0
56881 0
56882 0
56883 0
56885 0
56886 0
56889 0
56891 0
56898 0
56944 0
56946 0
56948 0
56949 0
56950 0
56951 0
56952 0
56954 0
56956 0
56957 0
56958 0
56959 0
56961 0
56962 0
56964 0
56966 0
56969 10
56970 0
56973 0
56975 0
56976 0
56977 0
56978 0
56982 0
56984 0
56985 0
56986 0
56987 0
56989 0
56991 0
56992 0
56994 0
56995 0
56996 0
57385 10
57388 0
57389 0
57395 0
57396 0
57398 0
57399 0
57482 0
57491 0
57492 0
57707 0
57708 0
57735 0
57737 0
57738 0
57739 0
57754 0
57758 0
57766 0
57767 0
57768 0
57769 0
57776 0
57777 0
57778 0
57779 0
57789 0
57797 0
57800 0
57803 0
57805 0
57806 0
57807 10
57808 0
57809 10
57811 0
57813 0
57814 0
57816 0
57818 10
57821 0
57824 0
57825 0
57826 0
57827 10
57828 0
57829 10
57832 0
57834 0
57835 0
57837 0
57839 10
57840 0
57841 10
57842 0
57844 0
57845 10
57846 10
57851 10
57853 0
57857 0
57859 10
57860 0
57865 0
57866 0
57867 0
57868 0
57870 0
57871 0
57872 0
57874 0
57875 0
57876 0
57881 0
57882 0
57883 0
57886 0
57887 0
57889 0
57891 0
57894 0
57895 0
57896 0
57899 0
57900 10
57902 10
57903 10
57905 25
57906 25
57907 10
57908 25
57909 25
57910 10
57911 0
57912 10
57913 0
57914 0
57915 0
57916 10
57921 10
57922 10
57923 10
57926 10
57927 10
57932 10
57936 25
57941 25
57942 25
57947 25
57948 25
57949 10
57954 10
57955 10
57956 10
57957 10
57958 10
57960 10
57962 10
57964 10
57965 10
57966 10
57969 10
57971 10
57972 10
57973 10
57974 10
57975 10
57976 10
57978 10
57980 10
57981 10
57985 10
57988 10
57989 10
57990 10
57991 0
57992 10
57993 0
57994 10
57995 10
57996 10
58003 0
58011 0
58012 10
58013 25
58015 0
58016 0
58020 25
58021 25
58022 10
58024 10
58025 10
58026 10
58027 10
58028 10
58030 0
58032 0
58034 0
58035 10
58036 0
58038 10
58040 0
58041 0
58044 0
58045 0
58046 0
58047 0
58048 0
58049 0
58113 0
58116 0
58122 0
58125 10
58126 25
58127 0
58128 0
58129 10
58130 25
58131 25
58132 25
58135 25
58138 10
58139 50
58140 0
58141 10
58143 0
58144 10
58145 10
58146 0
58147 25
58148 25
58150 0
58151 10
58154 10
58158 10
58215 0
58220 0
58221 0
58222 0
58223 10
58224 0
58225 0
58230 10
58234 10
58235 10
58236 10
58237 10
58238 10
58239 10
58240 25
58241 25
58242 10
58243 25
58244 10
58245 10
58246 10
58247 10
58248 10
58249 10
58250 25
58251 10
58252 10
58254 25
58255 10
58257 10
58259 10
58264 10
58265 0
58266 0
58268 10
58269 0
58301 0
58305 0
58306 0
58311 0
58314 0
58316 0
58317 0
58319 0
58320 0
58321 0
58323 0
58326 0
58327 0
58329 0
58330 0
58331 10
58333 10
58334 0
58335 0
58336 10
58337 0
58338 0
58339 0
58340 10
58341 0
58342 0
58343 0
58344 10
58345 0
58346 0
58349 0
58351 0
58352 0
58353 0
58354 0
58356 0
58357 0
58358 0
58359 0
58360 0
58361 0
58362 0
58364 0
58365 0
58366 0
58367 0
58369 0
58374 0
58376 0
58377 0
58401 0
58402 0
58420 0
58421 0
58423 0
58424 0
58426 0
58427 0
58428 0
58429 0
58431 0
58432 0
58433 0
58435 0
58436 0
58437 0
58438 0
58441 0
58442 0
58443 0
58446 0
58450 0
58461 0
58462 0
58520 0
58523 0
58530 0
58534 0
58804 0
58806 0
58814 0
58818 0
58819 0
58824 0
58826 0
58828 0
58837 0
58839 0
58844 0
58847 0
58848 0
58849 0
58900 0
58903 0
58905 0
58906 10
58907 25
58911 0
58912 0
58917 25
58918 10
58921 0
58923 0
58926 10
58927 10
58928 10
58929 10
58931 0
58932 0
58934 10
58935 10
58936 10
58938 10
58940 0
58941 0
58942 0
58944 0
58945 0
58946 0
58965 10
58968 10
58969 10
58974 0
59001 10
59004 10
59007 0
59012 25
59015 10
59017 10
59021 10
59022 10
59023 10
59025 10
59027 10
59031 25
59033 10
59034 0
59037 10
59038 0
59041 0
59044 0
59045 0
59046 0
59047 0
59051 10
59052 10
59053 10
59055 0
59057 0
59058 0
59059 0
59061 10
59063 10
59064 10
59065 10
59071 10
59072 10
59074 10
59075 10
59081 10
59082 10
59087 0
59088 0
59090 10
59091 10
59092 10
59093 10
59094 0
59096 0
59097 0
59099 0
59102 25
59106 10
59107 0
59109 0
59113 10
59114 10
59116 0
59117 0
59122 10
59124 10
59125 10
59126 10
59127 10
59129 0
59130 10
59131 25
59133 10
59134 10
59135 10
59137 25
59152 10
59153 0
59155 0
59158 0
59162 10
59205 0
59209 0
59211 10
59213 10
59215 0
59218 0
59224 10
59227 0
59228 10
59229 10
59230 10
59235 0
59237 0
59238 0
59241 0
59242 0
59246 0
59252 0
59254 0
59255 0
59256 0
59262 0
59264 0
59265 0
59266 0
59268 0
59269 0
59270 0
59271 0
59276 0
59278 0
59279 0
59280 0
59284 0
59285 0
59290 0
59293 0
59294 0
59303 0
59304 0
59306 0
59310 0
59312 0
59313 0
59314 0
59315 0
59316 0
59317 0
59318 0
59319 0
59320 0
59321 0
59322 0
59324 0
59327 0
59345 0
59348 0
59353 0
59354 0
59358 0
59359 0
59362 10
59368 0
59413 0
59417 0
59419 0
59421 0
59425 0
59426 0
59427 0
59428 0
59429 0
59431 0
59435 0
59449 0
59451 0
59452 0
59453 0
59454 0
59456 0
59457 0
59462 0
59469 0
59470 0
59471 0
59477 0
59502 0
59553 0
59554 0
59556 0
59559 0
59562 0
59567 0
59605 0
59620 0
59653 0
59654 0
59655 0
59656 0
59658 0
59659 0
59663 0
59664 0
59752 0
59838 0
59845 0
59847 0
59848 0
59849 0
59940 0
59941 0
59945 0
59948 0
59954 0
WEATHER_REGION: 0
FILLAREA: 0
NOTES_SYMBOL: 14
48 87.903 49.092 0 1 2 0 4  12 1 255 0 255 255
48 86.385 43.782 0 1 3 0 4  12 1 255 0 255 255
48 128.181 47.090 0 1 2 0 4  12 1 255 0 255 255
48 109.284 19.009 0 1 2 0 4  12 1 255 0 255 255
48 118.875 33.200 0 2 55 0 4  12 1 255 0 255 255
48 117.174 34.830 0 2 35 0 4  12 1 255 0 255 255
48 120.941 24.451 0 2 22 0 4  12 1 255 0 255 255
48 115.452 25.038 0 2 35 0 4  12 1 255 0 255 255
48 118.480 24.876 0 2 30 0 4  12 1 255 0 255 255
48 109.562 25.538 0 2 40 0 4  12 1 255 0 255 255
48 103.060 26.877 0 2 15 0 4  12 1 255 0 255 255
48 105.987 24.927 0 2 35 0 4  12 1 255 0 255 255
48 101.572 21.872 0 2 15 0 4  12 1 255 0 255 255
48 129.873 43.998 0 1 2 0 4  12 1 255 0 255 255
WithProp_LINESYMBOLS: 0
