diamond 14 /disk2/diamond/update/zhyb/wt020508.024
2015 2 5 3 0
LINES: 0
LINES_SYMBOL: 0
SYMBOLS: 0
CLOSED_CONTOURS: 4
2 64
   123.707    54.950     0.000   122.663    54.950     0.000   121.622    54.929     0.000   120.589    54.874     0.000
   119.569    54.772     0.000   118.570    54.610     0.000   117.600    54.375     0.000   116.666    54.055     0.000
   115.912    53.710     0.000   115.225    53.307     0.000   114.639    52.858     0.000   114.184    52.379     0.000
   113.889    51.883     0.000   113.779    51.384     0.000   113.880    50.896     0.000   114.028    50.641     0.000
   114.238    50.397     0.000   114.500    50.167     0.000   114.808    49.955     0.000   115.155    49.765     0.000
   115.533    49.601     0.000   115.936    49.467     0.000   116.400    49.357     0.000   116.879    49.288     0.000
   117.364    49.257     0.000   117.848    49.266     0.000   118.323    49.313     0.000   118.780    49.398     0.000
   119.211    49.523     0.000   119.770    49.761     0.000   120.279    50.054     0.000   120.760    50.380     0.000
   121.229    50.713     0.000   121.707    51.032     0.000   122.210    51.312     0.000   122.756    51.529     0.000
   123.232    51.645     0.000   123.739    51.718     0.000   124.274    51.761     0.000   124.830    51.786     0.000
   125.404    51.807     0.000   125.991    51.835     0.000   126.588    51.885     0.000   127.057    51.946     0.000
   127.517    52.028     0.000   127.956    52.134     0.000   128.361    52.266     0.000   128.717    52.424     0.000
   129.013    52.611     0.000   129.233    52.829     0.000   129.384    53.132     0.000   129.414    53.467     0.000
   129.334    53.814     0.000   129.153    54.158     0.000   128.882    54.480     0.000   128.533    54.762     0.000
   128.118    54.988     0.000   127.638    55.146     0.000   127.113    55.237     0.000   126.551    55.270     0.000
   125.961    55.257     0.000   125.352    55.208     0.000   124.731    55.134     0.000   124.106    55.046     0.000

-4 1
   123.707    54.950     0.000
2 64
   122.893    54.301     0.000   122.028    54.344     0.000   121.178    54.365     0.000   120.358    54.347     0.000
   119.588    54.275     0.000   118.887    54.133     0.000   118.272    53.904     0.000   117.763    53.575     0.000
   117.525    53.335     0.000   117.337    53.069     0.000   117.207    52.789     0.000   117.145    52.508     0.000
   117.156    52.238     0.000   117.249    51.992     0.000   117.432    51.782     0.000   117.688    51.626     0.000
   118.013    51.510     0.000   118.390    51.432     0.000   118.804    51.388     0.000   119.237    51.378     0.000
   119.675    51.398     0.000   120.102    51.447     0.000   120.668    51.563     0.000   121.191    51.718     0.000
   121.685    51.896     0.000   122.162    52.081     0.000   122.635    52.257     0.000   123.115    52.405     0.000
   123.614    52.510     0.000   123.835    52.538     0.000   124.061    52.557     0.000   124.293    52.572     0.000
   124.531    52.585     0.000   124.775    52.600     0.000   125.027    52.619     0.000   125.286    52.645     0.000
   125.553    52.682     0.000   125.818    52.730     0.000   126.071    52.790     0.000   126.301    52.864     0.000
   126.499    52.951     0.000   126.654    53.053     0.000   126.756    53.170     0.000   126.796    53.295     0.000
   126.785    53.429     0.000   126.729    53.568     0.000   126.634    53.706     0.000   126.505    53.840     0.000
   126.348    53.963     0.000   126.170    54.070     0.000   125.956    54.167     0.000   125.727    54.241     0.000
   125.485    54.297     0.000   125.233    54.337     0.000   124.975    54.363     0.000   124.714    54.379     0.000
   124.452    54.387     0.000   124.294    54.390     0.000   124.136    54.390     0.000   123.979    54.390     0.000
   123.823    54.388     0.000   123.667    54.385     0.000   123.511    54.382     0.000   123.356    54.378     0.000

-6 1
   122.893    54.301     0.000
2 50
   122.654    53.808     0.000   122.197    53.820     0.000   121.754    53.823     0.000   121.341    53.809     0.000
   120.974    53.770     0.000   120.666    53.700     0.000   120.435    53.590     0.000   120.295    53.434     0.000
   120.258    53.311     0.000   120.261    53.175     0.000   120.300    53.032     0.000   120.371    52.892     0.000
   120.473    52.763     0.000   120.602    52.650     0.000   120.757    52.564     0.000   120.981    52.500     0.000
   121.233    52.480     0.000   121.503    52.496     0.000   121.784    52.540     0.000   122.067    52.604     0.000
   122.344    52.682     0.000   122.606    52.764     0.000   122.768    52.818     0.000   122.923    52.871     0.000
   123.074    52.923     0.000   123.225    52.974     0.000   123.380    53.025     0.000   123.541    53.075     0.000
   123.713    53.125     0.000   123.828    53.156     0.000   123.943    53.188     0.000   124.054    53.223     0.000
   124.156    53.260     0.000   124.244    53.303     0.000   124.312    53.352     0.000   124.357    53.407     0.000
   124.372    53.459     0.000   124.370    53.514     0.000   124.352    53.571     0.000   124.321    53.627     0.000
   124.277    53.682     0.000   124.223    53.733     0.000   124.161    53.779     0.000   124.024    53.846     0.000
   123.867    53.889     0.000   123.694    53.911     0.000   123.508    53.917     0.000   123.312    53.910     0.000
   123.109    53.895     0.000   122.904    53.875     0.000
-8 1
   122.654    53.808     0.000
2 64
    87.399    49.907     0.000    86.776    49.792     0.000    86.160    49.666     0.000    85.558    49.523     0.000
    84.974    49.357     0.000    84.416    49.160     0.000    83.889    48.926     0.000    83.399    48.647     0.000
    83.051    48.400     0.000    82.742    48.126     0.000    82.486    47.832     0.000    82.296    47.521     0.000
    82.184    47.199     0.000    82.162    46.870     0.000    82.242    46.538     0.000    82.354    46.321     0.000
    82.508    46.111     0.000    82.698    45.917     0.000    82.918    45.746     0.000    83.160    45.606     0.000
    83.420    45.503     0.000    83.692    45.446     0.000    83.980    45.440     0.000    84.272    45.483     0.000
    84.562    45.568     0.000    84.848    45.688     0.000    85.124    45.834     0.000    85.387    46.000     0.000
    85.632    46.178     0.000    85.887    46.388     0.000    86.120    46.601     0.000    86.339    46.812     0.000
    86.552    47.017     0.000    86.768    47.213     0.000    86.995    47.394     0.000    87.241    47.558     0.000
    87.506    47.697     0.000    87.796    47.818     0.000    88.109    47.925     0.000    88.444    48.021     0.000
    88.800    48.108     0.000    89.174    48.192     0.000    89.567    48.274     0.000    89.749    48.311     0.000
    89.929    48.351     0.000    90.102    48.395     0.000    90.261    48.443     0.000    90.401    48.499     0.000
    90.517    48.562     0.000    90.603    48.636     0.000    90.670    48.784     0.000    90.649    48.955     0.000
    90.553    49.139     0.000    90.394    49.325     0.000    90.187    49.503     0.000    89.943    49.663     0.000
    89.679    49.794     0.000    89.421    49.885     0.000    89.159    49.947     0.000    88.892    49.984     0.000
    88.623    50.001     0.000    88.351    50.003     0.000    88.078    49.995     0.000    87.805    49.982     0.000

-4 1
    87.399    49.907     0.000
STATION_SITUATION
WEATHER_REGION: 0
FILLAREA: 0
NOTES_SYMBOL: 0
WithProp_LINESYMBOLS: 0
FORECASTER_INFORMATION
0 unregisted
