diamond 14 /disk2/diamond/update/zhyb/wt032708.024
2015 3 27 3 0
LINES: 0
LINES_SYMBOL: 0
SYMBOLS: 0
CLOSED_CONTOURS: 13
7 149
    87.765    41.005     0.000    87.631    40.988     0.000    87.498    40.971     0.000    87.364    40.953     0.000
    87.231    40.937     0.000    87.098    40.921     0.000    86.964    40.907     0.000    86.830    40.894     0.000
    86.704    40.882     0.000    86.577    40.873     0.000    86.451    40.864     0.000    86.324    40.855     0.000
    86.197    40.848     0.000    86.070    40.840     0.000    85.944    40.833     0.000    85.705    40.799     0.000
    85.465    40.765     0.000    85.010    40.704     0.000    84.552    40.649     0.000    84.094    40.605     0.000
    83.636    40.577     0.000    83.179    40.568     0.000    82.724    40.584     0.000    82.272    40.629     0.000
    82.019    40.668     0.000    81.766    40.714     0.000    81.514    40.763     0.000    81.263    40.812     0.000
    81.013    40.857     0.000    81.013    40.857     0.000    80.655    40.847     0.000    80.298    40.835     0.000
    79.942    40.820     0.000    79.588    40.801     0.000    79.236    40.778     0.000    78.887    40.749     0.000
    78.542    40.714     0.000    78.191    40.670     0.000    77.844    40.616     0.000    77.499    40.551     0.000
    77.157    40.472     0.000    76.815    40.377     0.000    76.474    40.264     0.000    76.132    40.132     0.000
    75.969    40.061     0.000    75.811    39.984     0.000    75.662    39.902     0.000    75.527    39.813     0.000
    75.411    39.718     0.000    75.318    39.616     0.000    75.253    39.506     0.000    75.215    39.353     0.000
    75.224    39.191     0.000    75.275    39.023     0.000    75.359    38.853     0.000    75.471    38.686     0.000
    75.604    38.525     0.000    75.750    38.373     0.000    76.020    38.142     0.000    76.309    37.944     0.000
    76.615    37.776     0.000    76.934    37.632     0.000    77.264    37.507     0.000    77.602    37.396     0.000
    77.944    37.295     0.000    78.086    37.255     0.000    78.228    37.216     0.000    78.370    37.177     0.000
    78.512    37.139     0.000    78.654    37.101     0.000    78.796    37.063     0.000    78.938    37.025     0.000
    79.347    36.957     0.000    79.762    36.898     0.000    80.181    36.839     0.000    80.470    36.795     0.000
    80.761    36.751     0.000    81.051    36.708     0.000    81.340    36.672     0.000    81.627    36.644     0.000
    81.912    36.629     0.000    82.193    36.630     0.000    82.759    36.689     0.000    83.312    36.816     0.000
    83.856    37.001     0.000    84.394    37.230     0.000    84.930    37.492     0.000    85.466    37.774     0.000
    86.003    38.063     0.000    86.546    38.350     0.000    86.546    38.350     0.000    86.772    38.431     0.000
    86.999    38.512     0.000    86.999    38.512     0.000    87.315    38.625     0.000    87.632    38.735     0.000
    87.952    38.841     0.000    88.275    38.940     0.000    88.601    39.031     0.000    88.931    39.112     0.000
    89.265    39.182     0.000    89.553    39.231     0.000    89.843    39.271     0.000    90.136    39.304     0.000
    90.431    39.331     0.000    90.727    39.353     0.000    91.024    39.372     0.000    91.322    39.389     0.000
    91.526    39.405     0.000    91.730    39.427     0.000    91.933    39.453     0.000    92.136    39.483     0.000
    92.338    39.515     0.000    92.541    39.549     0.000    92.744    39.583     0.000    93.281    39.699     0.000
    93.522    39.769     0.000    93.759    39.850     0.000    93.980    39.939     0.000    94.175    40.034     0.000
    94.334    40.134     0.000    94.445    40.235     0.000    94.497    40.337     0.000    94.464    40.468     0.000
    94.329    40.594     0.000    94.113    40.714     0.000    93.834    40.827     0.000    93.512    40.931     0.000
    93.169    41.025     0.000    92.824    41.109     0.000    92.336    41.214     0.000    91.882    41.295     0.000
    91.457    41.352     0.000    91.052    41.387     0.000    91.052    41.387     0.000    90.818    41.380     0.000
    90.585    41.372     0.000    90.352    41.362     0.000    90.120    41.350     0.000    89.888    41.333     0.000
    89.657    41.313     0.000    89.428    41.287     0.000    89.214    41.258     0.000    89.001    41.224     0.000
    88.789    41.187     0.000    88.578    41.147     0.000    88.367    41.104     0.000    88.158    41.059     0.000
    87.949    41.013     0.000
030 1
    87.765    41.005     0.000
5 182
   107.232    44.945     0.000   107.665    44.973     0.000   108.100    45.000     0.000   108.100    45.000     0.000
   108.443    45.015     0.000   108.786    45.028     0.000   109.129    45.040     0.000   109.473    45.049     0.000
   109.816    45.056     0.000   110.159    45.060     0.000   110.503    45.061     0.000   111.023    45.055     0.000
   111.544    45.040     0.000   112.063    45.014     0.000   112.581    44.976     0.000   113.097    44.924     0.000
   113.612    44.857     0.000   114.123    44.774     0.000   114.533    44.694     0.000   114.937    44.601     0.000
   115.332    44.494     0.000   115.714    44.370     0.000   116.081    44.228     0.000   116.081    44.228     0.000
   116.240    44.144     0.000   116.397    44.058     0.000   116.551    43.971     0.000   116.702    43.881     0.000
   116.846    43.788     0.000   116.985    43.690     0.000   117.115    43.588     0.000   117.278    43.440     0.000
   117.424    43.283     0.000   117.553    43.116     0.000   117.664    42.942     0.000   117.758    42.760     0.000
   117.835    42.571     0.000   117.893    42.377     0.000   117.934    42.174     0.000   117.955    41.968     0.000
   117.952    41.764     0.000   117.925    41.564     0.000   117.872    41.372     0.000   117.789    41.190     0.000
   117.676    41.023     0.000   117.547    40.885     0.000   117.396    40.759     0.000   117.226    40.642     0.000
   117.042    40.532     0.000   116.848    40.428     0.000   116.649    40.326     0.000   116.448    40.224     0.000
   116.298    40.148     0.000   116.148    40.073     0.000   115.999    40.002     0.000   115.848    39.937     0.000
   115.696    39.880     0.000   115.540    39.834     0.000   115.382    39.800     0.000   115.208    39.780     0.000
   115.030    39.774     0.000   114.849    39.780     0.000   114.665    39.796     0.000   114.480    39.818     0.000
   114.295    39.845     0.000   114.111    39.873     0.000   113.896    39.907     0.000   113.683    39.939     0.000
   113.472    39.969     0.000   113.261    39.996     0.000   113.050    40.021     0.000   112.839    40.041     0.000
   112.626    40.058     0.000   112.545    40.063     0.000   112.463    40.067     0.000   112.380    40.071     0.000
   112.298    40.074     0.000   112.216    40.077     0.000   112.133    40.080     0.000   112.051    40.083     0.000
   111.730    40.096     0.000   111.410    40.098     0.000   111.092    40.087     0.000   110.777    40.058     0.000
   110.515    40.017     0.000   110.257    39.963     0.000   110.003    39.896     0.000   109.755    39.816     0.000
   109.513    39.725     0.000   109.279    39.623     0.000   109.054    39.512     0.000   108.923    39.441     0.000
   108.795    39.367     0.000   108.670    39.291     0.000   108.547    39.213     0.000   108.426    39.134     0.000
   108.306    39.054     0.000   108.187    38.973     0.000   107.931    38.750     0.000   107.664    38.536     0.000
   107.383    38.336     0.000   107.209    38.226     0.000   107.029    38.122     0.000   106.842    38.025     0.000
   106.650    37.936     0.000   106.452    37.855     0.000   106.250    37.783     0.000   106.043    37.719     0.000
   105.796    37.657     0.000   105.544    37.608     0.000   105.288    37.573     0.000   105.030    37.551     0.000
   104.771    37.544     0.000   104.511    37.551     0.000   104.252    37.573     0.000   104.056    37.599     0.000
   103.862    37.635     0.000   103.670    37.679     0.000   103.483    37.732     0.000   103.302    37.794     0.000
   103.127    37.864     0.000   102.959    37.944     0.000   102.654    38.124     0.000   102.377    38.332     0.000
   102.123    38.564     0.000   101.885    38.812     0.000   101.658    39.071     0.000   101.439    39.335     0.000
   101.220    39.598     0.000   101.126    39.707     0.000   101.032    39.816     0.000   100.937    39.924     0.000
   100.841    40.031     0.000   100.745    40.137     0.000   100.649    40.243     0.000   100.552    40.349     0.000
   100.442    40.449     0.000   100.329    40.547     0.000   100.213    40.642     0.000   100.213    40.642     0.000
   100.024    40.755     0.000    99.833    40.869     0.000    99.642    40.983     0.000    99.449    41.100     0.000
    99.254    41.219     0.000    99.058    41.342     0.000    98.859    41.469     0.000    98.638    41.614     0.000
    98.423    41.766     0.000    98.221    41.925     0.000    98.042    42.092     0.000    97.893    42.267     0.000
    97.783    42.451     0.000    97.722    42.646     0.000    97.711    42.765     0.000    97.719    42.886     0.000
    97.744    43.007     0.000    97.785    43.128     0.000    97.840    43.247     0.000    97.908    43.363     0.000
    97.988    43.474     0.000    98.229    43.720     0.000    98.523    43.930     0.000    98.863    44.107     0.000
    99.238    44.254     0.000    99.639    44.374     0.000   100.057    44.469     0.000   100.482    44.544     0.000
   100.989    44.610     0.000   101.492    44.656     0.000   101.993    44.686     0.000   102.491    44.704     0.000
   102.987    44.717     0.000   103.483    44.728     0.000   103.979    44.741     0.000   104.413    44.759     0.000
   104.848    44.781     0.000   105.285    44.807     0.000   105.723    44.835     0.000   106.161    44.865     0.000
   106.600    44.895     0.000   107.040    44.925     0.000
030 1
   107.232    44.945     0.000
7 89
    90.073    40.725     0.000    90.027    40.733     0.000    89.981    40.741     0.000    89.935    40.749     0.000
    89.889    40.755     0.000    89.843    40.762     0.000    89.796    40.767     0.000    89.750    40.772     0.000
    89.628    40.778     0.000    89.505    40.778     0.000    89.382    40.772     0.000    89.260    40.762     0.000
    89.138    40.747     0.000    89.017    40.729     0.000    88.897    40.710     0.000    88.681    40.670     0.000
    88.470    40.625     0.000    88.264    40.570     0.000    88.061    40.504     0.000    87.863    40.424     0.000
    87.668    40.327     0.000    87.475    40.210     0.000    87.314    40.093     0.000    87.163    39.964     0.000
    87.033    39.827     0.000    86.933    39.687     0.000    86.871    39.546     0.000    86.857    39.411     0.000
    86.899    39.285     0.000    86.951    39.218     0.000    87.021    39.156     0.000    87.106    39.100     0.000
    87.202    39.051     0.000    87.307    39.010     0.000    87.416    38.978     0.000    87.527    38.956     0.000
    87.741    38.941     0.000    87.950    38.961     0.000    88.155    39.008     0.000    88.356    39.073     0.000
    88.555    39.151     0.000    88.752    39.233     0.000    88.949    39.312     0.000    89.017    39.337     0.000
    89.086    39.361     0.000    89.155    39.385     0.000    89.155    39.385     0.000    89.242    39.414     0.000
    89.329    39.443     0.000    89.417    39.470     0.000    89.506    39.495     0.000    89.594    39.517     0.000
    89.684    39.536     0.000    89.774    39.551     0.000    89.859    39.560     0.000    89.944    39.567     0.000
    90.030    39.572     0.000    90.117    39.577     0.000    90.205    39.582     0.000    90.293    39.590     0.000
    90.382    39.600     0.000    90.483    39.617     0.000    90.583    39.640     0.000    90.679    39.670     0.000
    90.769    39.706     0.000    90.852    39.750     0.000    90.924    39.802     0.000    90.984    39.862     0.000
    91.026    39.925     0.000    91.055    39.993     0.000    91.072    40.065     0.000    91.077    40.138     0.000
    91.068    40.211     0.000    91.047    40.283     0.000    91.013    40.350     0.000    90.982    40.393     0.000
    90.945    40.433     0.000    90.904    40.470     0.000    90.858    40.504     0.000    90.809    40.535     0.000
    90.757    40.563     0.000    90.702    40.588     0.000    90.626    40.617     0.000    90.547    40.640     0.000
    90.466    40.660     0.000    90.383    40.676     0.000    90.299    40.690     0.000    90.214    40.702     0.000
    90.129    40.713     0.000
020 1
    90.129    40.713     0.000
7 71
   124.953    45.455     0.000   124.872    45.455     0.000   124.791    45.454     0.000   124.710    45.452     0.000
   124.629    45.449     0.000   124.548    45.444     0.000   124.467    45.438     0.000   124.387    45.429     0.000
   124.273    45.412     0.000   124.161    45.389     0.000   124.051    45.362     0.000   123.945    45.329     0.000
   123.842    45.292     0.000   123.745    45.251     0.000   123.653    45.205     0.000   123.460    45.077     0.000
   123.301    44.929     0.000   123.171    44.764     0.000   123.065    44.583     0.000   122.976    44.390     0.000
   122.899    44.188     0.000   122.829    43.980     0.000   122.764    43.773     0.000   122.708    43.566     0.000
   122.671    43.363     0.000   122.660    43.167     0.000   122.685    42.981     0.000   122.752    42.809     0.000
   122.871    42.653     0.000   122.986    42.559     0.000   123.123    42.475     0.000   123.279    42.405     0.000
   123.448    42.349     0.000   123.626    42.310     0.000   123.810    42.290     0.000   123.993    42.290     0.000
   124.169    42.311     0.000   124.339    42.351     0.000   124.499    42.409     0.000   124.649    42.481     0.000
   124.785    42.567     0.000   124.906    42.664     0.000   125.007    42.769     0.000   125.072    42.854     0.000
   125.126    42.942     0.000   125.171    43.034     0.000   125.209    43.127     0.000   125.242    43.222     0.000
   125.271    43.318     0.000   125.299    43.415     0.000   125.340    43.601     0.000   125.366    43.786     0.000
   125.382    43.971     0.000   125.392    44.158     0.000   125.400    44.350     0.000   125.413    44.549     0.000
   125.435    44.756     0.000   125.447    44.843     0.000   125.458    44.930     0.000   125.463    45.015     0.000
   125.460    45.096     0.000   125.443    45.172     0.000   125.410    45.241     0.000   125.356    45.301     0.000
   125.321    45.326     0.000   125.281    45.349     0.000   125.236    45.371     0.000   125.189    45.391     0.000
   125.138    45.409     0.000   125.086    45.427     0.000   125.033    45.445     0.000
030 1
   125.033    45.445     0.000
7 108
   102.194    42.535     0.000   102.194    42.535     0.000   102.194    42.535     0.000   102.194    42.535     0.000
   102.024    42.506     0.000   102.024    42.506     0.000   101.942    42.512     0.000   101.860    42.518     0.000
   101.778    42.523     0.000   101.697    42.526     0.000   101.616    42.526     0.000   101.535    42.524     0.000
   101.455    42.517     0.000   101.359    42.505     0.000   101.265    42.486     0.000   101.173    42.461     0.000
   101.083    42.430     0.000   100.998    42.393     0.000   100.916    42.349     0.000   100.839    42.299     0.000
   100.783    42.256     0.000   100.732    42.209     0.000   100.687    42.160     0.000   100.649    42.109     0.000
   100.621    42.056     0.000   100.603    42.003     0.000   100.596    41.950     0.000   100.607    41.882     0.000
   100.637    41.816     0.000   100.683    41.752     0.000   100.742    41.690     0.000   100.811    41.631     0.000
   100.887    41.576     0.000   100.967    41.525     0.000   101.115    41.443     0.000   101.266    41.374     0.000
   101.419    41.314     0.000   101.575    41.260     0.000   101.731    41.211     0.000   101.888    41.164     0.000
   101.888    41.164     0.000   102.023    41.112     0.000   102.157    41.060     0.000   102.291    41.008     0.000
   102.426    40.956     0.000   102.562    40.906     0.000   102.698    40.856     0.000   102.836    40.808     0.000
   103.079    40.726     0.000   103.323    40.645     0.000   103.563    40.559     0.000   103.795    40.463     0.000
   104.015    40.354     0.000   104.219    40.227     0.000   104.402    40.076     0.000   104.508    39.967     0.000
   104.607    39.852     0.000   104.704    39.737     0.000   104.803    39.628     0.000   104.907    39.529     0.000
   105.020    39.447     0.000   105.147    39.387     0.000   105.266    39.357     0.000   105.395    39.343     0.000
   105.532    39.344     0.000   105.676    39.356     0.000   105.822    39.377     0.000   105.971    39.405     0.000
   106.118    39.436     0.000   106.198    39.454     0.000   106.276    39.473     0.000   106.351    39.493     0.000
   106.423    39.516     0.000   106.490    39.542     0.000   106.551    39.571     0.000   106.606    39.604     0.000
   106.712    39.705     0.000   106.778    39.829     0.000   106.811    39.972     0.000   106.815    40.127     0.000
   106.794    40.289     0.000   106.754    40.453     0.000   106.699    40.614     0.000   106.613    40.808     0.000
   106.511    40.988     0.000   106.394    41.155     0.000   106.260    41.309     0.000   106.112    41.453     0.000
   105.948    41.586     0.000   105.768    41.710     0.000   105.636    41.790     0.000   105.497    41.866     0.000
   105.352    41.937     0.000   105.201    42.003     0.000   105.047    42.063     0.000   104.888    42.117     0.000
   104.726    42.164     0.000   104.522    42.213     0.000   104.315    42.253     0.000   104.106    42.284     0.000
   103.894    42.310     0.000   103.681    42.330     0.000   103.466    42.347     0.000   103.251    42.362     0.000
   103.027    42.400     0.000   102.804    42.439     0.000   102.582    42.478     0.000   102.361    42.517     0.000

020 1
   102.361    42.517     0.000
7 79
   110.016    43.112     0.000   110.016    43.112     0.000   109.875    43.105     0.000   109.735    43.096     0.000
   109.595    43.086     0.000   109.457    43.074     0.000   109.321    43.059     0.000   109.187    43.040     0.000
   109.055    43.017     0.000   108.842    42.969     0.000   108.636    42.909     0.000   108.433    42.839     0.000
   108.232    42.761     0.000   108.029    42.677     0.000   107.822    42.587     0.000   107.609    42.495     0.000
   107.491    42.444     0.000   107.376    42.391     0.000   107.266    42.335     0.000   107.168    42.275     0.000
   107.086    42.209     0.000   107.023    42.136     0.000   106.986    42.054     0.000   106.975    41.980     0.000
   106.984    41.901     0.000   107.009    41.822     0.000   107.050    41.746     0.000   107.106    41.675     0.000
   107.173    41.612     0.000   107.252    41.561     0.000   107.325    41.530     0.000   107.403    41.507     0.000
   107.485    41.493     0.000   107.570    41.486     0.000   107.656    41.485     0.000   107.743    41.490     0.000
   107.830    41.499     0.000   107.989    41.526     0.000   108.143    41.563     0.000   108.292    41.607     0.000
   108.438    41.655     0.000   108.583    41.703     0.000   108.727    41.748     0.000   108.872    41.788     0.000
   109.075    41.828     0.000   109.282    41.856     0.000   109.493    41.873     0.000   109.709    41.885     0.000
   109.931    41.895     0.000   110.158    41.905     0.000   110.391    41.922     0.000   110.580    41.941     0.000
   110.767    41.968     0.000   110.948    42.005     0.000   111.117    42.055     0.000   111.268    42.120     0.000
   111.396    42.203     0.000   111.496    42.306     0.000   111.536    42.369     0.000   111.565    42.436     0.000
   111.584    42.507     0.000   111.592    42.578     0.000   111.587    42.649     0.000   111.570    42.718     0.000
   111.539    42.783     0.000   111.487    42.852     0.000   111.418    42.913     0.000   111.336    42.967     0.000
   111.243    43.013     0.000   111.142    43.052     0.000   111.036    43.084     0.000   110.927    43.108     0.000
   110.808    43.127     0.000   110.689    43.139     0.000   110.571    43.144     0.000   110.453    43.144     0.000
   110.335    43.141     0.000   110.217    43.135     0.000   110.099    43.127     0.000
020 1
   110.335    43.141     0.000
2 192
   129.897    51.633     0.000   129.897    51.633     0.000   129.607    51.607     0.000   129.321    51.578     0.000
   129.040    51.543     0.000   128.767    51.499     0.000   128.506    51.445     0.000   128.258    51.378     0.000
   128.028    51.294     0.000   127.785    51.177     0.000   127.565    51.041     0.000   127.362    50.888     0.000
   127.174    50.724     0.000   126.995    50.553     0.000   126.822    50.378     0.000   126.650    50.203     0.000
   126.483    50.040     0.000   126.312    49.880     0.000   126.136    49.726     0.000   125.953    49.576     0.000
   125.762    49.431     0.000   125.561    49.291     0.000   125.348    49.155     0.000   125.084    49.004     0.000
   124.804    48.863     0.000   124.512    48.734     0.000   124.209    48.621     0.000   123.897    48.526     0.000
   123.579    48.453     0.000   123.256    48.404     0.000   122.844    48.381     0.000   122.428    48.395     0.000
   122.008    48.442     0.000   121.587    48.514     0.000   121.165    48.607     0.000   120.745    48.715     0.000
   120.326    48.831     0.000   119.855    48.966     0.000   119.387    49.099     0.000   118.921    49.225     0.000
   118.457    49.339     0.000   117.991    49.435     0.000   117.524    49.508     0.000   117.054    49.552     0.000
   116.309    49.555     0.000   115.562    49.484     0.000   114.817    49.349     0.000   114.080    49.159     0.000
   113.355    48.924     0.000   112.646    48.654     0.000   111.955    48.360     0.000   111.288    48.051     0.000
   110.656    47.724     0.000   110.071    47.376     0.000   109.546    47.006     0.000   109.095    46.609     0.000
   108.729    46.183     0.000   108.461    45.727     0.000   108.376    45.513     0.000   108.311    45.293     0.000
   108.268    45.069     0.000   108.245    44.841     0.000   108.241    44.611     0.000   108.257    44.379     0.000
   108.293    44.146     0.000   108.370    43.833     0.000   108.481    43.524     0.000   108.627    43.226     0.000
   108.809    42.942     0.000   109.026    42.676     0.000   109.280    42.433     0.000   109.571    42.217     0.000
   109.761    42.104     0.000   109.963    42.001     0.000   110.175    41.910     0.000   110.395    41.829     0.000
   110.622    41.759     0.000   110.854    41.700     0.000   111.090    41.652     0.000   111.413    41.603     0.000
   111.738    41.574     0.000   112.065    41.561     0.000   112.394    41.563     0.000   112.722    41.580     0.000
   113.049    41.609     0.000   113.373    41.649     0.000   113.699    41.700     0.000   114.022    41.762     0.000
   114.340    41.833     0.000   114.655    41.915     0.000   114.965    42.008     0.000   115.270    42.111     0.000
   115.571    42.225     0.000   116.019    42.417     0.000   116.462    42.623     0.000   116.905    42.829     0.000
   117.354    43.023     0.000   117.812    43.194     0.000   118.285    43.329     0.000   118.777    43.414     0.000
   119.111    43.440     0.000   119.451    43.446     0.000   119.795    43.441     0.000   120.140    43.432     0.000
   120.483    43.426     0.000   120.822    43.432     0.000   121.155    43.457     0.000   121.566    43.525     0.000
   121.966    43.628     0.000   122.358    43.759     0.000   122.744    43.912     0.000   123.128    44.078     0.000
   123.510    44.250     0.000   123.894    44.420     0.000   124.290    44.586     0.000   124.691    44.743     0.000
   125.096    44.888     0.000   125.506    45.023     0.000   125.923    45.145     0.000   126.348    45.255     0.000
   126.780    45.352     0.000   126.780    45.352     0.000   126.926    45.395     0.000   127.073    45.438     0.000
   127.221    45.478     0.000   127.370    45.515     0.000   127.520    45.547     0.000   127.673    45.574     0.000
   127.827    45.594     0.000   128.039    45.610     0.000   128.253    45.611     0.000   128.468    45.599     0.000
   128.681    45.573     0.000   128.891    45.533     0.000   129.097    45.480     0.000   129.296    45.412     0.000
   129.452    45.347     0.000   129.601    45.273     0.000   129.739    45.192     0.000   129.863    45.102     0.000
   129.973    45.006     0.000   130.065    44.902     0.000   130.137    44.793     0.000   130.200    44.641     0.000
   130.234    44.482     0.000   130.252    44.318     0.000   130.263    44.152     0.000   130.279    43.987     0.000
   130.309    43.825     0.000   130.365    43.670     0.000   130.447    43.530     0.000   130.557    43.400     0.000
   130.691    43.279     0.000   130.846    43.169     0.000   131.018    43.071     0.000   131.205    42.987     0.000
   131.401    42.918     0.000   131.623    42.860     0.000   131.851    42.821     0.000   132.081    42.800     0.000
   132.312    42.797     0.000   132.540    42.811     0.000   132.762    42.841     0.000   132.976    42.888     0.000
   133.285    42.991     0.000   133.570    43.126     0.000   133.835    43.289     0.000   134.084    43.474     0.000
   134.318    43.676     0.000   134.541    43.890     0.000   134.756    44.109     0.000   135.144    44.526     0.000
   135.505    44.948     0.000   135.831    45.376     0.000   136.115    45.813     0.000   136.349    46.262     0.000
   136.525    46.725     0.000   136.634    47.205     0.000   136.670    47.714     0.000   136.625    48.232     0.000
   136.496    48.745     0.000   136.282    49.241     0.000   135.981    49.707     0.000   135.591    50.129     0.000
   135.110    50.496     0.000   134.553    50.792     0.000   133.920    51.029     0.000   133.226    51.216     0.000
   132.482    51.362     0.000   131.700    51.474     0.000   130.893    51.563     0.000   130.073    51.636     0.000

-4 1
   129.897    51.633     0.000
2 83
   131.178    49.679     0.000   130.780    49.673     0.000   130.385    49.662     0.000   129.995    49.639     0.000
   129.615    49.600     0.000   129.248    49.540     0.000   128.896    49.454     0.000   128.564    49.337     0.000
   128.347    49.236     0.000   128.145    49.119     0.000   127.961    48.989     0.000   127.799    48.847     0.000
   127.661    48.695     0.000   127.552    48.534     0.000   127.475    48.368     0.000   127.437    48.233     0.000
   127.421    48.095     0.000   127.423    47.957     0.000   127.445    47.819     0.000   127.484    47.683     0.000
   127.539    47.548     0.000   127.610    47.416     0.000   127.692    47.293     0.000   127.786    47.174     0.000
   127.893    47.061     0.000   128.010    46.954     0.000   128.138    46.855     0.000   128.276    46.764     0.000
   128.423    46.682     0.000   128.654    46.579     0.000   128.900    46.493     0.000   129.159    46.422     0.000
   129.428    46.361     0.000   129.703    46.306     0.000   129.982    46.252     0.000   130.261    46.197     0.000
   130.619    46.118     0.000   130.973    46.037     0.000   131.324    45.959     0.000   131.673    45.893     0.000
   132.022    45.844     0.000   132.372    45.820     0.000   132.724    45.827     0.000   132.931    45.848     0.000
   133.137    45.882     0.000   133.340    45.928     0.000   133.539    45.984     0.000   133.731    46.052     0.000
   133.914    46.129     0.000   134.086    46.215     0.000   134.269    46.325     0.000   134.435    46.447     0.000
   134.587    46.578     0.000   134.726    46.718     0.000   134.726    46.718     0.000   134.789    46.788     0.000
   134.851    46.857     0.000   134.913    46.927     0.000   134.973    46.998     0.000   135.031    47.070     0.000
   135.086    47.143     0.000   135.139    47.218     0.000   135.224    47.359     0.000   135.296    47.504     0.000
   135.350    47.653     0.000   135.386    47.803     0.000   135.400    47.953     0.000   135.390    48.102     0.000
   135.353    48.248     0.000   135.278    48.405     0.000   135.171    48.555     0.000   135.034    48.697     0.000
   134.873    48.830     0.000   134.692    48.953     0.000   134.494    49.066     0.000   134.284    49.166     0.000
   133.901    49.311     0.000   133.498    49.422     0.000   133.078    49.506     0.000   132.646    49.567     0.000
   132.204    49.610     0.000   131.756    49.640     0.000   131.305    49.664     0.000
-6 1
   131.178    49.679     0.000
2 87
   130.448    47.503     0.000   130.331    47.506     0.000   130.215    47.508     0.000   130.099    47.506     0.000
   129.983    47.500     0.000   129.868    47.488     0.000   129.753    47.469     0.000   129.639    47.440     0.000
   129.553    47.412     0.000   129.471    47.378     0.000   129.395    47.339     0.000   129.327    47.295     0.000
   129.272    47.246     0.000   129.231    47.194     0.000   129.208    47.138     0.000   129.203    47.093     0.000
   129.209    47.047     0.000   129.224    47.001     0.000   129.248    46.955     0.000   129.279    46.911     0.000
   129.317    46.870     0.000   129.360    46.831     0.000   129.434    46.779     0.000   129.517    46.736     0.000
   129.607    46.699     0.000   129.701    46.669     0.000   129.800    46.643     0.000   129.902    46.622     0.000
   130.004    46.603     0.000   130.105    46.586     0.000   130.206    46.569     0.000   130.306    46.554     0.000
   130.405    46.537     0.000   130.503    46.520     0.000   130.600    46.500     0.000   130.696    46.479     0.000
   130.780    46.457     0.000   130.864    46.433     0.000   130.947    46.407     0.000   131.029    46.380     0.000
   131.111    46.351     0.000   131.192    46.322     0.000   131.273    46.293     0.000   131.346    46.266     0.000
   131.421    46.241     0.000   131.491    46.220     0.000   131.563    46.201     0.000   131.636    46.184     0.000
   131.711    46.171     0.000   131.786    46.160     0.000   131.862    46.153     0.000   131.939    46.149     0.000
   132.009    46.150     0.000   132.078    46.154     0.000   132.147    46.162     0.000   132.214    46.173     0.000
   132.280    46.188     0.000   132.343    46.208     0.000   132.404    46.231     0.000   132.486    46.272     0.000
   132.560    46.321     0.000   132.624    46.377     0.000   132.679    46.437     0.000   132.722    46.502     0.000
   132.753    46.570     0.000   132.770    46.640     0.000   132.773    46.701     0.000   132.766    46.763     0.000
   132.748    46.823     0.000   132.722    46.882     0.000   132.687    46.939     0.000   132.645    46.994     0.000
   132.597    47.045     0.000   132.479    47.139     0.000   132.340    47.219     0.000   132.184    47.285     0.000
   132.015    47.340     0.000   131.836    47.383     0.000   131.652    47.418     0.000   131.466    47.444     0.000
   131.332    47.459     0.000   131.198    47.471     0.000   131.066    47.481     0.000   130.934    47.488     0.000
   130.802    47.494     0.000   130.671    47.499     0.000   130.540    47.503     0.000
-8 1
   130.448    47.503     0.000
2 57
   121.941    47.018     0.000   121.756    47.008     0.000   121.571    46.995     0.000   121.387    46.978     0.000
   121.203    46.954     0.000   121.021    46.921     0.000   120.839    46.878     0.000   120.659    46.821     0.000
   120.466    46.742     0.000   120.282    46.648     0.000   120.117    46.540     0.000   119.978    46.423     0.000
   119.873    46.297     0.000   119.809    46.167     0.000   119.794    46.034     0.000   119.818    45.934     0.000
   119.870    45.837     0.000   119.945    45.742     0.000   120.041    45.653     0.000   120.151    45.570     0.000
   120.274    45.494     0.000   120.405    45.429     0.000   120.560    45.367     0.000   120.719    45.319     0.000
   120.883    45.283     0.000   121.049    45.257     0.000   121.219    45.241     0.000   121.390    45.233     0.000
   121.561    45.232     0.000   121.777    45.240     0.000   121.992    45.258     0.000   122.204    45.287     0.000
   122.412    45.328     0.000   122.615    45.381     0.000   122.811    45.448     0.000   122.999    45.528     0.000
   123.162    45.614     0.000   123.313    45.712     0.000   123.448    45.819     0.000   123.563    45.936     0.000
   123.654    46.061     0.000   123.716    46.194     0.000   123.745    46.333     0.000   123.746    46.407     0.000
   123.736    46.481     0.000   123.718    46.554     0.000   123.690    46.625     0.000   123.652    46.692     0.000
   123.606    46.754     0.000   123.551    46.810     0.000   123.405    46.907     0.000   123.226    46.975     0.000
   123.018    47.017     0.000   122.789    47.039     0.000   122.542    47.046     0.000   122.285    47.042     0.000
   122.023    47.033     0.000
-6 1
   121.941    47.018     0.000
4 233
   102.183    45.835     0.000   101.740    45.843     0.000   101.740    45.843     0.000   101.234    45.820     0.000
   100.733    45.789     0.000   100.240    45.744     0.000    99.759    45.677     0.000    99.295    45.584     0.000
    98.852    45.458     0.000    98.436    45.293     0.000    98.195    45.170     0.000    97.968    45.032     0.000
    97.757    44.880     0.000    97.566    44.715     0.000    97.396    44.539     0.000    97.250    44.353     0.000
    97.130    44.159     0.000    97.052    43.996     0.000    96.992    43.829     0.000    96.952    43.659     0.000
    96.930    43.487     0.000    96.926    43.313     0.000    96.941    43.139     0.000    96.975    42.965     0.000
    97.058    42.709     0.000    97.180    42.460     0.000    97.337    42.221     0.000    97.526    41.998     0.000
    97.746    41.795     0.000    97.995    41.616     0.000    98.269    41.466     0.000    98.622    41.329     0.000
    98.998    41.225     0.000    99.387    41.139     0.000    99.778    41.060     0.000   100.162    40.974     0.000
   100.526    40.868     0.000   100.859    40.730     0.000   101.131    40.568     0.000   101.371    40.374     0.000
   101.586    40.156     0.000   101.779    39.919     0.000   101.956    39.669     0.000   102.121    39.414     0.000
   102.280    39.159     0.000   102.383    38.993     0.000   102.487    38.831     0.000   102.594    38.672     0.000
   102.706    38.516     0.000   102.825    38.364     0.000   102.953    38.217     0.000   103.092    38.074     0.000
   103.226    37.950     0.000   103.370    37.833     0.000   103.524    37.723     0.000   103.687    37.625     0.000
   103.860    37.538     0.000   104.041    37.467     0.000   104.232    37.413     0.000   104.339    37.392     0.000
   104.447    37.376     0.000   104.556    37.368     0.000   104.666    37.366     0.000   104.775    37.372     0.000
   104.883    37.386     0.000   104.989    37.408     0.000   105.103    37.443     0.000   105.212    37.489     0.000
   105.315    37.543     0.000   105.410    37.605     0.000   105.497    37.674     0.000   105.574    37.750     0.000
   105.640    37.831     0.000   105.678    37.889     0.000   105.712    37.949     0.000   105.743    38.010     0.000
   105.773    38.071     0.000   105.803    38.133     0.000   105.834    38.195     0.000   105.869    38.255     0.000
   105.923    38.335     0.000   105.986    38.410     0.000   106.057    38.482     0.000   106.135    38.549     0.000
   106.220    38.609     0.000   106.311    38.662     0.000   106.408    38.706     0.000   106.510    38.741     0.000
   106.616    38.768     0.000   106.726    38.788     0.000   106.839    38.801     0.000   106.953    38.809     0.000
   107.068    38.813     0.000   107.183    38.813     0.000   107.362    38.809     0.000   107.538    38.802     0.000
   107.714    38.793     0.000   107.888    38.786     0.000   108.062    38.782     0.000   108.236    38.784     0.000
   108.409    38.794     0.000   108.498    38.804     0.000   108.587    38.816     0.000   108.676    38.830     0.000
   108.765    38.847     0.000   108.852    38.865     0.000   108.939    38.886     0.000   109.024    38.908     0.000
   109.187    38.955     0.000   109.346    39.009     0.000   109.501    39.068     0.000   109.655    39.133     0.000
   109.808    39.204     0.000   109.961    39.282     0.000   110.116    39.365     0.000   110.205    39.416     0.000
   110.292    39.469     0.000   110.374    39.524     0.000   110.448    39.583     0.000   110.510    39.645     0.000
   110.557    39.710     0.000   110.587    39.779     0.000   110.597    39.866     0.000   110.580    39.955     0.000
   110.538    40.046     0.000   110.476    40.133     0.000   110.395    40.216     0.000   110.298    40.291     0.000
   110.187    40.355     0.000   110.072    40.405     0.000   109.954    40.448     0.000   109.837    40.486     0.000
   109.728    40.526     0.000   109.632    40.571     0.000   109.555    40.626     0.000   109.502    40.695     0.000
   109.487    40.736     0.000   109.479    40.782     0.000   109.478    40.829     0.000   109.485    40.877     0.000
   109.497    40.925     0.000   109.516    40.970     0.000   109.540    41.013     0.000   109.637    41.109     0.000
   109.770    41.173     0.000   109.931    41.210     0.000   110.114    41.226     0.000   110.312    41.227     0.000
   110.516    41.219     0.000   110.721    41.208     0.000   111.185    41.191     0.000   111.619    41.184     0.000
   112.030    41.181     0.000   112.425    41.174     0.000   112.813    41.156     0.000   113.199    41.120     0.000
   113.591    41.059     0.000   113.792    41.017     0.000   113.995    40.972     0.000   114.200    40.929     0.000
   114.405    40.896     0.000   114.611    40.876     0.000   114.816    40.876     0.000   115.020    40.902     0.000
   115.112    40.923     0.000   115.203    40.951     0.000   115.290    40.986     0.000   115.371    41.026     0.000
   115.446    41.073     0.000   115.511    41.126     0.000   115.565    41.185     0.000   115.613    41.259     0.000
   115.644    41.339     0.000   115.661    41.423     0.000   115.663    41.508     0.000   115.651    41.593     0.000
   115.626    41.676     0.000   115.588    41.754     0.000   115.511    41.856     0.000   115.412    41.946     0.000
   115.294    42.025     0.000   115.160    42.093     0.000   115.015    42.153     0.000   114.862    42.206     0.000
   114.705    42.252     0.000   114.507    42.302     0.000   114.311    42.348     0.000   114.118    42.393     0.000
   113.930    42.441     0.000   113.750    42.495     0.000   113.579    42.558     0.000   113.419    42.634     0.000
   113.284    42.718     0.000   113.159    42.813     0.000   113.044    42.919     0.000   112.939    43.034     0.000
   112.843    43.154     0.000   112.754    43.279     0.000   112.673    43.406     0.000   112.622    43.492     0.000
   112.573    43.579     0.000   112.523    43.664     0.000   112.471    43.748     0.000   112.416    43.829     0.000
   112.357    43.908     0.000   112.290    43.984     0.000   112.167    44.097     0.000   112.026    44.201     0.000
   111.869    44.296     0.000   111.699    44.383     0.000   111.520    44.462     0.000   111.335    44.534     0.000
   111.146    44.601     0.000   111.041    44.635     0.000   110.936    44.669     0.000   110.830    44.700     0.000
   110.724    44.731     0.000   110.619    44.761     0.000   110.513    44.791     0.000   110.407    44.820     0.000
   109.931    44.979     0.000   109.460    45.135     0.000   108.991    45.287     0.000   108.522    45.428     0.000
   108.047    45.556     0.000   107.564    45.666     0.000   106.840    45.788     0.000   106.096    45.869     0.000
   105.338    45.913     0.000   104.568    45.928     0.000   103.790    45.919     0.000   103.008    45.892     0.000
   102.224    45.853     0.000
040 1
   102.183    45.835     0.000
4 99
   125.958    44.938     0.000   125.764    44.946     0.000   125.572    44.952     0.000   125.382    44.952     0.000
   125.196    44.946     0.000   125.015    44.930     0.000   124.841    44.902     0.000   124.675    44.859     0.000
   124.489    44.788     0.000   124.316    44.697     0.000   124.157    44.589     0.000   124.011    44.467     0.000
   123.879    44.334     0.000   123.760    44.194     0.000   123.655    44.050     0.000   123.559    43.898     0.000
   123.474    43.746     0.000   123.395    43.595     0.000   123.319    43.444     0.000   123.241    43.296     0.000
   123.157    43.150     0.000   123.065    43.007     0.000   122.959    42.866     0.000   122.844    42.729     0.000
   122.720    42.595     0.000   122.590    42.463     0.000   122.457    42.333     0.000   122.322    42.203     0.000
   122.189    42.073     0.000   122.009    41.893     0.000   121.831    41.713     0.000   121.652    41.536     0.000
   121.465    41.362     0.000   121.267    41.193     0.000   121.053    41.030     0.000   120.819    40.876     0.000
   120.702    40.806     0.000   120.585    40.736     0.000   120.472    40.664     0.000   120.370    40.589     0.000
   120.282    40.508     0.000   120.215    40.420     0.000   120.173    40.323     0.000   120.160    40.224     0.000
   120.171    40.121     0.000   120.203    40.017     0.000   120.255    39.917     0.000   120.323    39.826     0.000
   120.406    39.748     0.000   120.502    39.688     0.000   120.637    39.641     0.000   120.786    39.624     0.000
   120.943    39.632     0.000   121.107    39.661     0.000   121.273    39.707     0.000   121.437    39.765     0.000
   121.595    39.830     0.000   121.827    39.940     0.000   122.039    40.058     0.000   122.233    40.182     0.000
   122.414    40.312     0.000   122.584    40.448     0.000   122.747    40.588     0.000   122.905    40.731     0.000
   123.095    40.908     0.000   123.285    41.087     0.000   123.476    41.268     0.000   123.670    41.451     0.000
   123.868    41.632     0.000   124.072    41.812     0.000   124.283    41.990     0.000   124.538    42.192     0.000
   124.799    42.391     0.000   125.061    42.589     0.000   125.319    42.787     0.000   125.567    42.988     0.000
   125.799    43.193     0.000   126.011    43.405     0.000   126.124    43.534     0.000   126.228    43.667     0.000
   126.324    43.806     0.000   126.411    43.951     0.000   126.490    44.103     0.000   126.562    44.265     0.000
   126.627    44.436     0.000   126.646    44.494     0.000   126.663    44.551     0.000   126.675    44.607     0.000
   126.681    44.661     0.000   126.680    44.712     0.000   126.669    44.758     0.000   126.647    44.798     0.000
   126.597    44.842     0.000   126.527    44.875     0.000   126.440    44.899     0.000   126.340    44.916     0.000
   126.229    44.927     0.000   126.112    44.935     0.000   125.991    44.941     0.000
040 1
   125.958    44.938     0.000
4 87
    90.249    40.876     0.000    90.440    40.875     0.000    90.627    40.870     0.000    90.808    40.856     0.000
    90.979    40.831     0.000    91.137    40.790     0.000    91.278    40.730     0.000    91.399    40.646     0.000
    91.468    40.574     0.000    91.525    40.492     0.000    91.569    40.403     0.000    91.598    40.311     0.000
    91.611    40.218     0.000    91.607    40.127     0.000    91.584    40.042     0.000    91.516    39.930     0.000
    91.412    39.834     0.000    91.279    39.753     0.000    91.123    39.684     0.000    90.950    39.627     0.000
    90.768    39.579     0.000    90.583    39.538     0.000    90.233    39.474     0.000    89.895    39.425     0.000
    89.895    39.425     0.000    89.824    39.415     0.000    89.753    39.405     0.000    89.682    39.395     0.000
    89.611    39.386     0.000    89.539    39.376     0.000    89.468    39.366     0.000    89.396    39.357     0.000
    89.219    39.335     0.000    89.042    39.313     0.000    88.865    39.289     0.000    88.689    39.262     0.000
    88.516    39.231     0.000    88.347    39.193     0.000    88.181    39.148     0.000    88.057    39.107     0.000
    87.935    39.063     0.000    87.813    39.018     0.000    87.690    38.972     0.000    87.565    38.929     0.000
    87.436    38.891     0.000    87.302    38.858     0.000    87.238    38.845     0.000    87.173    38.835     0.000
    87.108    38.829     0.000    87.044    38.826     0.000    86.981    38.828     0.000    86.920    38.836     0.000
    86.862    38.851     0.000    86.806    38.873     0.000    86.753    38.902     0.000    86.705    38.936     0.000
    86.661    38.975     0.000    86.622    39.018     0.000    86.588    39.064     0.000    86.560    39.111     0.000
    86.532    39.178     0.000    86.513    39.245     0.000    86.504    39.314     0.000    86.504    39.383     0.000
    86.512    39.452     0.000    86.527    39.521     0.000    86.547    39.589     0.000    86.615    39.743     0.000
    86.707    39.889     0.000    86.822    40.026     0.000    86.958    40.152     0.000    87.111    40.265     0.000
    87.279    40.362     0.000    87.460    40.443     0.000    87.524    40.466     0.000    87.589    40.488     0.000
    87.654    40.508     0.000    87.721    40.526     0.000    87.788    40.544     0.000    87.855    40.561     0.000
    87.922    40.578     0.000    88.273    40.666     0.000    88.635    40.732     0.000    89.007    40.781     0.000
    89.385    40.815     0.000    89.767    40.839     0.000    90.152    40.858     0.000
040 1
    90.249    40.876     0.000
STATION_SITUATION
50946 30
50948 30
50949 30
51704 30
51707 30
51708 30
51709 30
51716 30
51717 30
51720 30
51722 30
51730 30
51765 30
51777 30
51802 30
51810 30
51811 30
51814 30
51815 30
51818 30
51826 30
51827 30
51828 30
51829 30
51839 30
51848 30
51855 30
51931 30
52267 40
52378 40
52495 40
52575 40
52576 30
52607 40
52681 40
53068 40
53083 30
53149 40
53192 30
53194 30
53195 30
53201 30
53231 40
53272 40
53276 40
53289 40
53324 40
53336 40
53337 40
53343 40
53348 40
53352 40
53357 30
53362 40
53367 40
53368 30
53378 40
53384 40
53385 40
53391 40
53392 40
53397 40
53399 40
53419 40
53420 40
53424 40
53433 40
53446 30
53451 30
53455 30
53457 40
53463 30
53464 30
53466 30
53467 30
53469 30
53472 30
53475 30
53480 30
53481 30
53483 30
53484 30
53486 30
53487 30
53488 30
53490 30
53491 30
53492 30
53498 30
53499 30
53502 40
53505 40
53512 40
53513 40
53517 40
53518 40
53519 40
53522 40
53529 40
53533 40
53543 40
53545 40
53547 40
53593 30
53602 40
53610 30
53610 30
53611 40
53612 30
53614 30
53615 40
53617 30
53618 30
53704 40
54047 30
54049 40
54064 40
54065 40
54069 40
54072 40
54102 30
54142 40
54154 40
54155 40
54156 40
54157 40
54161 40
54164 40
54165 40
54204 30
54205 30
54208 30
54209 30
54236 40
54243 40
54244 40
54245 40
54247 40
54248 40
54249 40
54252 40
54254 40
54260 40
54301 30
54304 30
54305 40
54308 30
54311 30
54318 30
54330 40
54332 40
54333 40
54335 40
54336 40
54338 40
54339 40
54340 40
54342 40
54345 40
54347 40
54348 40
54351 40
54401 30
54404 30
54405 30
54406 30
54408 30
54409 30
54410 30
54412 30
54420 30
54421 30
54453 40
54454 40
54455 40
54470 40
54471 40
54472 40
54474 40
54475 40
54499 30
54501 30
51747 30
WEATHER_REGION: 0
FILLAREA: 0
NOTES_SYMBOL: 0
WithProp_LINESYMBOLS: 0
