diamond 14 /disk2/diamond/update/zhyb/wt040808.024
2015 4 8 7 0
LINES: 0
LINES_SYMBOL: 0
SYMBOLS: 0
CLOSED_CONTOURS: 3
4 99
   123.034    40.999     0.000   122.905    41.030     0.000   122.776    41.060     0.000   122.646    41.089     0.000
   122.516    41.115     0.000   122.384    41.138     0.000   122.252    41.156     0.000   122.117    41.170     0.000
   121.971    41.178     0.000   121.823    41.180     0.000   121.676    41.174     0.000   121.529    41.160     0.000
   121.385    41.138     0.000   121.243    41.107     0.000   121.106    41.067     0.000   120.974    41.019     0.000
   120.848    40.961     0.000   120.728    40.897     0.000   120.614    40.826     0.000   120.507    40.749     0.000
   120.408    40.668     0.000   120.317    40.583     0.000   120.219    40.478     0.000   120.130    40.369     0.000
   120.049    40.256     0.000   119.975    40.139     0.000   119.904    40.019     0.000   119.835    39.895     0.000
   119.766    39.768     0.000   119.712    39.666     0.000   119.661    39.564     0.000   119.617    39.462     0.000
   119.585    39.360     0.000   119.568    39.260     0.000   119.571    39.162     0.000   119.597    39.068     0.000
   119.619    39.025     0.000   119.647    38.982     0.000   119.680    38.941     0.000   119.717    38.900     0.000
   119.757    38.861     0.000   119.800    38.823     0.000   119.845    38.786     0.000   119.916    38.732     0.000
   119.990    38.681     0.000   120.067    38.634     0.000   120.146    38.590     0.000   120.227    38.551     0.000
   120.311    38.517     0.000   120.398    38.488     0.000   120.479    38.466     0.000   120.562    38.448     0.000
   120.647    38.435     0.000   120.734    38.426     0.000   120.823    38.422     0.000   120.914    38.421     0.000
   121.006    38.424     0.000   121.101    38.430     0.000   121.196    38.442     0.000   121.289    38.458     0.000
   121.378    38.480     0.000   121.460    38.508     0.000   121.534    38.543     0.000   121.597    38.586     0.000
   121.656    38.645     0.000   121.701    38.713     0.000   121.736    38.788     0.000   121.764    38.869     0.000
   121.787    38.953     0.000   121.810    39.038     0.000   121.835    39.123     0.000   121.878    39.238     0.000
   121.931    39.349     0.000   121.993    39.454     0.000   122.062    39.556     0.000   122.139    39.652     0.000
   122.221    39.744     0.000   122.309    39.831     0.000   122.392    39.906     0.000   122.479    39.979     0.000
   122.570    40.049     0.000   122.667    40.118     0.000   122.768    40.188     0.000   122.876    40.258     0.000
   122.990    40.329     0.000   123.062    40.374     0.000   123.132    40.419     0.000   123.198    40.465     0.000
   123.255    40.513     0.000   123.302    40.563     0.000   123.333    40.614     0.000   123.345    40.668     0.000
   123.342    40.702     0.000   123.333    40.736     0.000   123.317    40.771     0.000   123.296    40.806     0.000
   123.272    40.842     0.000   123.245    40.878     0.000   123.218    40.914     0.000
040 1
   123.034    40.999     0.000
4 78
    86.883    40.069     0.000    86.584    39.961     0.000    86.288    39.850     0.000    85.998    39.731     0.000
    85.718    39.601     0.000    85.448    39.457     0.000    85.193    39.297     0.000    84.955    39.116     0.000
    84.810    38.985     0.000    84.678    38.846     0.000    84.564    38.699     0.000    84.474    38.545     0.000
    84.411    38.384     0.000    84.381    38.219     0.000    84.388    38.050     0.000    84.406    37.968     0.000
    84.433    37.888     0.000    84.470    37.810     0.000    84.516    37.737     0.000    84.571    37.671     0.000
    84.636    37.612     0.000    84.710    37.563     0.000    84.818    37.517     0.000    84.937    37.488     0.000
    85.064    37.475     0.000    85.197    37.476     0.000    85.331    37.490     0.000    85.463    37.515     0.000
    85.589    37.550     0.000    85.741    37.609     0.000    85.881    37.680     0.000    86.012    37.759     0.000
    86.137    37.845     0.000    86.258    37.933     0.000    86.380    38.021     0.000    86.505    38.106     0.000
    86.671    38.205     0.000    86.846    38.295     0.000    87.027    38.378     0.000    87.215    38.454     0.000
    87.406    38.525     0.000    87.601    38.592     0.000    87.797    38.655     0.000    87.971    38.711     0.000
    88.145    38.766     0.000    88.317    38.822     0.000    88.488    38.881     0.000    88.657    38.943     0.000
    88.824    39.011     0.000    88.987    39.085     0.000    89.110    39.147     0.000    89.228    39.215     0.000
    89.340    39.288     0.000    89.443    39.369     0.000    89.535    39.458     0.000    89.613    39.556     0.000
    89.676    39.664     0.000    89.719    39.777     0.000    89.745    39.897     0.000    89.752    40.018     0.000
    89.740    40.136     0.000    89.708    40.246     0.000    89.655    40.344     0.000    89.580    40.426     0.000
    89.451    40.502     0.000    89.290    40.548     0.000    89.106    40.567     0.000    88.905    40.564     0.000
    88.695    40.544     0.000    88.482    40.511     0.000    88.273    40.470     0.000    88.047    40.418     0.000
    87.834    40.363     0.000    87.632    40.305     0.000    87.438    40.245     0.000    87.251    40.182     0.000
    87.069    40.119     0.000    86.888    40.054     0.000
040 1
    86.883    40.069     0.000
4 134
    89.840    40.930     0.000    89.436    40.758     0.000    89.031    40.592     0.000    88.623    40.438     0.000
    88.209    40.304     0.000    87.786    40.197     0.000    87.349    40.122     0.000    86.896    40.088     0.000
    86.650    40.088     0.000    86.402    40.103     0.000    86.158    40.133     0.000    85.922    40.181     0.000
    85.699    40.247     0.000    85.493    40.334     0.000    85.308    40.441     0.000    85.099    40.619     0.000
    84.924    40.826     0.000    84.768    41.050     0.000    84.619    41.277     0.000    84.461    41.496     0.000
    84.281    41.692     0.000    84.064    41.854     0.000    83.830    41.962     0.000    83.563    42.035     0.000
    83.271    42.075     0.000    82.963    42.088     0.000    82.647    42.076     0.000    82.330    42.044     0.000
    82.021    41.994     0.000    81.723    41.931     0.000    81.438    41.857     0.000    81.164    41.774     0.000
    80.898    41.684     0.000    80.638    41.589     0.000    80.379    41.491     0.000    80.121    41.391     0.000
    79.758    41.254     0.000    79.390    41.120     0.000    79.017    40.992     0.000    78.640    40.874     0.000
    78.258    40.768     0.000    77.872    40.677     0.000    77.482    40.603     0.000    77.235    40.565     0.000
    76.987    40.532     0.000    76.740    40.497     0.000    76.494    40.457     0.000    76.250    40.406     0.000
    76.011    40.341     0.000    75.777    40.257     0.000    75.669    40.210     0.000    75.565    40.158     0.000
    75.467    40.102     0.000    75.375    40.042     0.000    75.292    39.978     0.000    75.220    39.910     0.000
    75.161    39.840     0.000    75.065    39.619     0.000    75.075    39.382     0.000    75.172    39.134     0.000
    75.337    38.881     0.000    75.554    38.627     0.000    75.805    38.378     0.000    76.073    38.140     0.000
    76.562    37.751     0.000    77.056    37.414     0.000    77.556    37.128     0.000    78.064    36.893     0.000
    78.582    36.707     0.000    79.112    36.569     0.000    79.656    36.479     0.000    80.207    36.434     0.000
    80.771    36.430     0.000    81.345    36.459     0.000    81.926    36.517     0.000    82.510    36.598     0.000
    83.095    36.698     0.000    83.676    36.811     0.000    84.102    36.901     0.000    84.521    36.998     0.000
    84.935    37.103     0.000    85.340    37.220     0.000    85.736    37.351     0.000    86.122    37.498     0.000
    86.495    37.663     0.000    86.762    37.797     0.000    87.025    37.938     0.000    87.286    38.085     0.000
    87.547    38.233     0.000    87.811    38.379     0.000    88.080    38.521     0.000    88.357    38.654     0.000
    88.694    38.795     0.000    89.044    38.917     0.000    89.405    39.019     0.000    89.776    39.098     0.000
    90.156    39.153     0.000    90.544    39.180     0.000    90.937    39.177     0.000    91.214    39.159     0.000
    91.490    39.134     0.000    91.765    39.110     0.000    92.035    39.096     0.000    92.299    39.102     0.000
    92.555    39.134     0.000    92.802    39.202     0.000    92.986    39.284     0.000    93.159    39.389     0.000
    93.315    39.513     0.000    93.450    39.651     0.000    93.557    39.801     0.000    93.632    39.957     0.000
    93.669    40.117     0.000    93.658    40.310     0.000    93.590    40.499     0.000    93.474    40.681     0.000
    93.317    40.854     0.000    93.129    41.014     0.000    92.917    41.160     0.000    92.690    41.288     0.000
    92.600    41.333     0.000    92.509    41.375     0.000    92.418    41.412     0.000    92.325    41.446     0.000
    92.232    41.476     0.000    92.139    41.501     0.000    92.044    41.521     0.000    91.748    41.551     0.000
    91.447    41.538     0.000    91.143    41.488     0.000    90.837    41.410     0.000    90.530    41.309     0.000
    90.223    41.194     0.000    89.916    41.070     0.000
030 1
    89.840    40.930     0.000
STATION_SITUATION
51628 30
51629 30
51633 30
51636 30
51639 30
51644 30
51704 30
51705 30
51707 30
51708 30
51709 30
51716 30
51717 30
51720 30
51722 30
51730 30
51777 40
51802 30
51810 30
51811 30
51814 30
51815 30
51818 30
51826 30
51827 30
51828 30
51829 30
51839 30
51848 30
51855 40
51931 30
54453 40
54454 40
54455 40
54470 40
54471 40
54472 40
54474 40
54475 40
54476 40
54563 40
54568 40
54660 40
54662 40
51747 30
WEATHER_REGION: 0
FILLAREA: 0
NOTES_SYMBOL: 0
WithProp_LINESYMBOLS: 0
