diamond 14 /disk2/diamond/update/zhyb/wt121808.024
2014 12 18 3 0
LINES: 0
LINES_SYMBOL: 0
SYMBOLS: 0
CLOSED_CONTOURS: 3
2 151
    95.419    34.043     0.000    95.449    34.075     0.000    95.480    34.108     0.000    95.511    34.139     0.000
    95.511    34.139     0.000    95.561    34.177     0.000    95.610    34.215     0.000    95.661    34.252     0.000
    95.712    34.288     0.000    95.764    34.322     0.000    95.818    34.354     0.000    95.874    34.385     0.000
    95.950    34.421     0.000    96.030    34.453     0.000    96.113    34.481     0.000    96.197    34.505     0.000
    96.284    34.526     0.000    96.371    34.545     0.000    96.459    34.560     0.000    96.698    34.591     0.000
    96.938    34.607     0.000    97.179    34.612     0.000    97.420    34.606     0.000    97.661    34.594     0.000
    97.902    34.576     0.000    98.142    34.556     0.000    98.381    34.535     0.000    98.620    34.512     0.000
    98.857    34.486     0.000    99.094    34.456     0.000    99.330    34.420     0.000    99.565    34.376     0.000
    99.800    34.324     0.000    99.984    34.276     0.000   100.167    34.221     0.000   100.344    34.157     0.000
   100.516    34.085     0.000   100.679    34.004     0.000   100.833    33.913     0.000   100.975    33.811     0.000
   101.104    33.699     0.000   101.222    33.578     0.000   101.332    33.450     0.000   101.437    33.319     0.000
   101.540    33.185     0.000   101.643    33.053     0.000   101.749    32.924     0.000   101.872    32.788     0.000
   102.000    32.657     0.000   102.130    32.527     0.000   102.261    32.398     0.000   102.389    32.265     0.000
   102.389    32.265     0.000   102.506    32.138     0.000   102.618    32.010     0.000   102.720    31.882     0.000
   102.806    31.753     0.000   102.871    31.625     0.000   102.912    31.496     0.000   102.922    31.368     0.000
   102.900    31.240     0.000   102.849    31.113     0.000   102.774    30.987     0.000   102.681    30.862     0.000
   102.575    30.740     0.000   102.461    30.622     0.000   102.344    30.507     0.000   102.276    30.441     0.000
   102.210    30.377     0.000   102.146    30.312     0.000   102.086    30.247     0.000   102.031    30.181     0.000
   101.981    30.114     0.000   101.937    30.043     0.000   101.891    29.950     0.000   101.855    29.851     0.000
   101.827    29.750     0.000   101.804    29.645     0.000   101.785    29.538     0.000   101.769    29.429     0.000
   101.752    29.319     0.000   101.728    29.184     0.000   101.700    29.051     0.000   101.664    28.920     0.000
   101.621    28.794     0.000   101.566    28.675     0.000   101.500    28.565     0.000   101.420    28.464     0.000
   101.332    28.382     0.000   101.234    28.308     0.000   101.126    28.240     0.000   101.012    28.176     0.000
   100.894    28.115     0.000   100.773    28.054     0.000   100.651    27.992     0.000   100.487    27.901     0.000
   100.324    27.810     0.000   100.162    27.722     0.000    99.999    27.645     0.000    99.832    27.582     0.000
    99.660    27.540     0.000    99.481    27.525     0.000    99.312    27.536     0.000    99.142    27.571     0.000
    98.975    27.627     0.000    98.818    27.701     0.000    98.677    27.792     0.000    98.556    27.898     0.000
    98.463    28.016     0.000    98.401    28.146     0.000    98.368    28.285     0.000    98.357    28.431     0.000
    98.365    28.584     0.000    98.385    28.741     0.000    98.413    28.900     0.000    98.442    29.061     0.000
    98.486    29.359     0.000    98.512    29.655     0.000    98.516    29.945     0.000    98.494    30.227     0.000
    98.443    30.500     0.000    98.357    30.762     0.000    98.233    31.010     0.000    98.127    31.167     0.000
    98.004    31.318     0.000    97.868    31.463     0.000    97.721    31.605     0.000    97.565    31.743     0.000
    97.403    31.878     0.000    97.238    32.013     0.000    97.083    32.140     0.000    96.933    32.273     0.000
    96.787    32.412     0.000    96.642    32.552     0.000    96.497    32.692     0.000    96.334    32.845     0.000
    96.169    32.994     0.000    96.002    33.142     0.000    95.833    33.287     0.000    95.662    33.431     0.000
    95.491    33.573     0.000    95.318    33.715     0.000    95.295    33.816     0.000    95.283    33.916     0.000
    95.283    33.929     0.000    95.282    33.942     0.000    95.282    33.955     0.000    95.282    33.968     0.000
    95.281    33.981     0.000    95.281    33.994     0.000    95.281    34.007     0.000
-4 1
    95.419    34.043     0.000
4 57
   122.942    39.822     0.000   122.807    39.825     0.000   122.672    39.826     0.000   122.539    39.825     0.000
   122.407    39.819     0.000   122.278    39.808     0.000   122.151    39.790     0.000   122.028    39.765     0.000
   121.875    39.718     0.000   121.730    39.657     0.000   121.593    39.582     0.000   121.466    39.493     0.000
   121.348    39.392     0.000   121.241    39.279     0.000   121.146    39.155     0.000   121.081    39.053     0.000
   121.025    38.948     0.000   120.982    38.842     0.000   120.954    38.738     0.000   120.943    38.639     0.000
   120.952    38.547     0.000   120.984    38.464     0.000   121.125    38.330     0.000   121.349    38.246     0.000
   121.631    38.208     0.000   121.946    38.212     0.000   122.269    38.254     0.000   122.576    38.332     0.000
   122.841    38.443     0.000   122.926    38.493     0.000   123.003    38.548     0.000   123.072    38.605     0.000
   123.135    38.666     0.000   123.194    38.730     0.000   123.248    38.797     0.000   123.300    38.866     0.000
   123.339    38.919     0.000   123.375    38.973     0.000   123.408    39.029     0.000   123.437    39.085     0.000
   123.460    39.143     0.000   123.476    39.202     0.000   123.484    39.262     0.000   123.484    39.309     0.000
   123.479    39.356     0.000   123.468    39.403     0.000   123.453    39.449     0.000   123.432    39.493     0.000
   123.406    39.536     0.000   123.375    39.575     0.000   123.332    39.620     0.000   123.283    39.660     0.000
   123.229    39.697     0.000   123.171    39.731     0.000   123.110    39.763     0.000   123.047    39.795     0.000
   122.983    39.825     0.000
040 2
   122.942    39.822     0.000   121.631    38.208     0.000
2 69
   107.434    44.251     0.000   106.855    44.206     0.000   106.274    44.158     0.000   105.688    44.105     0.000
   105.096    44.046     0.000   105.096    44.046     0.000   104.224    44.011     0.000   103.381    43.952     0.000
   102.595    43.855     0.000   101.896    43.703     0.000   101.311    43.483     0.000   100.871    43.181     0.000
   100.602    42.782     0.000   100.544    42.578     0.000   100.523    42.359     0.000   100.536    42.133     0.000
   100.583    41.906     0.000   100.663    41.685     0.000   100.774    41.475     0.000   100.917    41.284     0.000
   101.211    41.023     0.000   101.571    40.818     0.000   101.985    40.662     0.000   102.439    40.545     0.000
   102.921    40.458     0.000   103.417    40.394     0.000   103.417    40.394     0.000   103.714    40.351     0.000
   104.015    40.308     0.000   104.326    40.264     0.000   104.650    40.222     0.000   104.993    40.181     0.000
   105.360    40.141     0.000   105.755    40.103     0.000   106.233    40.063     0.000   106.724    40.036     0.000
   107.200    40.029     0.000   107.633    40.053     0.000   107.993    40.119     0.000   108.254    40.237     0.000
   108.386    40.419     0.000   108.398    40.530     0.000   108.380    40.656     0.000   108.343    40.793     0.000
   108.294    40.937     0.000   108.242    41.086     0.000   108.194    41.236     0.000   108.159    41.384     0.000
   108.145    41.565     0.000   108.159    41.740     0.000   108.196    41.911     0.000   108.249    42.081     0.000
   108.314    42.251     0.000   108.383    42.424     0.000   108.450    42.601     0.000   108.493    42.730     0.000
   108.529    42.861     0.000   108.553    42.992     0.000   108.563    43.121     0.000   108.554    43.247     0.000
   108.524    43.367     0.000   108.468    43.481     0.000   108.424    43.542     0.000   108.372    43.600     0.000
   108.314    43.656     0.000   108.250    43.711     0.000   108.182    43.764     0.000   108.111    43.817     0.000
   108.038    43.869     0.000
-4 1
   107.434    44.251     0.000
STATION_SITUATION
54563 40
54568 40
54569 40
54575 40
54579 40
54584 40
54587 40
54660 40
54662 40
WEATHER_REGION: 0
FILLAREA: 0
NOTES_SYMBOL: 0
WithProp_LINESYMBOLS: 0
