diamond 14 /disk2/diamond/update/rr012608.048
2015 1 26 3 0
LINES: 0
LINES_SYMBOL: 3
38 2 176
    91.820    26.353     0.000    91.943    26.574     0.000    92.068    26.794     0.000    92.197    27.011     0.000
    92.331    27.226     0.000    92.471    27.436     0.000    92.619    27.640     0.000    92.776    27.839     0.000
    92.998    28.088     0.000    93.239    28.323     0.000    93.500    28.545     0.000    93.781    28.752     0.000
    94.083    28.945     0.000    94.406    29.123     0.000    94.752    29.286     0.000    94.934    29.361     0.000
    95.119    29.429     0.000    95.307    29.486     0.000    95.493    29.529     0.000    95.677    29.554     0.000
    95.856    29.557     0.000    96.027    29.537     0.000    96.221    29.477     0.000    96.406    29.385     0.000
    96.583    29.270     0.000    96.759    29.140     0.000    96.936    29.004     0.000    97.119    28.870     0.000
    97.311    28.746     0.000    97.518    28.638     0.000    97.733    28.543     0.000    97.948    28.455     0.000
    98.155    28.367     0.000    98.349    28.273     0.000    98.522    28.166     0.000    98.666    28.042     0.000
    98.773    27.901     0.000    98.853    27.741     0.000    98.910    27.564     0.000    98.950    27.374     0.000
    98.978    27.173     0.000    98.998    26.965     0.000    99.017    26.751     0.000    99.028    26.635     0.000
    99.043    26.520     0.000    99.063    26.410     0.000    99.092    26.307     0.000    99.131    26.214     0.000
    99.183    26.132     0.000    99.250    26.065     0.000    99.330    26.018     0.000    99.422    25.983     0.000
    99.526    25.961     0.000    99.636    25.950     0.000    99.753    25.947     0.000    99.871    25.952     0.000
    99.989    25.963     0.000   100.158    25.988     0.000   100.320    26.023     0.000   100.474    26.068     0.000
   100.620    26.123     0.000   100.757    26.188     0.000   100.884    26.263     0.000   101.002    26.349     0.000
   101.184    26.526     0.000   101.334    26.732     0.000   101.456    26.961     0.000   101.552    27.208     0.000
   101.625    27.469     0.000   101.678    27.737     0.000   101.714    28.008     0.000   101.739    28.324     0.000
   101.755    28.635     0.000   101.769    28.941     0.000   101.792    29.241     0.000   101.833    29.534     0.000
   101.901    29.818     0.000   102.008    30.094     0.000   102.108    30.279     0.000   102.229    30.459     0.000
   102.367    30.633     0.000   102.521    30.801     0.000   102.687    30.961     0.000   102.863    31.114     0.000
   103.046    31.258     0.000   103.210    31.378     0.000   103.377    31.492     0.000   103.548    31.601     0.000
   103.724    31.707     0.000   103.903    31.809     0.000   104.087    31.910     0.000   104.277    32.009     0.000
   104.566    32.155     0.000   104.865    32.294     0.000   105.172    32.418     0.000   105.483    32.520     0.000
   105.797    32.592     0.000   106.110    32.628     0.000   106.421    32.620     0.000   106.679    32.576     0.000
   106.934    32.504     0.000   107.186    32.412     0.000   107.437    32.308     0.000   107.687    32.199     0.000
   107.938    32.095     0.000   108.192    32.003     0.000   108.477    31.923     0.000   108.765    31.861     0.000
   109.057    31.811     0.000   109.352    31.766     0.000   109.648    31.722     0.000   109.945    31.670     0.000
   110.241    31.606     0.000   110.587    31.510     0.000   110.929    31.399     0.000   111.269    31.287     0.000
   111.606    31.186     0.000   111.940    31.107     0.000   112.273    31.064     0.000   112.606    31.068     0.000
   112.826    31.100     0.000   113.047    31.152     0.000   113.269    31.214     0.000   113.493    31.280     0.000
   113.718    31.342     0.000   113.944    31.393     0.000   114.172    31.424     0.000   114.401    31.431     0.000
   114.631    31.415     0.000   114.860    31.378     0.000   115.087    31.325     0.000   115.312    31.260     0.000
   115.533    31.185     0.000   115.750    31.104     0.000   115.969    31.017     0.000   116.182    30.929     0.000
   116.394    30.839     0.000   116.603    30.747     0.000   116.812    30.654     0.000   117.021    30.561     0.000
   117.232    30.467     0.000   117.462    30.367     0.000   117.696    30.271     0.000   117.933    30.184     0.000
   118.173    30.110     0.000   118.417    30.053     0.000   118.664    30.018     0.000   118.915    30.009     0.000
   119.060    30.016     0.000   119.204    30.034     0.000   119.346    30.061     0.000   119.486    30.097     0.000
   119.620    30.144     0.000   119.749    30.200     0.000   119.870    30.266     0.000   120.049    30.394     0.000
   120.211    30.540     0.000   120.361    30.699     0.000   120.506    30.864     0.000   120.652    31.026     0.000
   120.807    31.179     0.000   120.976    31.316     0.000   121.142    31.419     0.000   121.322    31.506     0.000
   121.512    31.580     0.000   121.711    31.644     0.000   121.916    31.701     0.000   122.124    31.753     0.000
   122.334    31.803     0.000   122.720    31.898     0.000   123.101    31.997     0.000   123.478    32.099     0.000
   123.853    32.202     0.000   124.226    32.306     0.000   124.598    32.411     0.000   124.970    32.514     0.000

NoLabel 0
0 4 176
   119.901    33.909         1   119.899    33.907     0.000   119.896    33.905     0.000   119.893    33.903     0.000
   119.890    33.901     0.000   119.888    33.899     0.000   119.885    33.897     0.000   119.882    33.895     0.000
   119.847    33.870     0.000   119.812    33.846     0.000   119.777    33.821     0.000   119.742    33.797     0.000
   119.706    33.772     0.000   119.671    33.748     0.000   119.635    33.724     0.000   119.506    33.640     0.000
   119.374    33.558     0.000   119.239    33.481     0.000   119.100    33.410     0.000   118.957    33.345     0.000
   118.810    33.288     0.000   118.660    33.240     0.000   118.534    33.208     0.000   118.406    33.181     0.000
   118.277    33.156     0.000   118.148    33.133     0.000   118.019    33.110     0.000   117.891    33.083     0.000
   117.766    33.053     0.000   117.668    33.024     0.000   117.573    32.991     0.000   117.479    32.953     0.000
   117.388    32.911     0.000   117.299    32.864     0.000   117.212    32.812     0.000   117.128    32.755     0.000
   117.041    32.689     0.000   116.957    32.620     0.000   116.873    32.553     0.000   116.788    32.489     0.000
   116.703    32.434     0.000   116.615    32.389     0.000   116.523    32.360     0.000   116.407    32.346     0.000
   116.285    32.355     0.000   116.159    32.380     0.000   116.029    32.417     0.000   115.897    32.462     0.000
   115.764    32.508     0.000   115.630    32.553     0.000   115.500    32.590     0.000   115.370    32.620     0.000
   115.242    32.643     0.000   115.114    32.659     0.000   114.987    32.668     0.000   114.860    32.671     0.000
   114.733    32.667     0.000   114.572    32.653     0.000   114.411    32.631     0.000   114.250    32.603     0.000
   114.088    32.572     0.000   113.926    32.541     0.000   113.763    32.512     0.000   113.598    32.487     0.000
   113.429    32.469     0.000   113.259    32.458     0.000   113.089    32.456     0.000   112.920    32.462     0.000
   112.752    32.476     0.000   112.586    32.500     0.000   112.424    32.532     0.000   112.293    32.567     0.000
   112.164    32.606     0.000   112.037    32.650     0.000   111.911    32.698     0.000   111.785    32.748     0.000
   111.659    32.799     0.000   111.532    32.851     0.000   111.386    32.909     0.000   111.238    32.964     0.000
   111.090    33.015     0.000   110.939    33.060     0.000   110.788    33.098     0.000   110.637    33.127     0.000
   110.484    33.144     0.000   110.330    33.151     0.000   110.174    33.148     0.000   110.018    33.138     0.000
   109.859    33.126     0.000   109.699    33.113     0.000   109.535    33.104     0.000   109.367    33.102     0.000
   109.278    33.104     0.000   109.189    33.110     0.000   109.103    33.122     0.000   109.020    33.141     0.000
   108.943    33.168     0.000   108.873    33.205     0.000   108.811    33.253     0.000   108.764    33.307     0.000
   108.726    33.368     0.000   108.698    33.435     0.000   108.682    33.504     0.000   108.677    33.572     0.000
   108.686    33.636     0.000   108.708    33.693     0.000   108.752    33.751     0.000   108.813    33.798     0.000
   108.886    33.839     0.000   108.968    33.877     0.000   109.054    33.916     0.000   109.141    33.959     0.000
   109.224    34.010     0.000   109.283    34.055     0.000   109.335    34.105     0.000   109.379    34.159     0.000
   109.412    34.215     0.000   109.434    34.271     0.000   109.441    34.326     0.000   109.431    34.379     0.000
   109.401    34.431     0.000   109.352    34.478     0.000   109.288    34.519     0.000   109.214    34.552     0.000
   109.132    34.577     0.000   109.048    34.593     0.000   108.963    34.600     0.000   108.839    34.591     0.000
   108.723    34.564     0.000   108.613    34.524     0.000   108.505    34.478     0.000   108.398    34.432     0.000
   108.289    34.392     0.000   108.176    34.364     0.000   108.056    34.353     0.000   107.931    34.354     0.000
   107.805    34.361     0.000   107.681    34.367     0.000   107.560    34.367     0.000   107.447    34.353     0.000
   107.344    34.320     0.000   107.293    34.293     0.000   107.244    34.259     0.000   107.198    34.221     0.000
   107.152    34.181     0.000   107.106    34.141     0.000   107.059    34.102     0.000   107.009    34.066     0.000
   106.962    34.037     0.000   106.912    34.012     0.000   106.861    33.990     0.000   106.808    33.971     0.000
   106.753    33.954     0.000   106.697    33.940     0.000   106.641    33.927     0.000   106.575    33.913     0.000
   106.508    33.902     0.000   106.442    33.892     0.000   106.375    33.885     0.000   106.307    33.880     0.000
   106.240    33.877     0.000   106.173    33.877     0.000   106.083    33.880     0.000   105.993    33.887     0.000
   105.903    33.895     0.000   105.813    33.903     0.000   105.724    33.909     0.000   105.635    33.912     0.000
   105.547    33.911     0.000   105.444    33.903     0.000   105.342    33.887     0.000   105.241    33.865     0.000
   105.141    33.839     0.000   105.041    33.809     0.000   104.942    33.777     0.000   104.842    33.743     0.000

NoLabel 0
0 4 113
   124.123    32.891         1   123.920    32.813     0.000   123.718    32.734     0.000   123.515    32.654     0.000
   123.311    32.574     0.000   123.107    32.493     0.000   122.902    32.411     0.000   122.695    32.328     0.000
   122.488    32.245     0.000   122.279    32.164     0.000   122.069    32.090     0.000   121.858    32.024     0.000
   121.645    31.972     0.000   121.430    31.935     0.000   121.214    31.918     0.000   120.999    31.922     0.000
   120.782    31.941     0.000   120.564    31.966     0.000   120.344    31.989     0.000   120.123    32.003     0.000
   119.902    32.000     0.000   119.681    31.970     0.000   119.622    31.957     0.000   119.563    31.941     0.000
   119.506    31.922     0.000   119.451    31.900     0.000   119.400    31.875     0.000   119.352    31.846     0.000
   119.310    31.814     0.000   119.254    31.757     0.000   119.210    31.693     0.000   119.176    31.621     0.000
   119.149    31.545     0.000   119.129    31.465     0.000   119.114    31.383     0.000   119.101    31.299     0.000
   119.084    31.169     0.000   119.066    31.041     0.000   119.044    30.916     0.000   119.015    30.795     0.000
   118.977    30.681     0.000   118.925    30.575     0.000   118.856    30.477     0.000   118.699    30.335     0.000
   118.498    30.223     0.000   118.265    30.141     0.000   118.012    30.092     0.000   117.750    30.075     0.000
   117.492    30.092     0.000   117.250    30.144     0.000   116.975    30.261     0.000   116.732    30.421     0.000
   116.511    30.609     0.000   116.301    30.809     0.000   116.091    31.005     0.000   115.871    31.182     0.000
   115.631    31.322     0.000   115.414    31.401     0.000   115.181    31.451     0.000   114.935    31.479     0.000
   114.680    31.491     0.000   114.420    31.494     0.000   114.159    31.495     0.000   113.900    31.499     0.000
   113.660    31.511     0.000   113.424    31.531     0.000   113.191    31.555     0.000   112.960    31.582     0.000
   112.729    31.609     0.000   112.498    31.635     0.000   112.265    31.657     0.000   112.045    31.672     0.000
   111.823    31.685     0.000   111.601    31.699     0.000   111.380    31.716     0.000   111.160    31.738     0.000
   110.942    31.770     0.000   110.727    31.814     0.000   110.576    31.855     0.000   110.427    31.902     0.000
   110.281    31.957     0.000   110.138    32.019     0.000   110.000    32.088     0.000   109.866    32.164     0.000
   109.738    32.246     0.000   109.573    32.367     0.000   109.415    32.495     0.000   109.261    32.626     0.000
   109.106    32.756     0.000   108.948    32.881     0.000   108.782    32.996     0.000   108.604    33.097     0.000
   108.453    33.166     0.000   108.293    33.223     0.000   108.127    33.270     0.000   107.956    33.308     0.000
   107.781    33.337     0.000   107.605    33.357     0.000   107.428    33.371     0.000   107.231    33.378     0.000
   107.035    33.378     0.000   106.840    33.371     0.000   106.645    33.360     0.000   106.451    33.346     0.000
   106.258    33.328     0.000   106.065    33.309     0.000   105.856    33.288     0.000   105.647    33.266     0.000
   105.439    33.243     0.000   105.230    33.220     0.000   105.021    33.197     0.000   104.813    33.173     0.000
   104.605    33.148     0.000
NoLabel 0
SYMBOLS: 20
  41   123.165    38.972 0.0 -1.115345
  41   124.425    34.986 0.0 -1.209593
  23    83.022    43.305 0.0 0
  23    83.738    29.699 0.0 0
  23    96.245    32.746 0.0 0
  23   115.895    34.519 0.0 0
  26   116.984    26.937 0.0 0
  41   120.562    25.289 0.0 4.205287
  41   123.255    28.324 0.0 4.390640
  41   124.124    31.247 0.0 4.663648
  48   107.766    34.527 1 6
  48   111.305    35.786 1 6
  48   110.713    33.358 1 12
  48   112.794    32.650 1 11
  24   120.147    32.833 0.0 0
  48   110.396    30.775 1 15
  48   115.130    31.714 1 12
  48    75.710    37.679 1 1
  48    88.946    27.547 1 4
  48    98.333    33.224 1 2
CLOSED_CONTOURS: 13
7 361
   117.673    34.079     0.000   117.635    34.084     0.000   117.598    34.090     0.000   117.561    34.095     0.000
   117.524    34.102     0.000   117.488    34.110     0.000   117.452    34.119     0.000   117.418    34.129     0.000
   117.353    34.155     0.000   117.292    34.186     0.000   117.232    34.220     0.000   117.173    34.256     0.000
   117.114    34.292     0.000   117.054    34.326     0.000   116.991    34.356     0.000   116.929    34.380     0.000
   116.865    34.400     0.000   116.798    34.417     0.000   116.730    34.430     0.000   116.662    34.442     0.000
   116.593    34.453     0.000   116.523    34.464     0.000   116.438    34.478     0.000   116.354    34.493     0.000
   116.271    34.509     0.000   116.188    34.528     0.000   116.107    34.549     0.000   116.026    34.572     0.000
   115.948    34.598     0.000   115.886    34.622     0.000   115.825    34.646     0.000   115.765    34.673     0.000
   115.705    34.700     0.000   115.646    34.729     0.000   115.587    34.758     0.000   115.528    34.787     0.000
   115.386    34.865     0.000   115.251    34.954     0.000   115.122    35.051     0.000   114.999    35.154     0.000
   114.883    35.263     0.000   114.773    35.375     0.000   114.688    35.466     0.000   114.607    35.559     0.000
   114.527    35.651     0.000   114.447    35.744     0.000   114.367    35.836     0.000   114.285    35.927     0.000
   114.200    36.017     0.000   114.078    36.137     0.000   113.952    36.255     0.000   113.824    36.372     0.000
   113.697    36.491     0.000   113.575    36.612     0.000   113.461    36.737     0.000   113.357    36.868     0.000
   113.277    36.988     0.000   113.203    37.113     0.000   113.134    37.239     0.000   113.065    37.365     0.000
   112.992    37.490     0.000   112.913    37.611     0.000   112.824    37.727     0.000   112.670    37.885     0.000
   112.489    38.026     0.000   112.285    38.151     0.000   112.061    38.258     0.000   111.821    38.348     0.000
   111.567    38.420     0.000   111.304    38.474     0.000   111.157    38.496     0.000   111.010    38.516     0.000
   111.010    38.516     0.000   110.859    38.560     0.000   110.708    38.604     0.000   110.559    38.650     0.000
   110.413    38.700     0.000   110.270    38.755     0.000   110.132    38.815     0.000   109.999    38.882     0.000
   109.833    38.983     0.000   109.674    39.094     0.000   109.520    39.210     0.000   109.365    39.326     0.000
   109.207    39.438     0.000   109.042    39.542     0.000   108.866    39.631     0.000   108.705    39.694     0.000
   108.535    39.743     0.000   108.358    39.781     0.000   108.175    39.807     0.000   107.988    39.822     0.000
   107.799    39.826     0.000   107.608    39.821     0.000   107.392    39.805     0.000   107.180    39.777     0.000
   106.972    39.736     0.000   106.772    39.684     0.000   106.581    39.618     0.000   106.403    39.540     0.000
   106.238    39.448     0.000   106.044    39.307     0.000   105.870    39.147     0.000   105.709    38.977     0.000
   105.554    38.800     0.000   105.396    38.623     0.000   105.228    38.453     0.000   105.043    38.294     0.000
   104.831    38.147     0.000   104.603    38.012     0.000   104.372    37.882     0.000   104.148    37.750     0.000
   103.942    37.610     0.000   103.766    37.454     0.000   103.631    37.278     0.000   103.569    37.149     0.000
   103.528    37.010     0.000   103.509    36.865     0.000   103.509    36.717     0.000   103.527    36.569     0.000
   103.564    36.423     0.000   103.617    36.283     0.000   103.687    36.148     0.000   103.770    36.021     0.000
   103.862    35.898     0.000   103.960    35.778     0.000   104.060    35.660     0.000   104.158    35.541     0.000
   104.252    35.420     0.000   104.315    35.331     0.000   104.374    35.239     0.000   104.430    35.147     0.000
   104.484    35.053     0.000   104.535    34.958     0.000   104.586    34.863     0.000   104.635    34.767     0.000
   104.681    34.684     0.000   104.728    34.601     0.000   104.778    34.520     0.000   104.829    34.439     0.000
   104.881    34.359     0.000   104.934    34.279     0.000   104.987    34.200     0.000   105.089    34.013     0.000
   105.191    33.828     0.000   105.277    33.651     0.000   105.333    33.486     0.000   105.342    33.337     0.000
   105.291    33.211     0.000   105.209    33.134     0.000   105.097    33.066     0.000   104.964    33.004     0.000
   104.818    32.944     0.000   104.671    32.881     0.000   104.532    32.811     0.000   104.409    32.731     0.000
   104.282    32.602     0.000   104.191    32.453     0.000   104.125    32.291     0.000   104.074    32.121     0.000
   104.025    31.950     0.000   103.968    31.784     0.000   103.892    31.629     0.000   103.756    31.452     0.000
   103.584    31.295     0.000   103.391    31.149     0.000   103.192    31.006     0.000   102.999    30.859     0.000
   102.828    30.700     0.000   102.693    30.520     0.000   102.639    30.412     0.000   102.599    30.298     0.000
   102.573    30.179     0.000   102.561    30.058     0.000   102.564    29.937     0.000   102.580    29.818     0.000
   102.610    29.702     0.000   102.656    29.583     0.000   102.715    29.469     0.000   102.784    29.359     0.000
   102.858    29.252     0.000   102.937    29.145     0.000   103.015    29.039     0.000   103.091    28.930     0.000
   103.203    28.753     0.000   103.203    28.753     0.000   103.247    28.597     0.000   103.294    28.442     0.000
   103.344    28.290     0.000   103.402    28.142     0.000   103.469    28.000     0.000   103.546    27.864     0.000
   103.638    27.737     0.000   103.807    27.559     0.000   104.002    27.396     0.000   104.212    27.243     0.000
   104.427    27.092     0.000   104.633    26.936     0.000   104.822    26.770     0.000   104.981    26.587     0.000
   105.090    26.409     0.000   105.177    26.218     0.000   105.248    26.018     0.000   105.313    25.816     0.000
   105.380    25.614     0.000   105.456    25.417     0.000   105.549    25.231     0.000   105.669    25.054     0.000
   105.811    24.891     0.000   105.973    24.741     0.000   106.151    24.602     0.000   106.342    24.472     0.000
   106.542    24.351     0.000   106.747    24.237     0.000   107.004    24.105     0.000   107.264    23.984     0.000
   107.527    23.875     0.000   107.792    23.782     0.000   108.059    23.706     0.000   108.328    23.650     0.000
   108.598    23.616     0.000   108.962    23.606     0.000   109.328    23.628     0.000   109.698    23.672     0.000
   110.072    23.728     0.000   110.449    23.785     0.000   110.829    23.833     0.000   111.212    23.861     0.000
   111.564    23.864     0.000   111.916    23.851     0.000   112.266    23.832     0.000   112.612    23.817     0.000
   112.954    23.816     0.000   113.289    23.838     0.000   113.617    23.894     0.000   113.861    23.963     0.000
   114.103    24.051     0.000   114.343    24.149     0.000   114.584    24.253     0.000   114.826    24.354     0.000
   115.073    24.446     0.000   115.324    24.522     0.000   115.599    24.579     0.000   115.879    24.613     0.000
   116.163    24.625     0.000   116.448    24.618     0.000   116.734    24.594     0.000   117.018    24.557     0.000
   117.299    24.508     0.000   117.430    24.482     0.000   117.560    24.454     0.000   117.689    24.425     0.000
   117.817    24.395     0.000   117.945    24.363     0.000   118.073    24.331     0.000   118.200    24.299     0.000
   118.378    24.203     0.000   118.547    24.097     0.000   118.707    23.982     0.000   118.855    23.857     0.000
   118.989    23.722     0.000   119.098    23.593     0.000   119.196    23.456     0.000   119.286    23.314     0.000
   119.370    23.167     0.000   119.448    23.016     0.000   119.523    22.863     0.000   119.596    22.709     0.000
   119.737    22.470     0.000   119.904    22.251     0.000   120.104    22.058     0.000   120.336    21.894     0.000
   120.591    21.761     0.000   120.864    21.658     0.000   121.149    21.585     0.000   121.441    21.544     0.000
   121.733    21.535     0.000   121.980    21.553     0.000   122.221    21.593     0.000   122.457    21.653     0.000
   122.687    21.731     0.000   122.910    21.825     0.000   123.126    21.934     0.000   123.332    22.055     0.000
   123.861    22.451     0.000   124.321    22.919     0.000   124.720    23.448     0.000   125.064    24.025     0.000
   125.064    24.025     0.000   125.136    24.144     0.000   125.207    24.264     0.000   125.275    24.384     0.000
   125.339    24.505     0.000   125.396    24.627     0.000   125.445    24.749     0.000   125.485    24.873     0.000
   125.539    25.177     0.000   125.540    25.489     0.000   125.501    25.806     0.000   125.433    26.129     0.000
   125.350    26.456     0.000   125.263    26.785     0.000   125.186    27.114     0.000   125.112    27.565     0.000
   125.068    28.014     0.000   125.043    28.462     0.000   125.024    28.909     0.000   124.999    29.352     0.000
   124.955    29.792     0.000   124.879    30.229     0.000   124.807    30.510     0.000   124.719    30.790     0.000
   124.616    31.068     0.000   124.501    31.345     0.000   124.378    31.622     0.000   124.248    31.897     0.000
   124.114    32.173     0.000   123.996    32.272     0.000   123.996    32.272     0.000   123.794    32.433     0.000
   123.590    32.592     0.000   123.382    32.749     0.000   123.170    32.903     0.000   122.951    33.051     0.000
   122.725    33.194     0.000   122.491    33.329     0.000   122.305    33.427     0.000   122.113    33.519     0.000
   121.915    33.603     0.000   121.714    33.676     0.000   121.508    33.738     0.000   121.298    33.786     0.000
   121.298    33.786     0.000   121.210    33.795     0.000   121.121    33.804     0.000   121.033    33.812     0.000
   120.945    33.819     0.000   120.857    33.824     0.000   120.769    33.827     0.000   120.682    33.828     0.000
   120.514    33.822     0.000   120.347    33.807     0.000   120.180    33.787     0.000   120.012    33.762     0.000
   119.844    33.735     0.000   119.673    33.708     0.000   119.500    33.683     0.000   119.309    33.661     0.000
   119.116    33.647     0.000   118.925    33.642     0.000   118.736    33.650     0.000   118.553    33.673     0.000
   118.377    33.713     0.000   118.211    33.773     0.000   118.143    33.805     0.000   118.076    33.842     0.000
   118.011    33.881     0.000   117.947    33.923     0.000   117.885    33.967     0.000   117.822    34.012     0.000
   117.760    34.057     0.000
0 1
   117.673    34.079     0.000
7 260
    88.780    50.266     0.000    88.697    50.231     0.000    88.615    50.196     0.000    88.533    50.161     0.000
    88.450    50.126     0.000    88.367    50.091     0.000    88.367    50.091     0.000    88.165    49.982     0.000
    87.968    49.871     0.000    87.779    49.757     0.000    87.779    49.757     0.000    87.578    49.676     0.000
    87.384    49.593     0.000    87.200    49.506     0.000    87.032    49.414     0.000    86.886    49.315     0.000
    86.767    49.208     0.000    86.679    49.091     0.000    86.623    48.946     0.000    86.609    48.792     0.000
    86.632    48.632     0.000    86.688    48.470     0.000    86.774    48.311     0.000    86.885    48.160     0.000
    87.016    48.019     0.000    87.135    47.917     0.000    87.262    47.824     0.000    87.397    47.738     0.000
    87.539    47.657     0.000    87.685    47.581     0.000    87.834    47.507     0.000    87.984    47.435     0.000
    88.137    47.363     0.000    88.285    47.288     0.000    88.420    47.206     0.000    88.539    47.115     0.000
    88.649    46.992     0.000    88.729    46.855     0.000    88.779    46.708     0.000    88.799    46.556     0.000
    88.790    46.401     0.000    88.753    46.250     0.000    88.689    46.105     0.000    88.582    45.953     0.000
    88.446    45.814     0.000    88.284    45.690     0.000    88.100    45.579     0.000    87.900    45.482     0.000
    87.689    45.399     0.000    87.470    45.329     0.000    87.066    45.237     0.000    86.654    45.179     0.000
    86.236    45.146     0.000    85.814    45.129     0.000    85.391    45.117     0.000    84.968    45.102     0.000
    84.549    45.072     0.000    84.261    45.040     0.000    83.975    44.998     0.000    83.692    44.951     0.000
    83.409    44.899     0.000    83.127    44.847     0.000    82.845    44.796     0.000    82.560    44.748     0.000
    82.199    44.696     0.000    81.834    44.650     0.000    81.470    44.608     0.000    81.107    44.565     0.000
    80.747    44.518     0.000    80.393    44.464     0.000    80.046    44.399     0.000    79.341    44.219     0.000
    78.671    43.988     0.000    78.026    43.714     0.000    77.396    43.409     0.000    76.771    43.080     0.000
    76.142    42.738     0.000    75.497    42.392     0.000    74.917    42.091     0.000    74.342    41.786     0.000
    73.794    41.472     0.000    73.296    41.142     0.000    72.870    40.791     0.000    72.540    40.413     0.000
    72.327    40.005     0.000    72.251    39.654     0.000    72.252    39.286     0.000    72.320    38.906     0.000
    72.446    38.519     0.000    72.618    38.132     0.000    72.828    37.749     0.000    73.066    37.376     0.000
    73.328    37.013     0.000    73.610    36.671     0.000    73.914    36.353     0.000    74.240    36.063     0.000
    74.590    35.805     0.000    74.965    35.584     0.000    75.367    35.404     0.000    75.575    35.332     0.000
    75.790    35.269     0.000    76.011    35.216     0.000    76.237    35.172     0.000    76.468    35.135     0.000
    76.704    35.106     0.000    76.943    35.084     0.000    77.247    35.064     0.000    77.551    35.058     0.000
    77.853    35.067     0.000    78.147    35.097     0.000    78.430    35.150     0.000    78.699    35.230     0.000
    78.948    35.341     0.000    79.152    35.468     0.000    79.344    35.613     0.000    79.528    35.770     0.000
    79.712    35.928     0.000    79.899    36.080     0.000    80.095    36.218     0.000    80.307    36.331     0.000
    80.460    36.391     0.000    80.621    36.437     0.000    80.789    36.473     0.000    80.964    36.499     0.000
    81.145    36.519     0.000    81.330    36.532     0.000    81.519    36.543     0.000    81.697    36.551     0.000
    81.874    36.563     0.000    82.047    36.581     0.000    82.213    36.610     0.000    82.367    36.654     0.000
    82.508    36.718     0.000    82.631    36.805     0.000    82.699    36.874     0.000    82.757    36.952     0.000
    82.806    37.036     0.000    82.843    37.122     0.000    82.868    37.208     0.000    82.880    37.292     0.000
    82.879    37.369     0.000    82.785    37.558     0.000    82.576    37.679     0.000    82.274    37.749     0.000
    81.905    37.783     0.000    81.493    37.795     0.000    81.061    37.802     0.000    80.635    37.819     0.000
    80.340    37.846     0.000    80.063    37.889     0.000    79.808    37.948     0.000    79.580    38.025     0.000
    79.381    38.120     0.000    79.215    38.236     0.000    79.087    38.372     0.000    78.989    38.554     0.000
    78.940    38.759     0.000    78.934    38.981     0.000    78.968    39.213     0.000    79.035    39.449     0.000
    79.131    39.682     0.000    79.251    39.906     0.000    79.409    40.143     0.000    79.590    40.362     0.000
    79.791    40.563     0.000    80.010    40.749     0.000    80.248    40.919     0.000    80.501    41.077     0.000
    80.768    41.223     0.000    80.915    41.296     0.000    81.065    41.366     0.000    81.219    41.432     0.000
    81.375    41.495     0.000    81.535    41.554     0.000    81.697    41.609     0.000    81.861    41.660     0.000
    82.027    41.707     0.000    82.196    41.749     0.000    82.366    41.789     0.000    82.537    41.825     0.000
    82.710    41.860     0.000    82.883    41.893     0.000    83.056    41.925     0.000    83.741    42.008     0.000
    84.413    42.105     0.000    85.067    42.229     0.000    85.700    42.394     0.000    85.700    42.394     0.000
    85.915    42.502     0.000    86.131    42.608     0.000    86.349    42.711     0.000    86.571    42.810     0.000
    86.796    42.905     0.000    87.025    42.993     0.000    87.260    43.073     0.000    87.526    43.153     0.000
    87.797    43.222     0.000    88.073    43.282     0.000    88.354    43.333     0.000    88.638    43.376     0.000
    88.923    43.411     0.000    89.211    43.439     0.000    89.498    43.461     0.000    89.786    43.476     0.000
    90.074    43.483     0.000    90.362    43.483     0.000    90.651    43.475     0.000    90.940    43.460     0.000
    91.230    43.435     0.000    91.452    43.411     0.000    91.674    43.384     0.000    91.895    43.357     0.000
    92.116    43.333     0.000    92.334    43.314     0.000    92.550    43.303     0.000    92.765    43.302     0.000
    92.968    43.313     0.000    93.169    43.336     0.000    93.370    43.371     0.000    93.571    43.416     0.000
    93.774    43.471     0.000    93.978    43.537     0.000    94.186    43.612     0.000    94.332    43.670     0.000
    94.476    43.732     0.000    94.611    43.799     0.000    94.733    43.870     0.000    94.837    43.945     0.000
    94.918    44.025     0.000    94.971    44.109     0.000    94.991    44.233     0.000    94.957    44.364     0.000
    94.878    44.499     0.000    94.765    44.638     0.000    94.628    44.778     0.000    94.477    44.918     0.000
    94.324    45.055     0.000    94.089    45.272     0.000    93.874    45.481     0.000    93.677    45.686     0.000
    93.496    45.888     0.000    93.330    46.091     0.000    93.175    46.298     0.000    93.031    46.510     0.000
    92.758    46.968     0.000    92.498    47.446     0.000    92.231    47.930     0.000    91.935    48.406     0.000
    91.589    48.858     0.000    91.170    49.270     0.000    90.658    49.627     0.000    90.507    49.710     0.000
    90.348    49.788     0.000    90.185    49.862     0.000    90.016    49.934     0.000    89.844    50.003     0.000
    89.669    50.071     0.000    89.493    50.138     0.000    89.256    50.188     0.000    89.018    50.237     0.000

0 1
    88.780    50.266     0.000
6 149
    83.371    26.782     0.000    83.684    26.623     0.000    83.996    26.467     0.000    84.307    26.319     0.000
    84.618    26.183     0.000    84.929    26.064     0.000    85.241    25.967     0.000    85.553    25.895     0.000
    85.920    25.847     0.000    86.293    25.833     0.000    86.673    25.846     0.000    87.064    25.878     0.000
    87.468    25.923     0.000    87.887    25.973     0.000    88.323    26.021     0.000    88.651    26.052     0.000
    88.978    26.088     0.000    89.294    26.138     0.000    89.586    26.211     0.000    89.846    26.317     0.000
    90.062    26.466     0.000    90.062    26.466     0.000    90.224    26.511     0.000    90.386    26.557     0.000
    90.548    26.607     0.000    90.708    26.660     0.000    90.868    26.720     0.000    91.026    26.788     0.000
    91.182    26.865     0.000    91.362    26.969     0.000    91.534    27.087     0.000    91.693    27.217     0.000
    91.834    27.360     0.000    91.951    27.512     0.000    92.040    27.675     0.000    92.095    27.845     0.000
    92.110    28.060     0.000    92.073    28.280     0.000    91.989    28.497     0.000    91.865    28.707     0.000
    91.706    28.903     0.000    91.517    29.079     0.000    91.306    29.227     0.000    91.042    29.360     0.000
    90.761    29.452     0.000    90.468    29.505     0.000    90.168    29.524     0.000    89.866    29.510     0.000
    89.566    29.468     0.000    89.275    29.399     0.000    89.070    29.336     0.000    88.871    29.265     0.000
    88.676    29.189     0.000    88.482    29.115     0.000    88.289    29.044     0.000    88.095    28.982     0.000
    87.899    28.932     0.000    87.653    28.892     0.000    87.403    28.873     0.000    87.148    28.872     0.000
    86.890    28.888     0.000    86.629    28.916     0.000    86.368    28.954     0.000    86.107    29.000     0.000
    85.831    29.054     0.000    85.559    29.116     0.000    85.293    29.187     0.000    85.034    29.269     0.000
    84.785    29.365     0.000    84.548    29.477     0.000    84.323    29.608     0.000    84.191    29.698     0.000
    84.062    29.795     0.000    83.937    29.896     0.000    83.812    30.000     0.000    83.687    30.104     0.000
    83.560    30.206     0.000    83.428    30.306     0.000    83.274    30.412     0.000    83.112    30.510     0.000
    82.944    30.600     0.000    82.770    30.681     0.000    82.589    30.751     0.000    82.403    30.809     0.000
    82.211    30.855     0.000    82.087    30.878     0.000    81.961    30.897     0.000    81.835    30.916     0.000
    81.711    30.936     0.000    81.589    30.959     0.000    81.470    30.987     0.000    81.355    31.024     0.000
    81.218    31.083     0.000    81.087    31.157     0.000    80.963    31.241     0.000    80.844    31.335     0.000
    80.730    31.436     0.000    80.618    31.541     0.000    80.508    31.648     0.000    80.411    31.743     0.000
    80.313    31.835     0.000    80.210    31.922     0.000    80.101    32.000     0.000    79.984    32.068     0.000
    79.855    32.123     0.000    79.713    32.162     0.000    79.588    32.180     0.000    79.457    32.185     0.000
    79.327    32.178     0.000    79.203    32.158     0.000    79.090    32.124     0.000    78.993    32.077     0.000
    78.919    32.017     0.000    78.865    31.935     0.000    78.837    31.839     0.000    78.827    31.733     0.000
    78.827    31.619     0.000    78.830    31.501     0.000    78.828    31.380     0.000    78.814    31.261     0.000
    78.771    31.113     0.000    78.707    30.972     0.000    78.632    30.837     0.000    78.558    30.707     0.000
    78.494    30.582     0.000    78.451    30.461     0.000    78.439    30.346     0.000    78.470    30.224     0.000
    78.542    30.106     0.000    78.647    29.992     0.000    78.776    29.880     0.000    78.923    29.769     0.000
    79.078    29.659     0.000    79.233    29.549     0.000    79.620    29.253     0.000    79.968    28.956     0.000
    80.292    28.666     0.000    80.604    28.388     0.000    80.917    28.128     0.000    81.244    27.890     0.000
    81.598    27.679     0.000    81.735    27.611     0.000    81.875    27.547     0.000    82.020    27.485     0.000
    82.167    27.426     0.000    82.316    27.368     0.000    82.467    27.311     0.000    82.618    27.255     0.000
    82.866    27.069     0.000
0 1
    83.371    26.782     0.000
2 101
    84.937    27.251     0.000    85.148    27.172     0.000    85.359    27.094     0.000    85.570    27.019     0.000
    85.782    26.949     0.000    85.994    26.886     0.000    86.207    26.831     0.000    86.422    26.787     0.000
    86.653    26.753     0.000    86.886    26.730     0.000    87.122    26.714     0.000    87.360    26.703     0.000
    87.601    26.693     0.000    87.844    26.682     0.000    88.090    26.667     0.000    88.295    26.650     0.000
    88.499    26.634     0.000    88.702    26.628     0.000    88.702    26.628     0.000    88.820    26.648     0.000
    88.938    26.670     0.000    89.053    26.696     0.000    89.164    26.726     0.000    89.271    26.764     0.000
    89.372    26.810     0.000    89.466    26.867     0.000    89.466    26.867     0.000    89.515    26.912     0.000
    89.562    26.957     0.000    89.608    27.003     0.000    89.651    27.050     0.000    89.690    27.099     0.000
    89.724    27.150     0.000    89.753    27.204     0.000    89.781    27.276     0.000    89.799    27.351     0.000
    89.807    27.430     0.000    89.805    27.509     0.000    89.795    27.588     0.000    89.776    27.667     0.000
    89.749    27.743     0.000    89.698    27.843     0.000    89.633    27.936     0.000    89.557    28.021     0.000
    89.470    28.099     0.000    89.375    28.169     0.000    89.272    28.231     0.000    89.164    28.284     0.000
    89.065    28.325     0.000    88.964    28.358     0.000    88.860    28.386     0.000    88.755    28.407     0.000
    88.648    28.424     0.000    88.540    28.435     0.000    88.433    28.441     0.000    88.271    28.443     0.000
    88.110    28.438     0.000    87.949    28.426     0.000    87.789    28.410     0.000    87.629    28.392     0.000
    87.469    28.374     0.000    87.310    28.357     0.000    87.155    28.343     0.000    87.000    28.332     0.000
    86.844    28.324     0.000    86.688    28.318     0.000    86.530    28.314     0.000    86.370    28.311     0.000
    86.208    28.309     0.000    86.085    28.309     0.000    85.961    28.312     0.000    85.838    28.319     0.000
    85.718    28.333     0.000    85.602    28.355     0.000    85.491    28.388     0.000    85.387    28.434     0.000
    85.312    28.478     0.000    85.241    28.528     0.000    85.170    28.580     0.000    85.098    28.631     0.000
    85.023    28.677     0.000    84.943    28.716     0.000    84.857    28.744     0.000    84.771    28.758     0.000
    84.681    28.761     0.000    84.591    28.754     0.000    84.503    28.738     0.000    84.420    28.712     0.000
    84.347    28.680     0.000    84.285    28.640     0.000    84.203    28.539     0.000    84.178    28.416     0.000
    84.199    28.274     0.000    84.257    28.119     0.000    84.343    27.952     0.000    84.447    27.778     0.000
    84.560    27.600     0.000    84.606    27.562     0.000    84.652    27.525     0.000    84.697    27.490     0.000
    84.743    27.455     0.000
2.5 1
    84.937    27.251     0.000
6 105
    96.464    33.517     0.000    96.883    33.621     0.000    97.304    33.722     0.000    97.726    33.820     0.000
    97.726    33.820     0.000    97.958    33.954     0.000    98.192    34.083     0.000    98.428    34.205     0.000
    98.667    34.314     0.000    98.909    34.407     0.000    99.154    34.480     0.000    99.404    34.530     0.000
    99.676    34.553     0.000    99.954    34.548     0.000   100.235    34.517     0.000   100.520    34.464     0.000
   100.807    34.392     0.000   101.098    34.304     0.000   101.391    34.202     0.000   101.493    34.165     0.000
   101.593    34.125     0.000   101.688    34.083     0.000   101.776    34.038     0.000   101.854    33.989     0.000
   101.920    33.936     0.000   101.972    33.878     0.000   102.025    33.759     0.000   102.033    33.626     0.000
   102.004    33.481     0.000   101.948    33.327     0.000   101.873    33.169     0.000   101.789    33.010     0.000
   101.705    32.853     0.000   101.645    32.736     0.000   101.588    32.624     0.000   101.530    32.516     0.000
   101.470    32.415     0.000   101.404    32.320     0.000   101.331    32.233     0.000   101.247    32.155     0.000
   101.131    32.073     0.000   101.000    32.004     0.000   100.856    31.945     0.000   100.702    31.895     0.000
   100.542    31.852     0.000   100.378    31.816     0.000   100.214    31.784     0.000    99.959    31.741     0.000
    99.708    31.706     0.000    99.460    31.678     0.000    99.214    31.660     0.000    98.967    31.650     0.000
    98.720    31.650     0.000    98.470    31.659     0.000    98.307    31.670     0.000    98.143    31.682     0.000
    97.980    31.694     0.000    97.817    31.703     0.000    97.657    31.708     0.000    97.499    31.705     0.000
    97.344    31.692     0.000    97.092    31.647     0.000    96.848    31.576     0.000    96.607    31.488     0.000
    96.364    31.392     0.000    96.113    31.295     0.000    95.849    31.206     0.000    95.568    31.132     0.000
    95.359    31.094     0.000    95.147    31.070     0.000    94.937    31.062     0.000    94.736    31.075     0.000
    94.552    31.111     0.000    94.392    31.173     0.000    94.262    31.264     0.000    94.169    31.385     0.000
    94.110    31.531     0.000    94.083    31.695     0.000    94.086    31.871     0.000    94.116    32.050     0.000
    94.170    32.227     0.000    94.246    32.393     0.000    94.407    32.625     0.000    94.407    32.625     0.000
    94.513    32.713     0.000    94.621    32.799     0.000    94.731    32.880     0.000    94.844    32.956     0.000
    94.962    33.023     0.000    95.086    33.080     0.000    95.215    33.126     0.000    95.307    33.149     0.000
    95.401    33.167     0.000    95.497    33.182     0.000    95.593    33.195     0.000    95.690    33.209     0.000
    95.787    33.224     0.000    95.882    33.243     0.000    95.960    33.263     0.000    96.037    33.285     0.000
    96.113    33.310     0.000    96.188    33.338     0.000    96.262    33.366     0.000    96.336    33.396     0.000
    96.410    33.426     0.000
0 1
    96.464    33.517     0.000
2 141
   111.521    32.420     0.000   111.587    32.410     0.000   111.652    32.399     0.000   111.716    32.386     0.000
   111.779    32.372     0.000   111.840    32.354     0.000   111.899    32.333     0.000   111.955    32.308     0.000
   112.013    32.275     0.000   112.068    32.238     0.000   112.122    32.198     0.000   112.176    32.157     0.000
   112.230    32.117     0.000   112.287    32.080     0.000   112.348    32.047     0.000   112.436    32.011     0.000
   112.529    31.982     0.000   112.625    31.957     0.000   112.720    31.932     0.000   112.810    31.903     0.000
   112.893    31.868     0.000   112.964    31.822     0.000   113.011    31.777     0.000   113.049    31.724     0.000
   113.081    31.666     0.000   113.106    31.603     0.000   113.126    31.537     0.000   113.141    31.469     0.000
   113.153    31.402     0.000   113.162    31.331     0.000   113.168    31.262     0.000   113.172    31.194     0.000
   113.171    31.127     0.000   113.167    31.060     0.000   113.160    30.995     0.000   113.148    30.929     0.000
   113.137    30.878     0.000   113.123    30.827     0.000   113.106    30.777     0.000   113.087    30.727     0.000
   113.065    30.677     0.000   113.040    30.628     0.000   113.013    30.579     0.000   112.953    30.487     0.000
   112.882    30.399     0.000   112.803    30.316     0.000   112.716    30.242     0.000   112.622    30.177     0.000
   112.522    30.123     0.000   112.417    30.082     0.000   112.306    30.054     0.000   112.191    30.039     0.000
   112.073    30.032     0.000   111.952    30.032     0.000   111.831    30.035     0.000   111.709    30.039     0.000
   111.587    30.041     0.000   111.322    30.028     0.000   111.062    29.995     0.000   110.806    29.944     0.000
   110.554    29.881     0.000   110.303    29.810     0.000   110.051    29.734     0.000   109.798    29.658     0.000
   109.625    29.608     0.000   109.451    29.563     0.000   109.276    29.523     0.000   109.100    29.492     0.000
   108.925    29.471     0.000   108.750    29.464     0.000   108.575    29.471     0.000   108.504    29.479     0.000
   108.434    29.489     0.000   108.363    29.501     0.000   108.292    29.515     0.000   108.221    29.530     0.000
   108.151    29.546     0.000   108.080    29.563     0.000   108.023    29.588     0.000   107.968    29.616     0.000
   107.917    29.649     0.000   107.826    29.726     0.000   107.751    29.814     0.000   107.690    29.913     0.000
   107.644    30.019     0.000   107.609    30.130     0.000   107.586    30.245     0.000   107.573    30.361     0.000
   107.568    30.468     0.000   107.571    30.573     0.000   107.581    30.677     0.000   107.599    30.780     0.000
   107.626    30.880     0.000   107.660    30.977     0.000   107.702    31.072     0.000   107.749    31.159     0.000
   107.803    31.244     0.000   107.862    31.327     0.000   107.862    31.327     0.000   107.899    31.379     0.000
   107.936    31.430     0.000   107.974    31.479     0.000   108.014    31.525     0.000   108.056    31.565     0.000
   108.101    31.600     0.000   108.150    31.629     0.000   108.257    31.663     0.000   108.377    31.673     0.000
   108.506    31.666     0.000   108.641    31.649     0.000   108.778    31.630     0.000   108.915    31.615     0.000
   109.049    31.613     0.000   109.168    31.626     0.000   109.282    31.652     0.000   109.393    31.688     0.000
   109.501    31.731     0.000   109.609    31.777     0.000   109.717    31.824     0.000   109.826    31.869     0.000
   109.955    31.914     0.000   110.086    31.956     0.000   110.216    31.997     0.000   110.344    32.042     0.000
   110.468    32.094     0.000   110.586    32.158     0.000   110.697    32.237     0.000   110.746    32.280     0.000
   110.795    32.324     0.000   110.843    32.368     0.000   110.892    32.409     0.000   110.942    32.444     0.000
   110.994    32.470     0.000   111.050    32.486     0.000   111.091    32.489     0.000   111.134    32.486     0.000
   111.178    32.479     0.000   111.224    32.468     0.000   111.270    32.455     0.000   111.317    32.439     0.000
   111.364    32.422     0.000
10 2
   111.521    32.420     0.000   113.126    31.537     0.000
2 291
   109.764    37.405     0.000   109.912    37.388     0.000   110.060    37.370     0.000   110.060    37.370     0.000
   110.185    37.336     0.000   110.309    37.301     0.000   110.432    37.264     0.000   110.554    37.226     0.000
   110.675    37.185     0.000   110.793    37.141     0.000   110.910    37.093     0.000   110.976    37.064     0.000
   111.041    37.034     0.000   111.107    37.003     0.000   111.173    36.973     0.000   111.239    36.945     0.000
   111.306    36.917     0.000   111.375    36.892     0.000   111.513    36.851     0.000   111.655    36.817     0.000
   111.799    36.787     0.000   111.942    36.757     0.000   112.083    36.724     0.000   112.219    36.684     0.000
   112.348    36.634     0.000   112.423    36.596     0.000   112.495    36.554     0.000   112.565    36.508     0.000
   112.632    36.459     0.000   112.698    36.407     0.000   112.763    36.353     0.000   112.827    36.298     0.000
   112.880    36.253     0.000   112.932    36.206     0.000   112.981    36.159     0.000   113.027    36.111     0.000
   113.069    36.062     0.000   113.106    36.011     0.000   113.135    35.959     0.000   113.174    35.842     0.000
   113.187    35.719     0.000   113.183    35.592     0.000   113.170    35.461     0.000   113.157    35.329     0.000
   113.153    35.197     0.000   113.166    35.066     0.000   113.206    34.930     0.000   113.272    34.800     0.000
   113.361    34.678     0.000   113.469    34.566     0.000   113.593    34.467     0.000   113.730    34.383     0.000
   113.877    34.315     0.000   113.984    34.278     0.000   114.094    34.248     0.000   114.205    34.223     0.000
   114.317    34.200     0.000   114.428    34.178     0.000   114.539    34.153     0.000   114.647    34.124     0.000
   114.791    34.074     0.000   114.930    34.015     0.000   115.067    33.951     0.000   115.203    33.884     0.000
   115.339    33.819     0.000   115.477    33.758     0.000   115.618    33.706     0.000   115.752    33.667     0.000
   115.889    33.635     0.000   116.029    33.609     0.000   116.169    33.586     0.000   116.311    33.563     0.000
   116.451    33.538     0.000   116.591    33.509     0.000   116.830    33.445     0.000   117.063    33.367     0.000
   117.292    33.281     0.000   117.519    33.191     0.000   117.746    33.104     0.000   117.976    33.024     0.000
   118.209    32.957     0.000   118.366    32.923     0.000   118.525    32.893     0.000   118.685    32.868     0.000
   118.846    32.843     0.000   119.007    32.818     0.000   119.167    32.790     0.000   119.325    32.757     0.000
   119.460    32.723     0.000   119.591    32.682     0.000   119.720    32.636     0.000   119.844    32.581     0.000
   119.964    32.519     0.000   120.079    32.448     0.000   120.187    32.368     0.000   120.268    32.298     0.000
   120.343    32.222     0.000   120.410    32.141     0.000   120.466    32.056     0.000   120.510    31.969     0.000
   120.540    31.880     0.000   120.555    31.790     0.000   120.552    31.700     0.000   120.535    31.610     0.000
   120.506    31.520     0.000   120.468    31.430     0.000   120.424    31.341     0.000   120.377    31.254     0.000
   120.329    31.167     0.000   120.280    31.076     0.000   120.233    30.986     0.000   120.187    30.897     0.000
   120.143    30.807     0.000   120.099    30.717     0.000   120.055    30.626     0.000   120.011    30.533     0.000
   119.936    30.374     0.000   119.856    30.213     0.000   119.768    30.057     0.000   119.670    29.910     0.000
   119.560    29.776     0.000   119.434    29.662     0.000   119.290    29.572     0.000   119.188    29.529     0.000
   119.079    29.496     0.000   118.964    29.471     0.000   118.845    29.452     0.000   118.723    29.436     0.000
   118.600    29.422     0.000   118.477    29.408     0.000   118.270    29.380     0.000   118.068    29.347     0.000
   117.868    29.310     0.000   117.672    29.270     0.000   117.476    29.228     0.000   117.282    29.186     0.000
   117.088    29.144     0.000   116.852    29.096     0.000   116.615    29.048     0.000   116.378    29.000     0.000
   116.141    28.951     0.000   115.903    28.899     0.000   115.665    28.843     0.000   115.429    28.782     0.000
   115.247    28.730     0.000   115.068    28.674     0.000   114.891    28.612     0.000   114.719    28.543     0.000
   114.553    28.467     0.000   114.394    28.383     0.000   114.244    28.289     0.000   114.026    28.123     0.000
   113.830    27.935     0.000   113.652    27.730     0.000   113.491    27.511     0.000   113.345    27.280     0.000
   113.209    27.043     0.000   113.082    26.802     0.000   112.997    26.632     0.000   112.912    26.464     0.000
   112.825    26.298     0.000   112.734    26.137     0.000   112.635    25.982     0.000   112.527    25.834     0.000
   112.407    25.696     0.000   112.222    25.524     0.000   112.015    25.371     0.000   111.789    25.235     0.000
   111.547    25.118     0.000   111.294    25.017     0.000   111.034    24.932     0.000   110.769    24.863     0.000
   110.488    24.806     0.000   110.206    24.766     0.000   109.923    24.741     0.000   109.641    24.731     0.000
   109.358    24.735     0.000   109.075    24.751     0.000   108.791    24.779     0.000   108.606    24.804     0.000
   108.421    24.835     0.000   108.238    24.871     0.000   108.058    24.915     0.000   107.881    24.967     0.000
   107.708    25.027     0.000   107.541    25.097     0.000   107.356    25.190     0.000   107.178    25.294     0.000
   107.006    25.408     0.000   106.837    25.529     0.000   106.672    25.656     0.000   106.509    25.787     0.000
   106.346    25.920     0.000   105.990    26.221     0.000   105.648    26.535     0.000   105.317    26.859     0.000
   104.993    27.192     0.000   104.672    27.532     0.000   104.352    27.876     0.000   104.213    28.027     0.000
   104.075    28.180     0.000   103.942    28.335     0.000   103.816    28.494     0.000   103.701    28.658     0.000
   103.598    28.828     0.000   103.510    29.005     0.000   103.510    29.005     0.000   103.470    29.095     0.000
   103.431    29.185     0.000   103.394    29.276     0.000   103.362    29.367     0.000   103.334    29.459     0.000
   103.313    29.551     0.000   103.299    29.644     0.000   103.294    29.772     0.000   103.304    29.901     0.000
   103.328    30.029     0.000   103.365    30.157     0.000   103.413    30.283     0.000   103.471    30.406     0.000
   103.538    30.524     0.000   103.651    30.694     0.000   103.778    30.855     0.000   103.914    31.010     0.000
   104.058    31.160     0.000   104.206    31.308     0.000   104.354    31.456     0.000   104.501    31.607     0.000
   104.636    31.757     0.000   104.765    31.911     0.000   104.887    32.069     0.000   105.001    32.231     0.000
   105.105    32.398     0.000   105.198    32.568     0.000   105.280    32.741     0.000   105.322    32.845     0.000
   105.363    32.950     0.000   105.405    33.054     0.000   105.450    33.158     0.000   105.502    33.260     0.000
   105.564    33.360     0.000   105.638    33.458     0.000   105.717    33.544     0.000   105.801    33.627     0.000
   105.886    33.710     0.000   105.965    33.792     0.000   106.031    33.875     0.000   106.079    33.959     0.000
   106.102    34.045     0.000   106.095    34.138     0.000   106.062    34.233     0.000   106.013    34.331     0.000
   105.954    34.431     0.000   105.894    34.532     0.000   105.843    34.633     0.000   105.807    34.735     0.000
   105.798    34.896     0.000   105.843    35.055     0.000   105.933    35.208     0.000   106.059    35.354     0.000
   106.212    35.490     0.000   106.383    35.614     0.000   106.562    35.724     0.000   106.653    35.773     0.000
   106.743    35.820     0.000   106.832    35.864     0.000   106.919    35.909     0.000   107.004    35.953     0.000
   107.086    36.000     0.000   107.164    36.050     0.000   107.289    36.144     0.000   107.406    36.246     0.000
   107.518    36.355     0.000   107.629    36.467     0.000   107.741    36.579     0.000   107.857    36.688     0.000
   107.982    36.791     0.000   108.079    36.861     0.000   108.181    36.925     0.000   108.287    36.984     0.000
   108.398    37.039     0.000   108.513    37.088     0.000   108.630    37.133     0.000   108.750    37.172     0.000
   108.875    37.208     0.000   109.001    37.239     0.000   109.129    37.266     0.000   109.259    37.290     0.000
   109.389    37.312     0.000   109.520    37.333     0.000   109.651    37.352     0.000
2.5 1
   109.764    37.405     0.000
2 398
   112.558    34.542     0.000   112.558    34.542     0.000   112.623    34.531     0.000   112.688    34.519     0.000
   112.751    34.506     0.000   112.813    34.491     0.000   112.872    34.473     0.000   112.929    34.451     0.000
   112.982    34.425     0.000   113.054    34.378     0.000   113.119    34.322     0.000   113.180    34.262     0.000
   113.240    34.198     0.000   113.300    34.136     0.000   113.362    34.076     0.000   113.430    34.022     0.000
   113.504    33.976     0.000   113.585    33.938     0.000   113.671    33.906     0.000   113.761    33.880     0.000
   113.854    33.859     0.000   113.950    33.841     0.000   114.045    33.826     0.000   114.184    33.807     0.000
   114.322    33.789     0.000   114.459    33.770     0.000   114.593    33.750     0.000   114.725    33.725     0.000
   114.854    33.694     0.000   114.980    33.655     0.000   115.059    33.626     0.000   115.136    33.593     0.000
   115.212    33.558     0.000   115.286    33.520     0.000   115.360    33.480     0.000   115.432    33.438     0.000
   115.503    33.395     0.000   115.587    33.344     0.000   115.670    33.292     0.000   115.753    33.240     0.000
   115.837    33.189     0.000   115.921    33.140     0.000   116.006    33.092     0.000   116.094    33.046     0.000
   116.163    33.013     0.000   116.233    32.982     0.000   116.304    32.952     0.000   116.376    32.925     0.000
   116.449    32.900     0.000   116.523    32.877     0.000   116.598    32.856     0.000   116.738    32.824     0.000
   116.881    32.798     0.000   117.025    32.779     0.000   117.171    32.763     0.000   117.318    32.748     0.000
   117.466    32.735     0.000   117.616    32.720     0.000   117.732    32.706     0.000   117.847    32.690     0.000
   117.961    32.670     0.000   118.072    32.644     0.000   118.179    32.613     0.000   118.281    32.575     0.000
   118.377    32.528     0.000   118.437    32.494     0.000   118.494    32.456     0.000   118.550    32.417     0.000
   118.607    32.377     0.000   118.666    32.338     0.000   118.727    32.301     0.000   118.793    32.267     0.000
   118.840    32.245     0.000   118.889    32.225     0.000   118.936    32.204     0.000   118.982    32.182     0.000
   119.023    32.157     0.000   119.058    32.129     0.000   119.086    32.097     0.000   119.101    32.069     0.000
   119.112    32.039     0.000   119.118    32.007     0.000   119.120    31.974     0.000   119.119    31.940     0.000
   119.115    31.905     0.000   119.108    31.871     0.000   119.082    31.791     0.000   119.047    31.716     0.000
   119.005    31.644     0.000   118.960    31.573     0.000   118.917    31.502     0.000   118.879    31.430     0.000
   118.849    31.353     0.000   118.838    31.312     0.000   118.830    31.270     0.000   118.826    31.227     0.000
   118.826    31.185     0.000   118.831    31.143     0.000   118.840    31.102     0.000   118.854    31.063     0.000
   118.882    31.011     0.000   118.918    30.963     0.000   118.957    30.915     0.000   118.998    30.869     0.000
   119.038    30.821     0.000   119.074    30.772     0.000   119.102    30.720     0.000   119.121    30.664     0.000
   119.131    30.604     0.000   119.131    30.544     0.000   119.124    30.484     0.000   119.109    30.425     0.000
   119.086    30.368     0.000   119.058    30.317     0.000   118.959    30.209     0.000   118.828    30.133     0.000
   118.671    30.083     0.000   118.496    30.053     0.000   118.307    30.039     0.000   118.112    30.036     0.000
   117.917    30.038     0.000   117.629    30.042     0.000   117.354    30.051     0.000   117.091    30.069     0.000
   116.840    30.099     0.000   116.597    30.148     0.000   116.363    30.218     0.000   116.136    30.314     0.000
   116.054    30.356     0.000   115.972    30.400     0.000   115.889    30.443     0.000   115.805    30.483     0.000
   115.718    30.517     0.000   115.628    30.543     0.000   115.535    30.559     0.000   115.451    30.562     0.000
   115.366    30.556     0.000   115.282    30.541     0.000   115.200    30.518     0.000   115.124    30.485     0.000
   115.055    30.445     0.000   114.994    30.398     0.000   114.931    30.326     0.000   114.882    30.245     0.000
   114.841    30.158     0.000   114.804    30.070     0.000   114.766    29.983     0.000   114.722    29.900     0.000
   114.667    29.826     0.000   114.597    29.762     0.000   114.516    29.706     0.000   114.428    29.656     0.000
   114.336    29.608     0.000   114.245    29.560     0.000   114.158    29.508     0.000   114.080    29.450     0.000
   114.006    29.375     0.000   113.945    29.291     0.000   113.891    29.202     0.000   113.842    29.109     0.000
   113.792    29.015     0.000   113.739    28.924     0.000   113.678    28.837     0.000   113.619    28.768     0.000
   113.555    28.704     0.000   113.488    28.641     0.000   113.421    28.579     0.000   113.357    28.515     0.000
   113.299    28.449     0.000   113.250    28.378     0.000   113.218    28.316     0.000   113.192    28.251     0.000
   113.169    28.185     0.000   113.149    28.117     0.000   113.129    28.049     0.000   113.107    27.982     0.000
   113.081    27.917     0.000   113.014    27.792     0.000   112.928    27.678     0.000   112.826    27.572     0.000
   112.711    27.473     0.000   112.587    27.378     0.000   112.457    27.287     0.000   112.324    27.197     0.000
   112.229    27.012     0.000   112.171    26.818     0.000   112.136    26.613     0.000   112.113    26.403     0.000
   112.089    26.194     0.000   112.051    25.991     0.000   111.987    25.800     0.000   111.885    25.626     0.000
   111.828    25.559     0.000   111.763    25.497     0.000   111.692    25.440     0.000   111.615    25.388     0.000
   111.534    25.341     0.000   111.449    25.302     0.000   111.362    25.268     0.000   111.208    25.227     0.000
   111.050    25.203     0.000   110.889    25.193     0.000   110.726    25.191     0.000   110.562    25.195     0.000
   110.397    25.199     0.000   110.232    25.200     0.000   110.035    25.192     0.000   109.840    25.178     0.000
   109.645    25.162     0.000   109.452    25.147     0.000   109.259    25.139     0.000   109.067    25.141     0.000
   108.876    25.157     0.000   108.790    25.170     0.000   108.706    25.186     0.000   108.621    25.207     0.000
   108.538    25.230     0.000   108.456    25.257     0.000   108.375    25.287     0.000   108.296    25.320     0.000
   108.163    25.385     0.000   108.034    25.457     0.000   107.908    25.533     0.000   107.783    25.613     0.000
   107.658    25.693     0.000   107.531    25.771     0.000   107.400    25.845     0.000   107.208    25.940     0.000
   107.011    26.028     0.000   106.812    26.113     0.000   106.616    26.200     0.000   106.429    26.295     0.000
   106.254    26.402     0.000   106.096    26.527     0.000   105.984    26.642     0.000   105.882    26.767     0.000
   105.786    26.899     0.000   105.692    27.034     0.000   105.595    27.167     0.000   105.493    27.295     0.000
   105.379    27.414     0.000   105.292    27.490     0.000   105.200    27.561     0.000   105.103    27.628     0.000
   105.004    27.694     0.000   104.904    27.759     0.000   104.805    27.825     0.000   104.708    27.894     0.000
   104.591    27.987     0.000   104.480    28.085     0.000   104.375    28.190     0.000   104.278    28.299     0.000
   104.189    28.414     0.000   104.108    28.533     0.000   104.036    28.657     0.000   103.998    28.731     0.000
   103.964    28.806     0.000   103.932    28.883     0.000   103.905    28.961     0.000   103.882    29.040     0.000
   103.863    29.120     0.000   103.848    29.201     0.000   103.837    29.291     0.000   103.831    29.381     0.000
   103.832    29.470     0.000   103.840    29.560     0.000   103.856    29.647     0.000   103.879    29.733     0.000
   103.911    29.816     0.000   103.963    29.915     0.000   104.026    30.009     0.000   104.096    30.101     0.000
   104.169    30.192     0.000   104.242    30.283     0.000   104.311    30.376     0.000   104.373    30.472     0.000
   104.446    30.618     0.000   104.502    30.771     0.000   104.550    30.928     0.000   104.597    31.085     0.000
   104.648    31.239     0.000   104.713    31.386     0.000   104.797    31.524     0.000   104.865    31.608     0.000
   104.942    31.687     0.000   105.025    31.764     0.000   105.110    31.840     0.000   105.196    31.915     0.000
   105.279    31.992     0.000   105.356    32.073     0.000   105.433    32.167     0.000   105.502    32.265     0.000
   105.565    32.367     0.000   105.625    32.471     0.000   105.684    32.576     0.000   105.745    32.681     0.000
   105.809    32.785     0.000   105.861    32.859     0.000   105.916    32.932     0.000   105.974    33.002     0.000
   106.037    33.070     0.000   106.104    33.134     0.000   106.175    33.194     0.000   106.250    33.250     0.000
   106.369    33.324     0.000   106.496    33.389     0.000   106.629    33.449     0.000   106.764    33.505     0.000
   106.901    33.562     0.000   107.037    33.620     0.000   107.171    33.684     0.000   107.249    33.725     0.000
   107.326    33.768     0.000   107.403    33.810     0.000   107.480    33.852     0.000   107.559    33.890     0.000
   107.639    33.924     0.000   107.723    33.952     0.000   107.797    33.970     0.000   107.873    33.983     0.000
   107.950    33.991     0.000   108.029    33.994     0.000   108.109    33.991     0.000   108.189    33.983     0.000
   108.268    33.971     0.000   108.397    33.940     0.000   108.524    33.901     0.000   108.649    33.860     0.000
   108.772    33.822     0.000   108.893    33.794     0.000   109.012    33.781     0.000   109.130    33.788     0.000
   109.182    33.800     0.000   109.234    33.816     0.000   109.286    33.835     0.000   109.338    33.856     0.000
   109.390    33.879     0.000   109.442    33.902     0.000   109.494    33.925     0.000   109.557    33.950     0.000
   109.620    33.975     0.000   109.682    33.998     0.000   109.743    34.023     0.000   109.802    34.050     0.000
   109.860    34.079     0.000   109.914    34.113     0.000   109.954    34.142     0.000   109.993    34.173     0.000
   110.032    34.204     0.000   110.070    34.235     0.000   110.109    34.265     0.000   110.150    34.291     0.000
   110.193    34.314     0.000   110.296    34.348     0.000   110.410    34.363     0.000   110.410    34.363     0.000
   110.490    34.357     0.000   110.570    34.352     0.000   110.649    34.350     0.000   110.726    34.352     0.000
   110.802    34.358     0.000   110.875    34.371     0.000   110.945    34.392     0.000   110.988    34.410     0.000
   111.030    34.431     0.000   111.069    34.455     0.000   111.106    34.483     0.000   111.141    34.514     0.000
   111.172    34.547     0.000   111.200    34.583     0.000   111.236    34.641     0.000   111.266    34.702     0.000
   111.294    34.763     0.000   111.322    34.822     0.000   111.353    34.876     0.000   111.389    34.924     0.000
   111.434    34.961     0.000   111.496    34.989     0.000   111.569    35.004     0.000   111.651    35.008     0.000
   111.738    35.002     0.000   111.828    34.990     0.000   111.918    34.972     0.000   112.006    34.951     0.000
   112.049    34.940     0.000   112.090    34.928     0.000   112.130    34.915     0.000   112.167    34.901     0.000
   112.203    34.885     0.000   112.236    34.868     0.000   112.266    34.848     0.000   112.303    34.818     0.000
   112.336    34.783     0.000   112.365    34.745     0.000   112.391    34.705     0.000   112.415    34.662     0.000
   112.438    34.619     0.000   112.460    34.574     0.000
5 1
   112.558    34.542     0.000
2 77
   114.678    32.271     0.000   114.710    32.264     0.000   114.743    32.257     0.000   114.775    32.249     0.000
   114.807    32.242     0.000   114.838    32.233     0.000   114.870    32.225     0.000   114.901    32.216     0.000
   114.956    32.198     0.000   115.009    32.178     0.000   115.062    32.157     0.000   115.114    32.134     0.000
   115.165    32.111     0.000   115.217    32.087     0.000   115.268    32.063     0.000   115.352    32.041     0.000
   115.435    32.018     0.000   115.519    31.996     0.000   115.602    31.974     0.000   115.685    31.951     0.000
   115.768    31.929     0.000   115.840    31.909     0.000   115.911    31.888     0.000   115.982    31.866     0.000
   116.052    31.842     0.000   116.122    31.815     0.000   116.190    31.784     0.000   116.256    31.749     0.000
   116.318    31.711     0.000   116.376    31.669     0.000   116.429    31.623     0.000   116.475    31.573     0.000
   116.512    31.519     0.000   116.539    31.462     0.000   116.553    31.402     0.000   116.554    31.351     0.000
   116.547    31.299     0.000   116.531    31.247     0.000   116.507    31.198     0.000   116.477    31.151     0.000
   116.442    31.109     0.000   116.401    31.072     0.000   116.301    31.016     0.000   116.186    30.985     0.000
   116.060    30.978     0.000   115.927    30.988     0.000   115.791    31.012     0.000   115.656    31.045     0.000
   115.525    31.084     0.000   115.302    31.162     0.000   115.102    31.247     0.000   114.916    31.340     0.000
   114.733    31.443     0.000   114.544    31.556     0.000   114.340    31.683     0.000   114.109    31.823     0.000
   114.027    31.873     0.000   113.945    31.924     0.000   113.869    31.974     0.000   113.805    32.025     0.000
   113.757    32.074     0.000   113.730    32.121     0.000   113.729    32.165     0.000   113.753    32.202     0.000
   113.797    32.236     0.000   113.858    32.266     0.000   113.930    32.292     0.000   114.010    32.313     0.000
   114.093    32.329     0.000   114.176    32.340     0.000   114.236    32.344     0.000   114.295    32.345     0.000
   114.350    32.344     0.000   114.404    32.340     0.000   114.457    32.335     0.000   114.508    32.329     0.000
   114.559    32.322     0.000
10 1
   114.678    32.271     0.000
2 57
   107.971    34.625     0.000   107.989    34.623     0.000   108.006    34.621     0.000   108.023    34.619     0.000
   108.038    34.615     0.000   108.052    34.610     0.000   108.065    34.603     0.000   108.076    34.594     0.000
   108.087    34.577     0.000   108.094    34.556     0.000   108.096    34.534     0.000   108.093    34.512     0.000
   108.085    34.491     0.000   108.073    34.473     0.000   108.057    34.459     0.000   108.046    34.454     0.000
   108.034    34.451     0.000   108.022    34.449     0.000   108.008    34.448     0.000   107.995    34.448     0.000
   107.981    34.449     0.000   107.967    34.450     0.000   107.921    34.455     0.000   107.877    34.460     0.000
   107.834    34.466     0.000   107.791    34.471     0.000   107.746    34.474     0.000   107.699    34.475     0.000
   107.646    34.472     0.000   107.609    34.469     0.000   107.571    34.465     0.000   107.534    34.462     0.000
   107.500    34.460     0.000   107.471    34.463     0.000   107.448    34.469     0.000   107.434    34.482     0.000
   107.430    34.496     0.000   107.431    34.514     0.000   107.437    34.534     0.000   107.448    34.555     0.000
   107.462    34.575     0.000   107.478    34.594     0.000   107.497    34.610     0.000   107.531    34.630     0.000
   107.569    34.641     0.000   107.609    34.645     0.000   107.650    34.644     0.000   107.692    34.640     0.000
   107.735    34.634     0.000   107.776    34.629     0.000   107.798    34.626     0.000   107.820    34.625     0.000
   107.842    34.623     0.000   107.863    34.622     0.000   107.884    34.622     0.000   107.905    34.621     0.000
   107.926    34.621     0.000
5 1
   107.971    34.625     0.000
2 57
   111.277    35.989     0.000   111.325    35.991     0.000   111.373    35.992     0.000   111.419    35.991     0.000
   111.464    35.987     0.000   111.506    35.979     0.000   111.545    35.966     0.000   111.581    35.947     0.000
   111.608    35.926     0.000   111.632    35.901     0.000   111.651    35.872     0.000   111.665    35.841     0.000
   111.673    35.809     0.000   111.674    35.776     0.000   111.668    35.743     0.000   111.660    35.723     0.000
   111.648    35.704     0.000   111.635    35.685     0.000   111.619    35.669     0.000   111.602    35.654     0.000
   111.583    35.642     0.000   111.564    35.633     0.000   111.515    35.622     0.000   111.464    35.625     0.000
   111.410    35.637     0.000   111.353    35.656     0.000   111.293    35.676     0.000   111.229    35.694     0.000
   111.161    35.706     0.000   111.105    35.708     0.000   111.048    35.707     0.000   110.992    35.704     0.000
   110.941    35.701     0.000   110.895    35.702     0.000   110.858    35.709     0.000   110.831    35.724     0.000
   110.817    35.745     0.000   110.811    35.773     0.000   110.812    35.805     0.000   110.819    35.842     0.000
   110.830    35.880     0.000   110.845    35.919     0.000   110.862    35.956     0.000   110.870    35.974     0.000
   110.880    35.990     0.000   110.890    36.006     0.000   110.900    36.020     0.000   110.911    36.033     0.000
   110.924    36.044     0.000   110.937    36.053     0.000   110.969    36.065     0.000   111.006    36.067     0.000
   111.046    36.062     0.000   111.090    36.051     0.000   111.136    36.036     0.000   111.183    36.017     0.000
   111.231    35.997     0.000
5 1
   111.277    35.989     0.000
2 57
   113.174    32.891     0.000   113.240    32.865     0.000   113.303    32.838     0.000   113.359    32.810     0.000
   113.407    32.782     0.000   113.442    32.752     0.000   113.462    32.721     0.000   113.463    32.688     0.000
   113.454    32.666     0.000   113.438    32.644     0.000   113.415    32.623     0.000   113.388    32.603     0.000
   113.357    32.584     0.000   113.324    32.567     0.000   113.290    32.553     0.000   113.240    32.538     0.000
   113.190    32.529     0.000   113.140    32.525     0.000   113.091    32.525     0.000   113.042    32.527     0.000
   112.994    32.530     0.000   112.947    32.534     0.000   112.883    32.539     0.000   112.820    32.544     0.000
   112.756    32.549     0.000   112.691    32.555     0.000   112.624    32.564     0.000   112.552    32.576     0.000
   112.476    32.593     0.000   112.412    32.609     0.000   112.348    32.629     0.000   112.288    32.652     0.000
   112.235    32.677     0.000   112.193    32.704     0.000   112.166    32.733     0.000   112.157    32.764     0.000
   112.166    32.792     0.000   112.190    32.820     0.000   112.225    32.847     0.000   112.269    32.873     0.000
   112.319    32.895     0.000   112.373    32.914     0.000   112.427    32.928     0.000   112.494    32.938     0.000
   112.558    32.941     0.000   112.620    32.938     0.000   112.680    32.930     0.000   112.739    32.921     0.000
   112.798    32.910     0.000   112.857    32.901     0.000   112.892    32.897     0.000   112.927    32.894     0.000
   112.962    32.892     0.000   112.997    32.890     0.000   113.032    32.888     0.000   113.068    32.887     0.000
   113.103    32.886     0.000
10 1
   113.174    32.891     0.000
2 57
   110.805    33.610     0.000   110.860    33.610     0.000   110.915    33.609     0.000   110.967    33.605     0.000
   111.016    33.597     0.000   111.061    33.585     0.000   111.100    33.566     0.000   111.133    33.540     0.000
   111.157    33.508     0.000   111.175    33.470     0.000   111.186    33.429     0.000   111.189    33.386     0.000
   111.185    33.344     0.000   111.174    33.306     0.000   111.155    33.272     0.000   111.114    33.234     0.000
   111.059    33.210     0.000   110.994    33.196     0.000   110.922    33.191     0.000   110.846    33.191     0.000
   110.769    33.196     0.000   110.694    33.202     0.000   110.638    33.206     0.000   110.584    33.211     0.000
   110.533    33.217     0.000   110.483    33.224     0.000   110.433    33.234     0.000   110.383    33.247     0.000
   110.332    33.263     0.000   110.292    33.279     0.000   110.253    33.297     0.000   110.216    33.317     0.000
   110.184    33.341     0.000   110.157    33.367     0.000   110.138    33.396     0.000   110.128    33.427     0.000
   110.128    33.454     0.000   110.133    33.481     0.000   110.144    33.507     0.000   110.159    33.533     0.000
   110.178    33.556     0.000   110.201    33.575     0.000   110.226    33.591     0.000   110.256    33.602     0.000
   110.287    33.608     0.000   110.320    33.610     0.000   110.354    33.609     0.000   110.388    33.606     0.000
   110.423    33.602     0.000   110.458    33.598     0.000   110.500    33.593     0.000   110.541    33.590     0.000
   110.582    33.587     0.000   110.623    33.585     0.000   110.663    33.583     0.000   110.703    33.582     0.000
   110.742    33.581     0.000
10 1
   110.805    33.610     0.000
STATION_SITUATION
51076 0
51087 0
51186 0
51288 0
51328 0
51329 0
51334 0
51346 0
51352 0
51353 0
51356 0
51357 0
51358 0
51359 0
51365 0
51367 0
51368 0
51369 0
51377 0
51378 0
51379 0
51430 0
51431 0
51433 0
51434 0
51435 0
51436 0
51437 0
51438 0
51463 0
51465 0
51467 0
51468 0
51469 0
51470 0
51477 0
51482 0
51495 0
51542 0
51627 0
51628 0
51629 0
51633 0
51701 0
51704 0
51705 0
51707 0
51708 0
51709 0
51711 0
51716 0
51717 0
51720 0
51802 0
51804 0
51810 0
51811 0
51814 0
51815 0
51818 0
51826 0
51827 0
51828 0
51829 0
51839 0
51931 0
52101 0
52607 0
52797 0
52887 0
52889 0
52895 0
52896 0
52983 0
52993 0
52995 0
52996 0
53512 0
53517 0
53518 0
53519 0
53529 0
53547 0
53567 2
53610 0
53610 0
53611 0
53612 0
53614 0
53615 0
53617 0
53618 0
53644 0
53646 0
53658 0
53659 0
53664 0
53665 0
53669 0
53677 0
53679 0
53704 0
53705 0
53723 0
53725 0
53727 0
53730 0
53732 0
53735 0
53738 2
53740 0
53748 2
53750 0
53751 0
53753 0
53754 0
53756 0
53757 2
53759 2
53760 0
53763 0
53764 0
53767 0
53768 0
53769 0
53770 0
53771 0
53772 0
53774 0
53775 0
53776 0
53777 0
53778 0
53787 0
53806 0
53810 0
53817 0
53821 0
53829 2
53832 2
53841 2
53845 2
53848 2
53850 2
53852 2
53853 2
53854 2
53856 2
53857 2
53859 2
53860 0
53861 5
53862 0
53863 0
53864 2
53865 2
53866 2
53868 2
53869 2
53871 0
53872 0
53873 2
53874 2
53875 2
53877 2
53878 0
53879 0
53880 0
53881 0
53882 2
53884 0
53885 0
53888 0
53889 0
53903 0
53906 0
53908 0
53910 0
53914 0
53915 2
53916 0
53917 0
53923 2
53924 2
53925 2
53926 2
53927 2
53928 2
53929 2
53930 2
53931 2
53934 2
53935 2
53937 2
53938 2
53941 2
53942 2
53944 2
53945 2
53946 2
53947 2
53948 2
53949 2
53950 2
53953 2
53954 2
53955 2
53956 2
53957 2
53958 2
53959 2
53961 5
53962 2
53963 2
53964 2
53965 2
53966 2
53967 2
53968 2
53970 2
53972 2
53973 2
53974 0
53975 2
53976 2
53978 2
53979 2
53981 0
53982 0
53983 0
53984 0
53985 0
53986 0
53987 0
53988 0
53989 0
53990 0
53994 0
53995 0
53997 0
53998 0
54707 0
55437 0
55578 0
55585 0
55589 0
55655 2
55664 0
55680 0
55681 0
55690 0
55773 2
56018 0
56029 0
56038 0
56041 0
56045 0
56046 0
56067 0
56092 0
56116 0
56125 0
56144 0
56151 0
56152 0
56164 0
56171 0
56181 2
56186 0
56187 2
56188 0
56189 2
56190 0
56193 0
56194 0
56195 0
56196 2
56197 2
56198 2
56199 5
56272 2
56273 0
56276 2
56278 0
56279 0
56280 0
56281 2
56284 0
56285 0
56286 2
56287 0
56288 2
56289 0
56290 2
56291 2
56294 2
56295 5
56296 2
56297 5
56298 5
56373 0
56380 2
56381 2
56382 2
56383 2
56384 2
56385 2
56386 2
56387 0
56389 5
56390 5
56391 2
56393 5
56394 5
56395 5
56396 5
56480 2
56483 2
56485 0
56489 0
56490 2
56491 5
56492 5
56493 5
56494 5
56495 5
56496 5
56497 2
56498 5
56499 5
56582 0
56592 5
56593 5
56594 0
56595 0
56596 5
56598 0
57001 0
57002 0
57003 2
57004 0
57006 0
57007 0
57008 0
57011 2
57012 2
57014 2
57016 2
57020 2
57021 2
57022 2
57023 2
57024 2
57025 2
57026 2
57027 2
57028 2
57029 2
57030 2
57031 2
57032 2
57033 2
57034 2
57035 2
57036 2
57037 2
57038 2
57039 2
57040 2
57041 2
57042 2
57043 2
57044 2
57045 2
57046 2
57047 2
57048 2
57049 2
57051 2
57052 2
57053 2
57054 2
57055 2
57056 2
57057 5
57060 2
57061 2
57063 5
57065 5
57066 5
57067 5
57070 5
57071 2
57072 2
57073 2
57074 5
57075 5
57076 2
57077 5
57078 5
57079 2
57080 2
57081 0
57082 2
57083 0
57085 2
57086 0
57087 2
57088 2
57089 2
57090 0
57091 0
57093 0
57094 0
57095 2
57096 0
57097 0
57098 2
57099 2
57102 0
57105 2
57106 2
57110 2
57111 2
57113 2
57119 5
57124 2
57126 5
57127 5
57128 5
57129 5
57132 2
57134 5
57137 5
57140 5
57143 5
57144 5
57153 5
57154 10
57155 5
57156 5
57162 5
57169 5
57171 5
57173 5
57175 5
57176 5
57177 5
57178 5
57179 5
57180 5
57181 5
57182 5
57183 5
57184 5
57185 5
57186 5
57187 5
57188 5
57189 5
57190 5
57191 0
57192 2
57193 2
57194 5
57195 5
57196 5
57197 5
57198 5
57204 0
57206 5
57208 5
57211 5
57213 5
57216 5
57217 5
57231 5
57232 5
57233 5
57237 5
57238 5
57242 5
57245 5
57247 5
57248 5
57249 5
57251 5
57253 5
57254 5
57256 5
57257 5
57259 10
57260 5
57261 5
57265 10
57268 10
57271 5
57273 10
57274 5
57277 5
57278 10
57279 5
57281 10
57285 5
57289 10
57290 5
57292 5
57293 5
57294 5
57295 5
57296 5
57297 10
57298 10
57299 10
57303 5
57304 5
57306 5
57307 5
57308 5
57309 5
57313 5
57314 5
57315 5
57317 5
57318 5
57320 5
57324 5
57326 5
57328 5
57329 10
57333 5
57338 10
57339 10
57343 5
57345 10
57348 10
57349 10
57355 10
57358 10
57359 10
57361 10
57362 10
57363 10
57368 10
57370 10
57377 10
57378 10
57381 5
57385 5
57387 10
57388 5
57389 5
57390 5
57395 5
57396 10
57398 5
57399 5
57401 5
57402 5
57405 5
57407 5
57408 5
57409 5
57411 5
57413 5
57414 5
57415 5
57416 5
57417 5
57420 5
57425 5
57426 10
57431 10
57432 10
57437 10
57438 10
57439 10
57445 10
57447 10
57451 10
57453 10
57458 10
57460 10
57461 10
57462 10
57464 10
57465 10
57466 10
57469 10
57474 10
57475 10
57476 10
57477 10
57481 5
57482 5
57483 5
57485 5
57486 5
57489 5
57491 5
57492 5
57493 5
57494 5
57496 5
57498 5
57499 2
57502 5
57503 5
57504 5
57505 5
57506 5
57507 5
57508 5
57509 5
57510 5
57511 5
57512 5
57513 5
57514 5
57516 5
57517 5
57518 5
57519 5
57520 5
57522 5
57523 5
57525 5
57536 10
57537 5
57540 10
57541 10
57543 10
57544 5
57545 5
57554 5
57558 5
57562 5
57564 5
57565 5
57566 5
57571 5
57573 5
57574 5
57575 5
57577 5
57581 5
57582 5
57583 5
57584 5
57585 5
57586 5
57589 5
57590 5
57595 2
57598 2
57600 5
57602 5
57603 5
57604 5
57605 5
57606 5
57608 5
57609 5
57612 5
57614 5
57622 5
57623 5
57625 5
57633 5
57634 5
57635 5
57636 5
57637 5
57640 5
57642 5
57643 5
57646 5
57647 5
57649 5
57655 5
57657 5
57658 5
57661 5
57662 5
57663 5
57666 5
57669 5
57671 5
57673 5
57674 5
57678 5
57679 5
57680 5
57682 5
57687 5
57688 2
57694 2
57696 0
57698 0
57699 0
57707 2
57708 2
57710 5
57713 5
57714 5
57717 5
57718 5
57719 5
57720 5
57722 5
57723 5
57728 5
57729 5
57730 5
57731 5
57732 5
57734 5
57735 5
57736 5
57737 5
57738 5
57739 5
57740 5
57741 5
57742 5
57743 5
57744 5
57745 5
57746 5
57749 5
57752 5
57754 5
57758 5
57760 5
57761 5
57762 5
57763 5
57766 5
57767 5
57768 5
57769 5
57771 5
57772 5
57773 5
57774 5
57776 2
57777 2
57778 2
57779 0
57780 2
57781 2
57782 2
57786 0
57789 0
57792 0
57793 0
57796 0
57797 0
57798 0
57799 0
57800 0
57803 5
57805 2
57806 2
57807 0
57808 0
57809 0
57811 5
57813 5
57814 5
57816 5
57818 2
57821 5
57822 5
57823 5
57824 5
57825 5
57826 5
57827 5
57828 5
57829 5
57832 5
57834 5
57835 5
57837 5
57839 5
57840 5
57841 5
57842 5
57844 5
57845 5
57846 5
57851 5
57853 5
57857 5
57859 5
57860 5
57865 5
57866 5
57867 5
57868 5
57870 5
57871 2
57872 2
57874 2
57875 2
57876 2
57881 0
57882 0
57883 0
57886 0
57887 0
57889 0
57891 0
57894 0
57895 0
57896 0
57899 0
57903 0
57905 0
57906 0
57909 0
57910 0
57911 5
57912 2
57913 5
57914 5
57915 5
57916 0
57921 2
57922 5
57923 5
57926 2
57927 0
57932 5
57936 5
57941 5
57942 5
57947 5
57948 2
57949 2
57954 5
57955 5
57956 5
57957 5
57958 2
57960 5
57962 5
57964 5
57965 5
57966 2
57969 2
57971 2
57972 0
57973 0
57974 0
57975 2
57976 0
57978 0
57980 0
57981 0
57985 0
57988 0
57989 0
57990 0
57991 0
57992 0
57993 0
57994 0
57995 0
57996 0
58001 0
58004 0
58005 0
58006 0
58007 0
58008 0
58009 0
58010 0
58015 0
58016 0
58027 0
58028 0
58100 2
58101 0
58102 0
58104 5
58107 5
58108 5
58109 5
58111 0
58113 0
58114 2
58116 0
58117 2
58118 2
58122 0
58125 0
58126 0
58127 2
58128 0
58129 0
58130 0
58135 0
58138 0
58139 0
58144 0
58145 0
58146 0
58147 0
58148 0
58150 0
58151 0
58154 0
58158 0
58202 5
58203 5
58205 5
58207 10
58208 5
58210 5
58212 5
58214 5
58215 5
58220 5
58221 2
58222 2
58223 2
58224 5
58225 5
58230 5
58234 5
58235 2
58236 5
58237 5
58238 5
58239 2
58240 2
58241 0
58242 2
58243 0
58244 2
58245 2
58246 2
58247 2
58248 2
58249 2
58250 0
58251 0
58252 2
58254 0
58255 0
58257 2
58259 0
58264 0
58265 0
58266 0
58268 0
58269 0
58301 10
58305 10
58306 10
58311 5
58314 10
58316 5
58317 5
58319 5
58320 5
58321 5
58323 5
58326 5
58327 5
58329 5
58330 5
58331 5
58333 5
58334 5
58335 5
58336 5
58337 5
58338 5
58339 2
58340 2
58341 2
58342 2
58343 2
58344 2
58345 2
58346 2
58349 0
58351 2
58352 0
58353 2
58354 2
58356 0
58357 0
58358 0
58359 0
58360 0
58361 0
58362 0
58364 0
58365 0
58366 0
58367 0
58369 0
58374 0
58376 0
58377 0
58401 5
58402 5
58404 2
58407 2
58408 2
58409 2
58414 5
58415 5
58416 5
58417 2
58418 2
58419 5
58420 5
58421 5
58423 5
58424 5
58426 5
58427 5
58428 5
58429 5
58431 5
58432 5
58433 5
58435 5
58436 5
58437 5
58438 5
58441 2
58442 2
58443 2
58445 2
58446 2
58447 2
58448 2
58449 0
58450 2
58451 0
58452 0
58453 0
58454 0
58455 0
58456 0
58457 0
58458 0
58459 0
58460 0
58461 0
58462 0
58463 0
58464 0
58467 0
58468 0
58472 0
58473 0
58477 0
58484 0
58500 2
58501 2
58502 2
58503 2
58506 2
58507 2
58508 2
58509 2
58510 2
58512 2
58514 2
58517 2
58518 2
58519 0
58520 2
58523 2
58527 2
58529 0
58530 2
58531 2
58534 2
58537 2
58542 0
58543 2
58544 0
58546 0
58547 0
58548 0
58549 0
58550 0
58553 0
58555 0
58556 0
58557 0
58558 0
58559 0
58562 0
58563 0
58565 0
58566 0
58567 0
58568 0
58569 0
58570 0
58600 2
58601 0
58602 2
58605 0
58606 0
58607 0
58608 0
58609 0
58611 0
58612 0
58614 0
58615 0
58616 0
58617 0
58618 0
58620 0
58622 0
58623 0
58624 0
58625 0
58626 0
58627 0
58629 0
58631 0
58632 0
58633 0
58634 0
58635 0
58637 0
58642 0
58643 0
58644 0
58646 0
58647 0
58652 0
58653 0
58654 0
58656 0
58657 0
58658 0
58659 0
58660 0
58664 0
58665 0
58666 0
58667 0
58693 0
58701 0
58704 0
58705 0
58706 0
58707 0
58710 0
58712 0
58712 0
58713 0
58714 0
58715 0
58718 0
58724 0
58725 0
58730 0
58731 0
58734 0
58735 0
58736 0
58737 0
58742 0
58744 0
58745 0
58746 0
58747 0
58748 0
58749 0
58750 0
58751 0
58752 0
58754 0
58760 0
58804 0
58806 0
58813 0
58814 0
58818 0
58819 0
58820 0
58821 0
58822 0
58823 0
58824 0
58826 0
58828 0
58834 0
58836 0
58837 0
58839 0
58843 0
58844 0
58845 0
58846 0
58847 0
58848 0
58849 0
58900 0
58903 0
58905 0
58906 0
58907 0
58911 0
58912 0
58917 0
58918 0
58921 0
58923 0
58926 0
58927 0
58928 0
58929 0
58931 0
58932 0
58933 0
58934 0
58935 0
58936 0
58938 0
58940 0
58941 0
58942 0
58944 0
58945 0
58946 0
58965 0
58968 0
58969 0
58974 0
59012 0
59021 0
59022 0
59023 0
59025 0
59027 0
59031 0
59033 0
59034 0
59037 0
59038 0
59041 0
59044 0
59045 0
59046 0
59047 0
59051 0
59052 0
59053 0
59055 0
59057 0
59058 0
59059 0
59061 0
59063 2
59064 0
59065 0
59071 0
59072 0
59074 0
59075 0
59081 0
59082 0
59088 0
59090 0
59091 0
59092 0
59093 0
59094 0
59096 0
59099 0
59102 0
59113 0
59114 0
59122 0
59124 0
59126 0
59127 0
59130 0
59131 0
59133 0
59134 0
59135 0
59137 0
59152 0
59153 0
59155 0
59158 0
59162 0
59230 0
59241 0
59242 0
59262 0
59270 0
59345 0
59348 0
59353 0
59354 0
59358 0
59359 0
59362 0
59368 0
59399 5
59553 0
59554 0
59556 0
59559 0
59562 0
59567 0
WEATHER_REGION: 0
FILLAREA: 0
NOTES_SYMBOL: 9
48 107.766 34.527 0 1 6 0 4  12 1 255 0 255 255
48 111.305 35.786 0 1 6 0 4  12 1 255 0 255 255
48 110.713 33.358 0 2 12 0 4  12 1 255 0 255 255
48 112.794 32.650 0 2 11 0 4  12 1 255 0 255 255
48 110.396 30.775 0 2 15 0 4  12 1 255 0 255 255
48 115.130 31.714 0 2 12 0 4  12 1 255 0 255 255
48 75.710 37.679 0 1 1 0 4  12 1 255 0 255 255
48 88.946 27.547 0 1 4 0 4  12 1 255 0 255 255
48 98.333 33.224 0 1 2 0 4  12 1 255 0 255 255
WithProp_LINESYMBOLS: 2
0 4 255 165 43 42 0 0
176
119.901 33.909 0.0
119.899 33.907 0.0
119.896 33.905 0.0
119.893 33.903 0.0
119.890 33.901 0.0
119.888 33.899 0.0
119.885 33.897 0.0
119.882 33.895 0.0
119.847 33.870 0.0
119.812 33.846 0.0
119.777 33.821 0.0
119.742 33.797 0.0
119.706 33.772 0.0
119.671 33.748 0.0
119.635 33.724 0.0
119.506 33.640 0.0
119.374 33.558 0.0
119.239 33.481 0.0
119.100 33.410 0.0
118.957 33.345 0.0
118.810 33.288 0.0
118.660 33.240 0.0
118.534 33.208 0.0
118.406 33.181 0.0
118.277 33.156 0.0
118.148 33.133 0.0
118.019 33.110 0.0
117.891 33.083 0.0
117.766 33.053 0.0
117.668 33.024 0.0
117.573 32.991 0.0
117.479 32.953 0.0
117.388 32.911 0.0
117.299 32.864 0.0
117.212 32.812 0.0
117.128 32.755 0.0
117.041 32.689 0.0
116.957 32.620 0.0
116.873 32.553 0.0
116.788 32.489 0.0
116.703 32.434 0.0
116.615 32.389 0.0
116.523 32.360 0.0
116.407 32.346 0.0
116.285 32.355 0.0
116.159 32.380 0.0
116.029 32.417 0.0
115.897 32.462 0.0
115.764 32.508 0.0
115.630 32.553 0.0
115.500 32.590 0.0
115.370 32.620 0.0
115.242 32.643 0.0
115.114 32.659 0.0
114.987 32.668 0.0
114.860 32.671 0.0
114.733 32.667 0.0
114.572 32.653 0.0
114.411 32.631 0.0
114.250 32.603 0.0
114.088 32.572 0.0
113.926 32.541 0.0
113.763 32.512 0.0
113.598 32.487 0.0
113.429 32.469 0.0
113.259 32.458 0.0
113.089 32.456 0.0
112.920 32.462 0.0
112.752 32.476 0.0
112.586 32.500 0.0
112.424 32.532 0.0
112.293 32.567 0.0
112.164 32.606 0.0
112.037 32.650 0.0
111.911 32.698 0.0
111.785 32.748 0.0
111.659 32.799 0.0
111.532 32.851 0.0
111.386 32.909 0.0
111.238 32.964 0.0
111.090 33.015 0.0
110.939 33.060 0.0
110.788 33.098 0.0
110.637 33.127 0.0
110.484 33.144 0.0
110.330 33.151 0.0
110.174 33.148 0.0
110.018 33.138 0.0
109.859 33.126 0.0
109.699 33.113 0.0
109.535 33.104 0.0
109.367 33.102 0.0
109.278 33.104 0.0
109.189 33.110 0.0
109.103 33.122 0.0
109.020 33.141 0.0
108.943 33.168 0.0
108.873 33.205 0.0
108.811 33.253 0.0
108.764 33.307 0.0
108.726 33.368 0.0
108.698 33.435 0.0
108.682 33.504 0.0
108.677 33.572 0.0
108.686 33.636 0.0
108.708 33.693 0.0
108.752 33.751 0.0
108.813 33.798 0.0
108.886 33.839 0.0
108.968 33.877 0.0
109.054 33.916 0.0
109.141 33.959 0.0
109.224 34.010 0.0
109.283 34.055 0.0
109.335 34.105 0.0
109.379 34.159 0.0
109.412 34.215 0.0
109.434 34.271 0.0
109.441 34.326 0.0
109.431 34.379 0.0
109.401 34.431 0.0
109.352 34.478 0.0
109.288 34.519 0.0
109.214 34.552 0.0
109.132 34.577 0.0
109.048 34.593 0.0
108.963 34.600 0.0
108.839 34.591 0.0
108.723 34.564 0.0
108.613 34.524 0.0
108.505 34.478 0.0
108.398 34.432 0.0
108.289 34.392 0.0
108.176 34.364 0.0
108.056 34.353 0.0
107.931 34.354 0.0
107.805 34.361 0.0
107.681 34.367 0.0
107.560 34.367 0.0
107.447 34.353 0.0
107.344 34.320 0.0
107.293 34.293 0.0
107.244 34.259 0.0
107.198 34.221 0.0
107.152 34.181 0.0
107.106 34.141 0.0
107.059 34.102 0.0
107.009 34.066 0.0
106.962 34.037 0.0
106.912 34.012 0.0
106.861 33.990 0.0
106.808 33.971 0.0
106.753 33.954 0.0
106.697 33.940 0.0
106.641 33.927 0.0
106.575 33.913 0.0
106.508 33.902 0.0
106.442 33.892 0.0
106.375 33.885 0.0
106.307 33.880 0.0
106.240 33.877 0.0
106.173 33.877 0.0
106.083 33.880 0.0
105.993 33.887 0.0
105.903 33.895 0.0
105.813 33.903 0.0
105.724 33.909 0.0
105.635 33.912 0.0
105.547 33.911 0.0
105.444 33.903 0.0
105.342 33.887 0.0
105.241 33.865 0.0
105.141 33.839 0.0
105.041 33.809 0.0
104.942 33.777 0.0
104.842 33.743 0.0
NoLabel 0
0 4 255 165 43 42 0 0
113
124.123 32.891 0.0
123.920 32.813 0.0
123.718 32.734 0.0
123.515 32.654 0.0
123.311 32.574 0.0
123.107 32.493 0.0
122.902 32.411 0.0
122.695 32.328 0.0
122.488 32.245 0.0
122.279 32.164 0.0
122.069 32.090 0.0
121.858 32.024 0.0
121.645 31.972 0.0
121.430 31.935 0.0
121.214 31.918 0.0
120.999 31.922 0.0
120.782 31.941 0.0
120.564 31.966 0.0
120.344 31.989 0.0
120.123 32.003 0.0
119.902 32.000 0.0
119.681 31.970 0.0
119.622 31.957 0.0
119.563 31.941 0.0
119.506 31.922 0.0
119.451 31.900 0.0
119.400 31.875 0.0
119.352 31.846 0.0
119.310 31.814 0.0
119.254 31.757 0.0
119.210 31.693 0.0
119.176 31.621 0.0
119.149 31.545 0.0
119.129 31.465 0.0
119.114 31.383 0.0
119.101 31.299 0.0
119.084 31.169 0.0
119.066 31.041 0.0
119.044 30.916 0.0
119.015 30.795 0.0
118.977 30.681 0.0
118.925 30.575 0.0
118.856 30.477 0.0
118.699 30.335 0.0
118.498 30.223 0.0
118.265 30.141 0.0
118.012 30.092 0.0
117.750 30.075 0.0
117.492 30.092 0.0
117.250 30.144 0.0
116.975 30.261 0.0
116.732 30.421 0.0
116.511 30.609 0.0
116.301 30.809 0.0
116.091 31.005 0.0
115.871 31.182 0.0
115.631 31.322 0.0
115.414 31.401 0.0
115.181 31.451 0.0
114.935 31.479 0.0
114.680 31.491 0.0
114.420 31.494 0.0
114.159 31.495 0.0
113.900 31.499 0.0
113.660 31.511 0.0
113.424 31.531 0.0
113.191 31.555 0.0
112.960 31.582 0.0
112.729 31.609 0.0
112.498 31.635 0.0
112.265 31.657 0.0
112.045 31.672 0.0
111.823 31.685 0.0
111.601 31.699 0.0
111.380 31.716 0.0
111.160 31.738 0.0
110.942 31.770 0.0
110.727 31.814 0.0
110.576 31.855 0.0
110.427 31.902 0.0
110.281 31.957 0.0
110.138 32.019 0.0
110.000 32.088 0.0
109.866 32.164 0.0
109.738 32.246 0.0
109.573 32.367 0.0
109.415 32.495 0.0
109.261 32.626 0.0
109.106 32.756 0.0
108.948 32.881 0.0
108.782 32.996 0.0
108.604 33.097 0.0
108.453 33.166 0.0
108.293 33.223 0.0
108.127 33.270 0.0
107.956 33.308 0.0
107.781 33.337 0.0
107.605 33.357 0.0
107.428 33.371 0.0
107.231 33.378 0.0
107.035 33.378 0.0
106.840 33.371 0.0
106.645 33.360 0.0
106.451 33.346 0.0
106.258 33.328 0.0
106.065 33.309 0.0
105.856 33.288 0.0
105.647 33.266 0.0
105.439 33.243 0.0
105.230 33.220 0.0
105.021 33.197 0.0
104.813 33.173 0.0
104.605 33.148 0.0
NoLabel 0
