diamond 14 /disk2/diamond/update/rr012608.024
2015 1 26 2 0
LINES: 0
LINES_SYMBOL: 4
38 2 190
    91.564    26.488     0.000    91.571    26.494     0.000    91.577    26.499     0.000    91.584    26.505     0.000
    91.591    26.510     0.000    91.598    26.516     0.000    91.604    26.521     0.000    91.611    26.527     0.000
    91.699    26.600     0.000    91.787    26.674     0.000    91.874    26.749     0.000    91.961    26.823     0.000
    92.048    26.899     0.000    92.133    26.975     0.000    92.217    27.051     0.000    92.512    27.332     0.000
    92.797    27.617     0.000    93.083    27.904     0.000    93.378    28.189     0.000    93.692    28.468     0.000
    94.034    28.739     0.000    94.414    28.998     0.000    94.597    29.107     0.000    94.786    29.208     0.000
    94.979    29.295     0.000    95.173    29.364     0.000    95.365    29.410     0.000    95.552    29.427     0.000
    95.732    29.410     0.000    95.911    29.353     0.000    96.082    29.263     0.000    96.249    29.152     0.000
    96.416    29.029     0.000    96.588    28.906     0.000    96.769    28.791     0.000    96.964    28.697     0.000
    97.166    28.632     0.000    97.378    28.585     0.000    97.591    28.550     0.000    97.799    28.516     0.000
    97.994    28.476     0.000    98.168    28.420     0.000    98.313    28.341     0.000    98.431    28.223     0.000
    98.515    28.074     0.000    98.571    27.899     0.000    98.607    27.703     0.000    98.630    27.493     0.000
    98.648    27.273     0.000    98.667    27.048     0.000    98.691    26.847     0.000    98.724    26.651     0.000
    98.769    26.466     0.000    98.829    26.296     0.000    98.905    26.146     0.000    99.000    26.022     0.000
    99.118    25.928     0.000    99.372    25.844     0.000    99.676    25.848     0.000   100.010    25.928     0.000
   100.350    26.070     0.000   100.675    26.262     0.000   100.963    26.491     0.000   101.191    26.747     0.000
   101.279    26.887     0.000   101.348    27.031     0.000   101.401    27.177     0.000   101.441    27.326     0.000
   101.473    27.476     0.000   101.498    27.627     0.000   101.522    27.778     0.000   101.547    27.934     0.000
   101.573    28.090     0.000   101.596    28.246     0.000   101.615    28.404     0.000   101.629    28.563     0.000
   101.634    28.723     0.000   101.630    28.886     0.000   101.605    29.128     0.000   101.564    29.373     0.000
   101.519    29.617     0.000   101.479    29.857     0.000   101.456    30.090     0.000   101.460    30.312     0.000
   101.502    30.520     0.000   101.657    30.809     0.000   101.908    31.065     0.000   102.232    31.294     0.000
   102.608    31.504     0.000   103.014    31.703     0.000   103.426    31.899     0.000   103.823    32.101     0.000
   104.056    32.234     0.000   104.277    32.372     0.000   104.491    32.512     0.000   104.700    32.653     0.000
   104.908    32.794     0.000   105.120    32.933     0.000   105.338    33.068     0.000   105.522    33.174     0.000
   105.713    33.274     0.000   105.910    33.366     0.000   106.112    33.448     0.000   106.321    33.518     0.000
   106.535    33.574     0.000   106.754    33.614     0.000   106.952    33.634     0.000   107.152    33.641     0.000
   107.352    33.634     0.000   107.552    33.615     0.000   107.749    33.584     0.000   107.943    33.543     0.000
   108.132    33.491     0.000   108.375    33.407     0.000   108.609    33.308     0.000   108.834    33.196     0.000
   109.052    33.073     0.000   109.265    32.939     0.000   109.474    32.798     0.000   109.682    32.650     0.000
   109.850    32.527     0.000   110.019    32.406     0.000   110.189    32.290     0.000   110.363    32.183     0.000
   110.541    32.090     0.000   110.724    32.015     0.000   110.912    31.961     0.000   111.087    31.934     0.000
   111.268    31.925     0.000   111.453    31.932     0.000   111.641    31.950     0.000   111.832    31.979     0.000
   112.026    32.014     0.000   112.221    32.054     0.000   112.521    32.117     0.000   112.820    32.178     0.000
   113.116    32.230     0.000   113.407    32.268     0.000   113.691    32.285     0.000   113.966    32.276     0.000
   114.229    32.234     0.000   114.470    32.160     0.000   114.702    32.058     0.000   114.930    31.934     0.000
   115.157    31.797     0.000   115.388    31.652     0.000   115.627    31.508     0.000   115.880    31.371     0.000
   116.126    31.257     0.000   116.382    31.159     0.000   116.641    31.082     0.000   116.899    31.031     0.000
   117.150    31.010     0.000   117.390    31.024     0.000   117.613    31.078     0.000   117.798    31.164     0.000
   117.968    31.280     0.000   118.127    31.421     0.000   118.277    31.580     0.000   118.421    31.750     0.000
   118.564    31.925     0.000   118.707    32.098     0.000   118.861    32.273     0.000   119.020    32.439     0.000
   119.184    32.597     0.000   119.353    32.748     0.000   119.528    32.891     0.000   119.710    33.028     0.000
   119.898    33.159     0.000   120.199    33.349     0.000   120.513    33.529     0.000   120.837    33.703     0.000
   121.167    33.872     0.000   121.500    34.040     0.000   121.831    34.211     0.000   122.159    34.387     0.000
   122.360    34.501     0.000   122.560    34.619     0.000   122.758    34.738     0.000   122.955    34.858     0.000
   123.153    34.978     0.000   123.352    35.098     0.000   123.552    35.216     0.000   123.598    35.243     0.000
   123.645    35.270     0.000   123.691    35.296     0.000   123.738    35.323     0.000   123.784    35.349     0.000
   123.831    35.376     0.000   123.878    35.402     0.000
NoLabel 0
0 4 43
   111.402    35.586         1   111.334    35.506     0.000   111.265    35.426     0.000   111.194    35.346     0.000
   111.121    35.267     0.000   111.045    35.190     0.000   110.966    35.113     0.000   110.881    35.039     0.000
   110.765    34.945     0.000   110.640    34.856     0.000   110.510    34.775     0.000   110.375    34.703     0.000
   110.236    34.643     0.000   110.096    34.596     0.000   109.954    34.564     0.000   109.687    34.551     0.000
   109.418    34.589     0.000   109.147    34.666     0.000   108.871    34.770     0.000   108.586    34.887     0.000
   108.293    35.005     0.000   107.988    35.112     0.000   107.784    35.168     0.000   107.578    35.212     0.000
   107.374    35.241     0.000   107.174    35.251     0.000   106.983    35.241     0.000   106.803    35.208     0.000
   106.638    35.149     0.000   106.504    35.073     0.000   106.381    34.979     0.000   106.267    34.871     0.000
   106.158    34.755     0.000   106.051    34.634     0.000   105.942    34.514     0.000   105.829    34.400     0.000
   105.681    34.273     0.000   105.523    34.159     0.000   105.357    34.055     0.000   105.183    33.959     0.000
   105.005    33.869     0.000   104.823    33.783     0.000   104.641    33.698     0.000
NoLabel 0
0 4 85
   118.761    33.312         1   118.671    33.195     0.000   118.579    33.081     0.000   118.484    32.971     0.000
   118.385    32.869     0.000   118.278    32.776     0.000   118.163    32.695     0.000   118.037    32.629     0.000
   117.950    32.594     0.000   117.858    32.565     0.000   117.763    32.540     0.000   117.665    32.519     0.000
   117.566    32.499     0.000   117.466    32.480     0.000   117.367    32.460     0.000   117.245    32.433     0.000
   117.125    32.405     0.000   117.005    32.377     0.000   116.886    32.351     0.000   116.767    32.328     0.000
   116.647    32.310     0.000   116.526    32.299     0.000   116.369    32.296     0.000   116.211    32.307     0.000
   116.053    32.331     0.000   115.897    32.367     0.000   115.746    32.415     0.000   115.600    32.474     0.000
   115.461    32.545     0.000   115.315    32.636     0.000   115.177    32.736     0.000   115.044    32.840     0.000
   114.911    32.942     0.000   114.776    33.039     0.000   114.635    33.123     0.000   114.485    33.192     0.000
   114.359    33.232     0.000   114.227    33.261     0.000   114.090    33.282     0.000   113.949    33.297     0.000
   113.806    33.310     0.000   113.663    33.322     0.000   113.519    33.337     0.000   113.276    33.372     0.000
   113.036    33.416     0.000   112.799    33.464     0.000   112.564    33.512     0.000   112.329    33.552     0.000
   112.094    33.581     0.000   111.859    33.592     0.000   111.601    33.581     0.000   111.343    33.550     0.000
   111.083    33.506     0.000   110.824    33.458     0.000   110.564    33.412     0.000   110.304    33.376     0.000
   110.044    33.357     0.000   109.855    33.357     0.000   109.666    33.368     0.000   109.477    33.389     0.000
   109.289    33.418     0.000   109.101    33.455     0.000   108.914    33.496     0.000   108.728    33.542     0.000
   108.547    33.589     0.000   108.366    33.637     0.000   108.186    33.683     0.000   108.005    33.726     0.000
   107.824    33.763     0.000   107.640    33.793     0.000   107.455    33.814     0.000   107.288    33.824     0.000
   107.119    33.826     0.000   106.949    33.819     0.000   106.780    33.804     0.000   106.612    33.782     0.000
   106.446    33.752     0.000   106.282    33.716     0.000   106.051    33.654     0.000   105.826    33.580     0.000
   105.606    33.498     0.000   105.390    33.407     0.000   105.177    33.311     0.000   104.967    33.211     0.000
   104.758    33.108     0.000
NoLabel 0
0 4 36
   114.913    39.468         1   114.796    39.438     0.000   114.678    39.409     0.000   114.562    39.385     0.000
   114.446    39.366     0.000   114.331    39.354     0.000   114.218    39.351     0.000   114.106    39.359     0.000
   114.015    39.375     0.000   113.925    39.397     0.000   113.835    39.422     0.000   113.744    39.449     0.000
   113.652    39.474     0.000   113.558    39.496     0.000   113.462    39.511     0.000   113.405    39.516     0.000
   113.347    39.518     0.000   113.289    39.517     0.000   113.232    39.513     0.000   113.176    39.505     0.000
   113.122    39.493     0.000   113.070    39.478     0.000   112.970    39.436     0.000   112.880    39.380     0.000
   112.799    39.313     0.000   112.725    39.238     0.000   112.656    39.159     0.000   112.590    39.077     0.000
   112.524    38.995     0.000   112.457    38.915     0.000   112.390    38.839     0.000   112.321    38.764     0.000
   112.252    38.691     0.000   112.182    38.619     0.000   112.112    38.548     0.000   112.042    38.477     0.000

NoLabel 0
SYMBOLS: 23
  40   104.680    58.140 0.0 2.921902
  23    83.825    29.851 0.0 0
  23    82.680    43.432 0.0 0
  36   114.381    43.919 0.0 -0.813960
  36   120.431    44.729 0.0 -0.799890
  36   113.414    40.514 0.0 -0.902508
  33   122.676    40.293 0.0 -1.442466
  33   121.151    37.243 0.0 4.277036
  34   119.812    39.112 0.0 -1.315618
  41   122.801    35.582 0.0 -1.343997
  23   107.841    35.430 0.0 0
  24   110.531    34.376 0.0 0
  26   121.115    23.604 0.0 0
  26   107.247    29.371 0.0 0
  40   116.817    37.415 0.0 4.051346
  40   116.354    34.677 0.0 4.178679
  48   132.449    46.230 1 4
  23   112.075    39.760 0.0 0
  24   112.636    38.675 0.0 0
  48    85.263    28.752 1 4
  23   129.112    43.180 0.0 0
  48    82.824    43.624 1 1
  48   109.732    29.273 1 9
CLOSED_CONTOURS: 7
5 266
    79.395    46.274     0.000    79.637    46.351     0.000    79.876    46.430     0.000    80.105    46.514     0.000
    80.319    46.605     0.000    80.515    46.707     0.000    80.686    46.823     0.000    80.828    46.954     0.000
    80.881    47.018     0.000    80.927    47.085     0.000    80.969    47.154     0.000    81.007    47.226     0.000
    81.042    47.299     0.000    81.076    47.373     0.000    81.108    47.448     0.000    81.709    47.719     0.000
    82.329    47.987     0.000    82.974    48.252     0.000    83.649    48.514     0.000    84.358    48.774     0.000
    84.961    48.979     0.000    85.580    49.168     0.000    86.208    49.328     0.000    86.832    49.444     0.000
    87.443    49.505     0.000    88.029    49.497     0.000    88.577    49.407     0.000    88.876    49.313     0.000
    89.159    49.189     0.000    89.428    49.041     0.000    89.683    48.869     0.000    89.928    48.679     0.000
    89.928    48.679     0.000    90.262    48.638     0.000    90.589    48.592     0.000    90.902    48.534     0.000
    91.195    48.460     0.000    91.461    48.365     0.000    91.693    48.244     0.000    91.885    48.092     0.000
    91.947    48.024     0.000    92.002    47.950     0.000    92.047    47.873     0.000    92.081    47.794     0.000
    92.105    47.714     0.000    92.116    47.633     0.000    92.114    47.552     0.000    92.078    47.415     0.000
    92.004    47.284     0.000    91.898    47.160     0.000    91.766    47.043     0.000    91.614    46.936     0.000
    91.447    46.837     0.000    91.270    46.749     0.000    91.087    46.671     0.000    90.901    46.603     0.000
    90.712    46.545     0.000    90.520    46.494     0.000    90.325    46.451     0.000    90.128    46.413     0.000
    89.930    46.380     0.000    89.309    46.299     0.000    88.680    46.242     0.000    88.046    46.195     0.000
    87.412    46.147     0.000    86.785    46.086     0.000    86.170    46.000     0.000    85.573    45.878     0.000
    85.481    45.855     0.000    85.389    45.831     0.000    85.297    45.807     0.000    85.204    45.783     0.000
    85.111    45.759     0.000    85.016    45.737     0.000    84.919    45.716     0.000    84.757    45.685     0.000
    84.593    45.656     0.000    84.432    45.623     0.000    84.277    45.584     0.000    84.133    45.533     0.000
    84.004    45.467     0.000    83.893    45.382     0.000    83.847    45.331     0.000    83.808    45.277     0.000
    83.777    45.219     0.000    83.755    45.161     0.000    83.744    45.104     0.000    83.746    45.049     0.000
    83.760    44.997     0.000    83.811    44.928     0.000    83.890    44.871     0.000    83.992    44.824     0.000
    84.112    44.786     0.000    84.245    44.756     0.000    84.384    44.733     0.000    84.523    44.715     0.000
    84.786    44.691     0.000    85.034    44.681     0.000    85.272    44.682     0.000    85.504    44.692     0.000
    85.734    44.710     0.000    85.965    44.734     0.000    86.201    44.761     0.000    86.476    44.792     0.000
    86.758    44.819     0.000    87.041    44.836     0.000    87.321    44.838     0.000    87.593    44.819     0.000
    87.851    44.774     0.000    88.090    44.697     0.000    88.251    44.619     0.000    88.401    44.527     0.000
    88.544    44.425     0.000    88.681    44.319     0.000    88.817    44.215     0.000    88.953    44.116     0.000
    89.091    44.029     0.000    89.365    43.907     0.000    89.661    43.835     0.000    89.985    43.804     0.000
    90.339    43.807     0.000    90.726    43.835     0.000    91.150    43.881     0.000    91.614    43.937     0.000
    91.912    43.972     0.000    92.209    44.002     0.000    92.490    44.021     0.000    92.739    44.024     0.000
    92.940    44.007     0.000    93.077    43.963     0.000    93.135    43.888     0.000    93.125    43.824     0.000
    93.083    43.749     0.000    93.014    43.667     0.000    92.924    43.580     0.000    92.817    43.494     0.000
    92.699    43.411     0.000    92.574    43.334     0.000    92.111    43.132     0.000    91.635    43.033     0.000
    91.148    43.006     0.000    90.655    43.021     0.000    90.161    43.050     0.000    89.674    43.062     0.000
    89.199    43.029     0.000    88.950    42.983     0.000    88.706    42.921     0.000    88.466    42.846     0.000
    88.228    42.763     0.000    87.991    42.676     0.000    87.753    42.591     0.000    87.514    42.512     0.000
    86.979    42.371     0.000    86.431    42.267     0.000    85.874    42.189     0.000    85.312    42.125     0.000
    84.751    42.061     0.000    84.195    41.988     0.000    83.651    41.893     0.000    83.103    41.763     0.000
    82.570    41.602     0.000    82.051    41.417     0.000    81.542    41.212     0.000    81.039    40.994     0.000
    80.539    40.767     0.000    80.038    40.537     0.000    79.700    40.383     0.000    79.368    40.224     0.000
    79.048    40.057     0.000    78.747    39.876     0.000    78.473    39.677     0.000    78.232    39.455     0.000
    78.030    39.205     0.000    77.982    39.129     0.000    77.938    39.050     0.000    77.901    38.969     0.000
    77.873    38.887     0.000    77.855    38.805     0.000    77.848    38.722     0.000    77.855    38.639     0.000
    77.878    38.549     0.000    77.916    38.462     0.000    77.968    38.377     0.000    78.032    38.296     0.000
    78.105    38.221     0.000    78.186    38.152     0.000    78.273    38.091     0.000    78.478    37.985     0.000
    78.701    37.913     0.000    78.938    37.862     0.000    79.186    37.825     0.000    79.444    37.791     0.000
    79.707    37.751     0.000    79.973    37.695     0.000    80.159    37.642     0.000    80.338    37.576     0.000
    80.505    37.498     0.000    80.653    37.408     0.000    80.776    37.306     0.000    80.868    37.193     0.000
    80.923    37.069     0.000    80.938    36.976     0.000    80.933    36.880     0.000    80.912    36.781     0.000
    80.876    36.683     0.000    80.827    36.586     0.000    80.767    36.493     0.000    80.699    36.405     0.000
    80.480    36.200     0.000    80.221    36.039     0.000    79.928    35.917     0.000    79.610    35.826     0.000
    79.274    35.762     0.000    78.930    35.718     0.000    78.585    35.689     0.000    78.156    35.666     0.000
    77.736    35.657     0.000    77.323    35.663     0.000    76.915    35.685     0.000    76.509    35.721     0.000
    76.104    35.774     0.000    75.697    35.841     0.000    75.294    35.923     0.000    74.894    36.022     0.000
    74.500    36.139     0.000    74.120    36.278     0.000    73.758    36.440     0.000    73.421    36.627     0.000
    73.115    36.841     0.000    72.945    36.986     0.000    72.787    37.141     0.000    72.639    37.303     0.000
    72.498    37.472     0.000    72.362    37.646     0.000    72.230    37.823     0.000    72.099    38.001     0.000
    71.802    38.396     0.000    71.541    38.815     0.000    71.321    39.253     0.000    71.149    39.703     0.000
    71.029    40.162     0.000    70.969    40.622     0.000    70.974    41.079     0.000    71.113    41.751     0.000
    71.113    41.751     0.000    71.333    42.041     0.000    71.557    42.328     0.000    71.791    42.610     0.000
    72.035    42.884     0.000    72.295    43.149     0.000    72.572    43.401     0.000    72.870    43.638     0.000
    73.464    44.021     0.000    74.122    44.358     0.000    74.831    44.655     0.000    75.576    44.924     0.000
    76.345    45.173     0.000    77.123    45.413     0.000    77.897    45.654     0.000    78.080    45.713     0.000
    78.262    45.772     0.000    78.443    45.832     0.000    78.624    45.892     0.000    78.805    45.952     0.000
    78.985    46.012     0.000    79.166    46.072     0.000
0 2
    79.395    46.274     0.000    92.924    43.580     0.000
5 154
    80.891    30.959     0.000    81.193    30.953     0.000    81.193    30.953     0.000    81.416    30.918     0.000
    81.638    30.882     0.000    81.860    30.842     0.000    82.080    30.800     0.000    82.298    30.752     0.000
    82.514    30.699     0.000    82.727    30.639     0.000    82.976    30.559     0.000    83.222    30.472     0.000
    83.467    30.382     0.000    83.713    30.294     0.000    83.961    30.213     0.000    84.213    30.141     0.000
    84.471    30.083     0.000    84.767    30.038     0.000    85.068    30.006     0.000    85.370    29.977     0.000
    85.668    29.941     0.000    85.956    29.889     0.000    86.230    29.812     0.000    86.484    29.698     0.000
    86.612    29.620     0.000    86.735    29.532     0.000    86.854    29.438     0.000    86.972    29.342     0.000
    87.091    29.248     0.000    87.213    29.160     0.000    87.339    29.080     0.000    87.538    28.984     0.000
    87.750    28.911     0.000    87.973    28.857     0.000    88.203    28.817     0.000    88.439    28.787     0.000
    88.677    28.762     0.000    88.915    28.739     0.000    89.143    28.715     0.000    89.368    28.690     0.000
    89.592    28.664     0.000    89.813    28.639     0.000    90.032    28.616     0.000    90.250    28.596     0.000
    90.467    28.581     0.000    90.592    28.575     0.000    90.717    28.570     0.000    90.843    28.565     0.000
    90.970    28.559     0.000    91.099    28.553     0.000    91.231    28.545     0.000    91.365    28.533     0.000
    91.467    28.523     0.000    91.569    28.508     0.000    91.668    28.489     0.000    91.763    28.464     0.000
    91.850    28.430     0.000    91.928    28.387     0.000    91.994    28.333     0.000    92.027    28.296     0.000
    92.056    28.255     0.000    92.082    28.212     0.000    92.106    28.167     0.000    92.129    28.120     0.000
    92.152    28.073     0.000    92.175    28.026     0.000    92.222    27.937     0.000    92.273    27.851     0.000
    92.324    27.766     0.000    92.372    27.682     0.000    92.416    27.596     0.000    92.453    27.507     0.000
    92.479    27.416     0.000    92.497    27.279     0.000    92.492    27.138     0.000    92.466    26.996     0.000
    92.421    26.858     0.000    92.359    26.728     0.000    92.282    26.611     0.000    92.192    26.511     0.000
    91.961    26.365     0.000    91.686    26.297     0.000    91.376    26.290     0.000    91.040    26.326     0.000
    90.688    26.388     0.000    90.329    26.459     0.000    89.974    26.522     0.000    89.499    26.572     0.000
    89.046    26.580     0.000    88.609    26.551     0.000    88.184    26.489     0.000    87.764    26.402     0.000
    87.346    26.293     0.000    86.922    26.168     0.000    86.658    26.086     0.000    86.393    26.005     0.000
    86.127    25.931     0.000    85.863    25.867     0.000    85.602    25.820     0.000    85.346    25.793     0.000
    85.096    25.794     0.000    84.695    25.861     0.000    84.309    26.001     0.000    83.932    26.199     0.000
    83.557    26.439     0.000    83.178    26.706     0.000    82.790    26.983     0.000    82.387    27.256     0.000
    82.042    27.467     0.000    81.696    27.671     0.000    81.362    27.874     0.000    81.362    27.874     0.000
    81.247    28.009     0.000    81.131    28.143     0.000    81.014    28.277     0.000    80.895    28.409     0.000
    80.774    28.539     0.000    80.651    28.667     0.000    80.524    28.793     0.000    80.392    28.918     0.000
    80.255    29.040     0.000    80.113    29.158     0.000    79.967    29.274     0.000    79.816    29.387     0.000
    79.660    29.496     0.000    79.498    29.603     0.000    79.328    29.710     0.000    79.158    29.817     0.000
    78.995    29.930     0.000    78.845    30.052     0.000    78.715    30.188     0.000    78.611    30.342     0.000
    78.540    30.518     0.000    78.517    30.634     0.000    78.508    30.755     0.000    78.514    30.876     0.000
    78.537    30.990     0.000    78.577    31.094     0.000    78.634    31.181     0.000    78.709    31.248     0.000
    78.807    31.290     0.000    78.922    31.308     0.000    79.051    31.307     0.000    79.188    31.290     0.000
    79.332    31.263     0.000    79.477    31.231     0.000    79.621    31.199     0.000    79.780    31.167     0.000
    79.933    31.140     0.000    80.081    31.118     0.000    80.226    31.099     0.000    80.367    31.082     0.000
    80.507    31.067     0.000    80.646    31.053     0.000
0 1
    80.891    30.959     0.000
2 133
    84.040    29.053     0.000    84.137    29.087     0.000    84.233    29.118     0.000    84.233    29.118     0.000
    84.339    29.110     0.000    84.445    29.102     0.000    84.551    29.093     0.000    84.658    29.084     0.000
    84.764    29.075     0.000    84.871    29.066     0.000    84.978    29.055     0.000    85.103    29.043     0.000
    85.227    29.028     0.000    85.350    29.011     0.000    85.472    28.990     0.000    85.592    28.964     0.000
    85.709    28.931     0.000    85.822    28.892     0.000    85.971    28.826     0.000    86.113    28.750     0.000
    86.252    28.666     0.000    86.390    28.581     0.000    86.529    28.497     0.000    86.673    28.419     0.000
    86.822    28.352     0.000    86.938    28.310     0.000    87.057    28.276     0.000    87.179    28.248     0.000
    87.302    28.226     0.000    87.425    28.210     0.000    87.546    28.198     0.000    87.665    28.190     0.000
    87.809    28.185     0.000    87.951    28.183     0.000    88.094    28.185     0.000    88.241    28.187     0.000
    88.396    28.189     0.000    88.562    28.188     0.000    88.743    28.184     0.000    88.823    28.181     0.000
    88.902    28.176     0.000    88.978    28.168     0.000    89.047    28.156     0.000    89.106    28.140     0.000
    89.151    28.119     0.000    89.180    28.092     0.000    89.188    28.049     0.000    89.171    27.999     0.000
    89.133    27.942     0.000    89.078    27.881     0.000    89.011    27.819     0.000    88.936    27.757     0.000
    88.857    27.699     0.000    88.604    27.537     0.000    88.360    27.421     0.000    88.122    27.339     0.000
    87.886    27.282     0.000    87.651    27.239     0.000    87.413    27.199     0.000    87.169    27.153     0.000
    86.836    27.072     0.000    86.495    26.975     0.000    86.151    26.878     0.000    85.810    26.794     0.000
    85.476    26.738     0.000    85.154    26.725     0.000    84.848    26.768     0.000    84.617    26.851     0.000
    84.395    26.970     0.000    84.179    27.115     0.000    83.966    27.277     0.000    83.752    27.445     0.000
    83.535    27.610     0.000    83.310    27.762     0.000    83.096    27.883     0.000    82.877    27.993     0.000
    82.658    28.099     0.000    82.442    28.210     0.000    82.233    28.333     0.000    82.036    28.476     0.000
    81.853    28.648     0.000    81.746    28.775     0.000    81.652    28.912     0.000    81.576    29.056     0.000
    81.523    29.203     0.000    81.498    29.347     0.000    81.498    29.347     0.000    81.445    29.440     0.000
    81.394    29.534     0.000    81.349    29.627     0.000    81.313    29.721     0.000    81.289    29.815     0.000
    81.279    29.909     0.000    81.288    30.004     0.000    81.309    30.079     0.000    81.342    30.152     0.000
    81.387    30.222     0.000    81.442    30.288     0.000    81.507    30.347     0.000    81.581    30.397     0.000
    81.662    30.438     0.000    81.752    30.469     0.000    81.847    30.487     0.000    81.945    30.493     0.000
    82.042    30.488     0.000    82.136    30.472     0.000    82.226    30.445     0.000    82.307    30.408     0.000
    82.377    30.362     0.000    82.439    30.310     0.000    82.497    30.251     0.000    82.550    30.190     0.000
    82.602    30.126     0.000    82.654    30.063     0.000    82.709    30.001     0.000    82.765    29.945     0.000
    82.824    29.891     0.000    82.887    29.841     0.000    82.951    29.792     0.000    83.017    29.745     0.000
    83.084    29.699     0.000    83.152    29.654     0.000    83.208    29.618     0.000    83.263    29.581     0.000
    83.319    29.544     0.000    83.375    29.508     0.000    83.431    29.471     0.000    83.487    29.435     0.000
    83.542    29.398     0.000    83.624    29.314     0.000    83.703    29.228     0.000    83.780    29.141     0.000
    83.856    29.053     0.000
2.5 1
    84.040    29.053     0.000
5 135
   132.319    49.803     0.000   132.539    49.763     0.000   132.759    49.723     0.000   132.978    49.680     0.000
   133.198    49.636     0.000   133.418    49.588     0.000   133.638    49.538     0.000   133.858    49.484     0.000
   134.272    49.369     0.000   134.679    49.238     0.000   135.068    49.090     0.000   135.431    48.923     0.000
   135.759    48.738     0.000   136.043    48.534     0.000   136.275    48.310     0.000   136.481    48.009     0.000
   136.481    48.009     0.000   136.464    47.830     0.000   136.445    47.652     0.000   136.423    47.475     0.000
   136.397    47.298     0.000   136.363    47.122     0.000   136.322    46.947     0.000   136.271    46.774     0.000
   136.183    46.540     0.000   136.076    46.308     0.000   135.953    46.080     0.000   135.817    45.855     0.000
   135.668    45.632     0.000   135.510    45.412     0.000   135.345    45.195     0.000   135.179    44.986     0.000
   135.006    44.780     0.000   134.827    44.578     0.000   134.639    44.381     0.000   134.442    44.190     0.000
   134.234    44.006     0.000   134.014    43.829     0.000   133.806    43.678     0.000   133.588    43.533     0.000
   133.588    43.533     0.000   133.201    43.252     0.000   132.816    42.971     0.000   132.428    42.692     0.000
   132.037    42.415     0.000   131.639    42.143     0.000   131.231    41.876     0.000   130.811    41.615     0.000
   130.482    41.423     0.000   130.145    41.240     0.000   129.797    41.071     0.000   129.440    40.922     0.000
   129.073    40.797     0.000   128.693    40.700     0.000   128.302    40.637     0.000   128.302    40.637     0.000
   127.767    40.457     0.000   127.233    40.282     0.000   126.696    40.123     0.000   126.153    39.986     0.000
   125.600    39.881     0.000   125.033    39.815     0.000   124.448    39.798     0.000   124.229    39.806     0.000
   124.010    39.823     0.000   123.795    39.852     0.000   123.587    39.894     0.000   123.391    39.952     0.000
   123.210    40.028     0.000   123.046    40.123     0.000   122.918    40.227     0.000   122.807    40.345     0.000
   122.715    40.476     0.000   122.641    40.615     0.000   122.588    40.761     0.000   122.554    40.910     0.000
   122.540    41.059     0.000   122.556    41.261     0.000   122.607    41.458     0.000   122.689    41.649     0.000
   122.797    41.835     0.000   122.927    42.015     0.000   123.073    42.189     0.000   123.231    42.356     0.000
   123.359    42.483     0.000   123.491    42.606     0.000   123.624    42.727     0.000   123.759    42.847     0.000
   123.894    42.966     0.000   124.029    43.086     0.000   124.162    43.207     0.000   124.362    43.396     0.000
   124.560    43.588     0.000   124.762    43.778     0.000   124.971    43.965     0.000   125.191    44.144     0.000
   125.428    44.312     0.000   125.684    44.466     0.000   125.963    44.604     0.000   126.257    44.732     0.000
   126.556    44.854     0.000   126.850    44.979     0.000   127.131    45.113     0.000   127.387    45.262     0.000
   127.610    45.434     0.000   127.705    45.528     0.000   127.792    45.627     0.000   127.876    45.729     0.000
   127.959    45.832     0.000   128.044    45.935     0.000   128.136    46.034     0.000   128.236    46.128     0.000
   128.418    46.264     0.000   128.622    46.386     0.000   128.840    46.500     0.000   129.063    46.610     0.000
   129.284    46.720     0.000   129.493    46.837     0.000   129.682    46.964     0.000   129.870    47.130     0.000
   130.027    47.313     0.000   130.164    47.509     0.000   130.287    47.713     0.000   130.405    47.920     0.000
   130.528    48.126     0.000   130.664    48.327     0.000   130.793    48.487     0.000   130.934    48.641     0.000
   131.087    48.791     0.000   131.248    48.936     0.000   131.417    49.077     0.000   131.591    49.217     0.000
   131.768    49.355     0.000   131.943    49.503     0.000   132.121    49.650     0.000
0 1
   132.319    49.803     0.000
5 426
   111.754    35.364     0.000   111.882    35.342     0.000   112.010    35.319     0.000   112.134    35.293     0.000
   112.256    35.263     0.000   112.372    35.228     0.000   112.483    35.186     0.000   112.586    35.136     0.000
   112.773    35.006     0.000   112.933    34.848     0.000   113.076    34.671     0.000   113.211    34.485     0.000
   113.346    34.298     0.000   113.489    34.122     0.000   113.651    33.965     0.000   113.870    33.815     0.000
   114.120    33.699     0.000   114.393    33.611     0.000   114.683    33.545     0.000   114.984    33.496     0.000
   115.290    33.457     0.000   115.594    33.424     0.000   115.856    33.395     0.000   116.113    33.367     0.000
   116.366    33.338     0.000   116.617    33.310     0.000   116.867    33.282     0.000   117.118    33.255     0.000
   117.371    33.228     0.000   117.523    33.212     0.000   117.676    33.199     0.000   117.829    33.187     0.000
   117.982    33.181     0.000   118.134    33.179     0.000   118.285    33.185     0.000   118.435    33.199     0.000
   118.580    33.222     0.000   118.723    33.253     0.000   118.865    33.291     0.000   119.005    33.336     0.000
   119.144    33.385     0.000   119.282    33.439     0.000   119.420    33.496     0.000   119.587    33.568     0.000
   119.753    33.639     0.000   119.921    33.708     0.000   120.089    33.771     0.000   120.260    33.826     0.000
   120.434    33.868     0.000   120.611    33.896     0.000   120.817    33.907     0.000   121.025    33.897     0.000
   121.233    33.867     0.000   121.439    33.819     0.000   121.640    33.754     0.000   121.833    33.673     0.000
   122.016    33.579     0.000   122.232    33.440     0.000   122.427    33.283     0.000   122.599    33.110     0.000
   122.747    32.923     0.000   122.872    32.724     0.000   122.970    32.515     0.000   123.043    32.299     0.000
   123.097    32.014     0.000   123.110    31.724     0.000   123.085    31.434     0.000   123.025    31.148     0.000
   122.932    30.872     0.000   122.810    30.608     0.000   122.660    30.362     0.000   122.490    30.138     0.000
   122.302    29.928     0.000   122.104    29.723     0.000   121.902    29.517     0.000   121.703    29.302     0.000
   121.514    29.071     0.000   121.341    28.815     0.000   121.267    28.685     0.000   121.203    28.550     0.000
   121.153    28.415     0.000   121.119    28.282     0.000   121.108    28.153     0.000   121.122    28.033     0.000
   121.165    27.923     0.000   121.212    27.857     0.000   121.273    27.796     0.000   121.344    27.739     0.000
   121.424    27.685     0.000   121.510    27.634     0.000   121.600    27.585     0.000   121.693    27.537     0.000
   121.936    27.361     0.000   122.185    27.195     0.000   122.432    27.032     0.000   122.670    26.864     0.000
   122.891    26.682     0.000   122.891    26.682     0.000   122.946    26.605     0.000   123.000    26.527     0.000
   123.052    26.448     0.000   123.101    26.369     0.000   123.146    26.289     0.000   123.187    26.207     0.000
   123.222    26.123     0.000   123.256    26.021     0.000   123.282    25.917     0.000   123.300    25.810     0.000
   123.311    25.703     0.000   123.316    25.595     0.000   123.316    25.487     0.000   123.311    25.379     0.000
   123.295    25.211     0.000   123.271    25.044     0.000   123.240    24.879     0.000   123.202    24.715     0.000
   123.161    24.551     0.000   123.116    24.388     0.000   123.069    24.225     0.000   122.968    23.885     0.000
   122.859    23.547     0.000   122.737    23.215     0.000   122.596    22.892     0.000   122.431    22.583     0.000
   122.237    22.293     0.000   122.010    22.023     0.000   121.776    21.806     0.000   121.517    21.610     0.000
   121.236    21.440     0.000   120.938    21.298     0.000   120.628    21.186     0.000   120.310    21.108     0.000
   119.988    21.065     0.000   119.719    21.058     0.000   119.451    21.076     0.000   119.185    21.118     0.000
   118.921    21.180     0.000   118.661    21.261     0.000   118.405    21.359     0.000   118.405    21.359     0.000
   118.216    21.439     0.000   118.029    21.520     0.000   117.850    21.607     0.000   117.682    21.702     0.000
   117.528    21.807     0.000   117.391    21.926     0.000   117.277    22.060     0.000   117.215    22.158     0.000
   117.164    22.264     0.000   117.122    22.375     0.000   117.088    22.491     0.000   117.063    22.612     0.000
   117.045    22.735     0.000   117.033    22.861     0.000   117.027    23.009     0.000   117.024    23.156     0.000
   117.020    23.301     0.000   117.011    23.442     0.000   116.992    23.578     0.000   116.960    23.707     0.000
   116.909    23.827     0.000   116.812    23.966     0.000   116.686    24.093     0.000   116.540    24.212     0.000
   116.383    24.329     0.000   116.225    24.448     0.000   116.074    24.575     0.000   115.939    24.715     0.000
   115.856    24.828     0.000   115.787    24.948     0.000   115.732    25.074     0.000   115.692    25.204     0.000
   115.666    25.336     0.000   115.656    25.468     0.000   115.661    25.597     0.000   115.703    25.800     0.000
   115.777    25.996     0.000   115.875    26.188     0.000   115.985    26.379     0.000   116.098    26.574     0.000
   116.203    26.776     0.000   116.291    26.989     0.000   116.338    27.150     0.000   116.368    27.315     0.000
   116.380    27.481     0.000   116.372    27.643     0.000   116.342    27.798     0.000   116.287    27.943     0.000
   116.206    28.073     0.000   116.127    28.161     0.000   116.033    28.239     0.000   115.927    28.310     0.000
   115.813    28.375     0.000   115.691    28.435     0.000   115.564    28.491     0.000   115.435    28.547     0.000
   115.273    28.548     0.000   115.113    28.530     0.000   114.957    28.494     0.000   114.809    28.443     0.000
   114.671    28.378     0.000   114.473    28.248     0.000   114.302    28.094     0.000   114.152    27.920     0.000
   114.017    27.731     0.000   113.893    27.533     0.000   113.893    27.533     0.000   113.829    27.415     0.000
   113.764    27.299     0.000   113.698    27.184     0.000   113.629    27.071     0.000   113.556    26.961     0.000
   113.478    26.856     0.000   113.395    26.754     0.000   113.214    26.570     0.000   113.014    26.401     0.000
   112.800    26.242     0.000   112.578    26.088     0.000   112.355    25.936     0.000   112.136    25.779     0.000
   111.928    25.614     0.000   111.817    25.515     0.000   111.709    25.413     0.000   111.603    25.310     0.000
   111.498    25.207     0.000   111.392    25.105     0.000   111.283    25.005     0.000   111.171    24.909     0.000
   110.991    24.773     0.000   110.799    24.648     0.000   110.598    24.537     0.000   110.389    24.438     0.000
   110.173    24.354     0.000   109.952    24.284     0.000   109.727    24.229     0.000   109.611    24.207     0.000
   109.494    24.190     0.000   109.376    24.175     0.000   109.258    24.165     0.000   109.140    24.157     0.000
   109.022    24.153     0.000   108.903    24.151     0.000   108.727    24.154     0.000   108.552    24.163     0.000
   108.378    24.180     0.000   108.205    24.205     0.000   108.034    24.240     0.000   107.865    24.285     0.000
   107.699    24.342     0.000   107.595    24.385     0.000   107.493    24.433     0.000   107.395    24.487     0.000
   107.301    24.545     0.000   107.213    24.609     0.000   107.132    24.678     0.000   107.058    24.753     0.000
   106.966    24.869     0.000   106.890    24.995     0.000   106.827    25.129     0.000   106.774    25.269     0.000
   106.729    25.415     0.000   106.689    25.564     0.000   106.653    25.715     0.000   106.630    25.813     0.000
   106.605    25.910     0.000   106.577    26.004     0.000   106.544    26.096     0.000   106.505    26.183     0.000
   106.457    26.265     0.000   106.399    26.341     0.000   106.352    26.390     0.000   106.299    26.435     0.000
   106.243    26.478     0.000   106.183    26.519     0.000   106.120    26.558     0.000   106.056    26.596     0.000
   105.991    26.634     0.000   105.860    26.728     0.000   105.724    26.815     0.000   105.582    26.896     0.000
   105.436    26.970     0.000   105.201    27.074     0.000   104.960    27.168     0.000   104.716    27.255     0.000
   104.472    27.342     0.000   104.231    27.435     0.000   103.997    27.537     0.000   103.772    27.656     0.000
   103.649    27.732     0.000   103.530    27.815     0.000   103.415    27.903     0.000   103.305    27.997     0.000
   103.199    28.095     0.000   103.099    28.196     0.000   103.004    28.301     0.000   102.898    28.429     0.000
   102.801    28.562     0.000   102.714    28.700     0.000   102.639    28.845     0.000   102.577    28.998     0.000
   102.529    29.160     0.000   102.498    29.332     0.000   102.483    29.521     0.000   102.488    29.715     0.000
   102.514    29.905     0.000   102.563    30.083     0.000   102.634    30.242     0.000   102.731    30.372     0.000
   102.852    30.466     0.000   102.994    30.518     0.000   103.156    30.535     0.000   103.336    30.525     0.000
   103.530    30.495     0.000   103.734    30.451     0.000   103.944    30.401     0.000   104.158    30.352     0.000
   104.266    30.329     0.000   104.372    30.311     0.000   104.475    30.300     0.000   104.573    30.296     0.000
   104.665    30.304     0.000   104.747    30.325     0.000   104.820    30.362     0.000   104.876    30.408     0.000
   104.922    30.467     0.000   104.960    30.534     0.000   104.988    30.608     0.000   105.009    30.687     0.000
   105.020    30.766     0.000   105.024    30.845     0.000   105.012    30.971     0.000   104.979    31.090     0.000
   104.929    31.202     0.000   104.863    31.311     0.000   104.785    31.418     0.000   104.697    31.526     0.000
   104.602    31.636     0.000   104.555    31.690     0.000   104.508    31.746     0.000   104.464    31.801     0.000
   104.426    31.855     0.000   104.395    31.908     0.000   104.374    31.959     0.000   104.364    32.007     0.000
   104.392    32.111     0.000   104.481    32.202     0.000   104.614    32.287     0.000   104.775    32.370     0.000
   104.947    32.457     0.000   105.114    32.554     0.000   105.259    32.666     0.000   105.373    32.805     0.000
   105.445    32.962     0.000   105.476    33.127     0.000   105.468    33.295     0.000   105.421    33.457     0.000
   105.337    33.607     0.000   105.218    33.736     0.000   105.100    33.822     0.000   104.968    33.895     0.000
   104.830    33.960     0.000   104.695    34.023     0.000   104.572    34.088     0.000   104.467    34.160     0.000
   104.389    34.244     0.000   104.353    34.317     0.000   104.331    34.397     0.000   104.320    34.484     0.000
   104.313    34.575     0.000   104.308    34.671     0.000   104.299    34.768     0.000   104.282    34.867     0.000
   104.256    34.956     0.000   104.226    35.043     0.000   104.194    35.128     0.000   104.166    35.210     0.000
   104.148    35.288     0.000   104.144    35.362     0.000   104.159    35.430     0.000   104.203    35.498     0.000
   104.272    35.559     0.000   104.361    35.612     0.000   104.466    35.658     0.000   104.583    35.696     0.000
   104.706    35.728     0.000   104.830    35.753     0.000   105.044    35.781     0.000   105.250    35.793     0.000
   105.448    35.794     0.000   105.642    35.788     0.000   105.832    35.779     0.000   106.021    35.772     0.000
   106.210    35.771     0.000   106.380    35.778     0.000   106.551    35.792     0.000   106.724    35.813     0.000
   106.898    35.838     0.000   107.072    35.866     0.000   107.248    35.897     0.000   107.424    35.928     0.000
   107.573    35.956     0.000   107.721    35.978     0.000   107.868    35.990     0.000   108.013    35.990     0.000
   108.155    35.976     0.000   108.324    35.938     0.000   108.489    35.881     0.000   108.651    35.811     0.000
   108.812    35.735     0.000   108.973    35.658     0.000   109.137    35.586     0.000   109.303    35.527     0.000
   109.468    35.485     0.000   109.636    35.456     0.000   109.808    35.438     0.000   109.983    35.429     0.000
   110.159    35.425     0.000   110.335    35.424     0.000   110.512    35.423     0.000   110.662    35.421     0.000
   110.812    35.417     0.000   110.961    35.412     0.000   111.110    35.405     0.000   111.258    35.398     0.000
   111.406    35.390     0.000   111.553    35.382     0.000
0 1
   111.754    35.364     0.000
6 85
   113.178    40.072     0.000   113.214    40.034     0.000   113.250    39.995     0.000   113.286    39.956     0.000
   113.321    39.916     0.000   113.357    39.875     0.000   113.393    39.834     0.000   113.429    39.792     0.000
   113.497    39.708     0.000   113.562    39.621     0.000   113.619    39.531     0.000   113.665    39.441     0.000
   113.695    39.349     0.000   113.707    39.259     0.000   113.695    39.171     0.000   113.684    39.135     0.000
   113.668    39.100     0.000   113.649    39.065     0.000   113.628    39.030     0.000   113.605    38.996     0.000
   113.580    38.961     0.000   113.555    38.926     0.000   113.512    38.866     0.000   113.468    38.807     0.000
   113.422    38.750     0.000   113.372    38.695     0.000   113.320    38.645     0.000   113.262    38.600     0.000
   113.198    38.561     0.000   113.148    38.537     0.000   113.094    38.516     0.000   113.038    38.498     0.000
   112.980    38.483     0.000   112.921    38.469     0.000   112.860    38.456     0.000   112.799    38.444     0.000
   112.748    38.443     0.000   112.696    38.446     0.000   112.645    38.452     0.000   112.595    38.463     0.000
   112.547    38.476     0.000   112.500    38.493     0.000   112.456    38.513     0.000   112.381    38.559     0.000
   112.313    38.612     0.000   112.251    38.671     0.000   112.191    38.731     0.000   112.131    38.792     0.000
   112.068    38.849     0.000   111.998    38.901     0.000   111.937    38.937     0.000   111.871    38.969     0.000
   111.803    38.999     0.000   111.734    39.029     0.000   111.666    39.060     0.000   111.601    39.095     0.000
   111.541    39.135     0.000   111.464    39.203     0.000   111.401    39.281     0.000   111.354    39.368     0.000
   111.322    39.458     0.000   111.309    39.551     0.000   111.314    39.641     0.000   111.340    39.727     0.000
   111.373    39.786     0.000   111.417    39.840     0.000   111.470    39.891     0.000   111.530    39.938     0.000
   111.596    39.982     0.000   111.667    40.023     0.000   111.741    40.061     0.000   111.822    40.100     0.000
   111.906    40.135     0.000   111.990    40.166     0.000   112.076    40.193     0.000   112.162    40.214     0.000
   112.250    40.229     0.000   112.338    40.238     0.000   112.443    40.240     0.000   112.549    40.234     0.000
   112.655    40.220     0.000   112.762    40.200     0.000   112.869    40.176     0.000   112.976    40.149     0.000
   113.082    40.121     0.000
0 1
   113.178    40.072     0.000
2 71
   134.736    48.230     0.000   134.885    48.180     0.000   135.029    48.130     0.000   135.166    48.077     0.000
   135.290    48.019     0.000   135.399    47.957     0.000   135.489    47.888     0.000   135.555    47.812     0.000
   135.602    47.706     0.000   135.612    47.591     0.000   135.591    47.468     0.000   135.544    47.342     0.000
   135.475    47.216     0.000   135.389    47.093     0.000   135.292    46.977     0.000   135.164    46.847     0.000
   135.028    46.728     0.000   134.887    46.616     0.000   134.745    46.508     0.000   134.604    46.399     0.000
   134.468    46.287     0.000   134.339    46.168     0.000   134.183    45.996     0.000   134.039    45.813     0.000
   133.899    45.627     0.000   133.757    45.447     0.000   133.606    45.281     0.000   133.440    45.136     0.000
   133.251    45.021     0.000   133.100    44.961     0.000   132.935    44.917     0.000   132.755    44.886     0.000
   132.562    44.864     0.000   132.355    44.849     0.000   132.135    44.836     0.000   131.903    44.825     0.000
   131.652    44.810     0.000   131.399    44.798     0.000   131.155    44.792     0.000   130.931    44.798     0.000
   130.738    44.822     0.000   130.587    44.867     0.000   130.488    44.940     0.000   130.452    45.022     0.000
   130.451    45.121     0.000   130.481    45.234     0.000   130.535    45.355     0.000   130.607    45.482     0.000
   130.692    45.609     0.000   130.784    45.733     0.000   130.948    45.932     0.000   131.114    46.114     0.000
   131.281    46.282     0.000   131.449    46.441     0.000   131.617    46.596     0.000   131.785    46.751     0.000
   131.953    46.911     0.000   132.122    47.082     0.000   132.294    47.257     0.000   132.472    47.431     0.000
   132.662    47.599     0.000   132.866    47.756     0.000   133.088    47.896     0.000   133.333    48.013     0.000
   133.492    48.070     0.000   133.660    48.119     0.000   133.834    48.161     0.000   134.013    48.196     0.000
   134.196    48.227     0.000   134.383    48.255     0.000   134.570    48.281     0.000
2.5 1
   134.736    48.230     0.000
STATION_SITUATION
50775 0
50776 0
50778 0
50779 0
50787 0
50788 0
50871 0
50873 0
50877 0
50878 0
50879 0
50880 0
50884 0
50888 2
50892 2
50963 0
50964 0
50965 0
50968 0
50973 0
50978 2
50979 0
50983 2
50985 2
50987 2
51053 0
51057 0
51058 0
51059 0
51060 0
51068 0
51076 0
51087 0
51133 0
51137 0
51145 0
51156 0
51186 0
51232 0
51238 0
51241 0
51243 0
51328 0
51329 0
51330 0
51334 0
51346 0
51356 0
51357 0
51358 0
51359 0
51365 0
51367 0
51368 0
51377 0
51378 0
51430 0
51431 0
51433 0
51434 0
51435 0
51436 0
51437 0
51438 0
51463 0
51465 0
51467 0
51468 0
51469 0
51470 0
51477 0
51495 0
51542 0
51559 0
51627 0
51628 0
51629 0
51633 0
51701 0
51704 0
51705 0
51707 0
51708 0
51709 0
51711 0
51716 0
51717 0
51720 0
51802 0
51804 0
51810 0
51811 0
51814 0
51815 0
51818 0
51826 0
51827 0
51828 0
51829 0
52993 0
52995 0
52996 0
52998 0
53478 0
53562 0
53565 0
53573 0
53574 0
53575 0
53576 0
53577 0
53578 0
53579 0
53580 0
53584 0
53585 0
53588 0
53673 0
53676 0
53681 0
53829 0
53906 0
53908 0
53910 0
53914 0
53915 0
53916 0
53917 0
53923 0
53924 0
53925 0
53926 0
53927 0
53928 0
53929 0
53934 0
53935 0
53937 0
53938 0
53941 0
53945 0
53947 0
53948 0
53949 0
53950 0
53956 0
53958 0
53959 0
53967 0
53968 0
53978 0
54069 0
54072 0
54076 0
54080 0
54092 0
54093 0
54094 0
54096 0
54098 0
54099 0
54154 0
54156 0
54157 0
54161 0
54164 0
54165 0
54169 0
54171 0
54172 0
54181 0
54186 0
54187 0
54192 0
54195 0
54243 0
54247 0
54248 0
54249 0
54252 0
54254 0
54259 0
54260 0
54261 0
54263 0
54266 0
54267 0
54273 0
54274 0
54276 0
54284 0
54285 0
54286 0
54287 0
54290 0
54291 0
54292 0
54293 0
54332 0
54333 0
54339 0
54340 0
54342 0
54345 0
54346 0
54347 0
54348 0
54349 0
54351 0
54353 0
54362 0
54363 0
54365 0
54371 0
54374 0
54377 0
54386 0
54472 0
54483 0
54486 0
54493 0
54494 0
54497 0
55437 0
55655 2
55664 0
55690 0
55773 0
56091 0
56092 0
56094 0
56194 0
56195 0
56276 0
56278 0
56279 0
56280 0
56281 0
56284 0
56287 0
56297 0
56298 0
56373 0
56376 0
56380 0
56381 0
56382 0
56383 0
56384 0
56385 0
56386 0
56387 0
56389 0
56390 0
56391 0
56393 0
56394 0
56395 0
56396 0
56473 0
56480 0
56483 0
56485 0
56487 0
56489 0
56490 0
56491 0
56492 0
56493 0
56494 0
56495 0
56496 0
56497 0
56498 0
56499 0
56582 0
56592 0
56593 0
56594 0
56595 0
56596 0
57001 0
57002 0
57003 0
57004 0
57006 0
57007 0
57008 0
57011 0
57012 0
57014 0
57016 0
57020 0
57021 0
57022 0
57023 0
57024 0
57025 0
57026 0
57027 0
57028 0
57029 0
57030 0
57031 0
57032 0
57033 0
57034 0
57035 0
57036 0
57037 0
57038 0
57039 0
57040 0
57041 0
57042 0
57043 0
57044 0
57045 0
57046 0
57047 0
57048 0
57049 0
57051 0
57052 0
57053 0
57054 0
57055 0
57056 0
57057 0
57060 0
57061 0
57063 0
57065 0
57066 0
57067 0
57070 0
57071 0
57072 0
57073 0
57074 0
57075 0
57076 0
57077 0
57078 0
57080 0
57082 0
57102 0
57105 0
57106 0
57110 0
57111 0
57113 0
57119 0
57124 0
57126 0
57127 0
57128 0
57129 0
57132 0
57134 0
57137 0
57140 0
57143 0
57144 0
57153 0
57154 0
57155 0
57156 0
57162 0
57169 0
57171 0
57173 0
57175 0
57176 0
57177 0
57178 0
57179 0
57180 0
57181 0
57182 0
57183 0
57184 0
57185 0
57186 0
57187 0
57188 0
57189 0
57194 0
57196 0
57197 0
57204 0
57206 0
57208 0
57211 0
57213 0
57216 0
57217 0
57231 0
57232 0
57233 0
57237 0
57238 0
57242 0
57245 0
57247 0
57248 0
57249 0
57251 0
57253 0
57254 0
57256 0
57257 0
57259 0
57260 0
57261 0
57265 0
57268 0
57271 0
57273 0
57274 0
57277 0
57278 0
57279 0
57281 0
57285 0
57289 0
57290 0
57292 0
57293 0
57294 0
57295 0
57296 0
57297 0
57298 0
57299 0
57303 0
57304 0
57306 0
57307 0
57308 0
57309 0
57313 0
57314 0
57315 0
57317 0
57318 0
57320 0
57324 0
57326 0
57328 0
57329 0
57333 0
57338 0
57339 0
57343 0
57345 0
57348 0
57349 0
57355 0
57358 0
57359 0
57361 0
57362 0
57363 0
57368 0
57370 0
57377 0
57378 0
57381 0
57385 0
57387 0
57388 0
57389 0
57390 0
57395 0
57396 0
57398 0
57399 0
57401 0
57402 0
57405 0
57407 0
57408 0
57409 0
57411 0
57413 0
57414 0
57415 0
57416 0
57417 0
57420 0
57425 0
57426 0
57431 0
57432 0
57437 0
57438 0
57439 0
57445 0
57447 0
57451 0
57453 0
57458 0
57460 0
57461 0
57462 0
57464 0
57465 0
57466 0
57469 0
57474 0
57475 0
57476 0
57477 0
57481 0
57482 0
57483 0
57485 0
57486 0
57489 0
57491 0
57492 0
57493 0
57494 0
57496 0
57498 0
57499 0
57502 0
57503 0
57504 0
57505 0
57506 0
57507 0
57508 0
57509 0
57510 0
57511 0
57512 0
57513 0
57514 0
57516 0
57517 0
57518 0
57519 0
57520 0
57522 0
57523 0
57525 0
57536 0
57537 0
57540 0
57541 0
57543 0
57544 0
57545 0
57554 0
57558 0
57562 0
57564 0
57565 0
57566 0
57571 0
57573 0
57574 0
57575 0
57577 0
57581 0
57582 0
57583 0
57584 0
57585 0
57586 0
57589 0
57590 0
57595 0
57598 0
57600 0
57602 0
57603 0
57604 0
57605 0
57606 0
57608 0
57609 0
57612 0
57614 0
57622 0
57623 0
57625 0
57633 0
57634 0
57635 0
57636 0
57637 0
57640 0
57642 0
57643 0
57646 0
57647 0
57649 0
57655 0
57657 0
57658 0
57661 0
57662 0
57663 0
57666 0
57669 0
57671 0
57673 0
57674 0
57678 0
57679 0
57680 0
57682 0
57687 0
57688 0
57694 0
57707 0
57708 0
57710 0
57713 0
57714 0
57717 0
57718 0
57719 0
57720 0
57722 0
57723 0
57728 0
57729 0
57730 0
57731 0
57732 0
57734 0
57735 0
57736 0
57737 0
57738 0
57739 0
57740 0
57741 0
57742 0
57743 0
57744 0
57745 0
57746 0
57749 0
57752 0
57754 0
57758 0
57760 0
57761 0
57762 0
57763 0
57766 0
57767 0
57768 0
57769 0
57771 0
57772 0
57773 0
57774 0
57776 0
57777 0
57778 0
57779 0
57780 0
57781 0
57782 0
57786 0
57803 0
57811 0
57813 0
57816 0
57821 0
57822 0
57823 0
57824 0
57825 0
57826 0
57827 0
57828 0
57829 0
57832 0
57834 0
57835 0
57837 0
57839 0
57840 0
57841 0
57842 0
57844 0
57845 0
57846 0
57851 0
57853 0
57857 0
57859 0
57860 0
57865 0
57866 0
57867 0
57868 0
57870 0
57871 0
57872 0
57874 0
57875 0
57881 0
57911 0
57912 0
57913 0
57914 0
57915 0
57916 0
57921 0
57922 0
57923 0
57926 0
57927 0
57932 0
57936 0
57941 0
57942 0
57947 0
57948 0
57949 0
57954 0
57955 0
57956 0
57957 0
57958 0
57960 0
57962 0
57964 0
57965 0
57969 0
58104 0
58107 0
58108 0
58109 0
58117 0
58118 0
58127 0
58129 0
58138 0
58146 0
58147 0
58148 0
58150 0
58151 0
58154 0
58158 0
58202 0
58203 0
58205 0
58207 0
58208 0
58210 0
58212 0
58214 0
58215 0
58220 0
58221 0
58222 0
58223 0
58224 0
58225 0
58230 0
58234 0
58235 0
58236 0
58237 0
58238 0
58239 0
58240 0
58241 0
58242 0
58243 0
58244 0
58245 0
58246 0
58247 0
58248 0
58249 0
58250 0
58251 0
58252 0
58254 0
58255 0
58257 0
58259 0
58264 0
58265 0
58266 0
58268 0
58269 0
58301 0
58305 0
58306 0
58311 0
58314 0
58316 0
58317 0
58319 0
58320 0
58321 0
58323 0
58326 0
58327 0
58329 0
58330 0
58331 0
58333 0
58334 0
58335 0
58336 0
58337 0
58338 0
58339 0
58340 0
58341 0
58342 0
58343 0
58344 0
58345 0
58346 0
58349 0
58351 0
58352 0
58353 0
58354 0
58356 0
58357 0
58358 0
58359 0
58360 0
58361 0
58362 0
58364 0
58365 0
58366 0
58367 0
58369 0
58374 0
58376 0
58377 0
58401 0
58402 0
58404 0
58407 0
58408 0
58409 0
58414 0
58415 0
58416 0
58417 0
58418 0
58419 0
58420 0
58421 0
58423 0
58424 0
58426 0
58427 0
58428 0
58429 0
58431 0
58432 0
58433 0
58435 0
58436 0
58437 0
58438 0
58441 0
58442 0
58443 0
58445 0
58446 0
58447 0
58448 0
58449 0
58450 0
58451 0
58452 0
58453 0
58454 0
58455 0
58456 0
58457 0
58458 0
58459 0
58460 0
58461 0
58462 0
58463 0
58464 0
58467 0
58468 0
58472 0
58473 0
58477 0
58484 0
58500 0
58501 0
58502 0
58503 0
58506 0
58507 0
58508 0
58509 0
58510 0
58512 0
58514 0
58517 0
58518 0
58519 0
58520 0
58523 0
58527 0
58529 0
58530 0
58531 0
58534 0
58537 0
58542 0
58543 0
58544 0
58546 0
58547 0
58548 0
58549 0
58550 0
58553 0
58555 0
58556 0
58557 0
58558 0
58559 0
58562 0
58563 0
58565 0
58567 0
58568 0
58570 0
58590 0
58600 0
58601 0
58602 0
58606 0
58607 0
58611 0
58612 0
58614 0
58615 0
58616 0
58617 0
58618 0
58620 0
58622 0
58623 0
58624 0
58625 0
58626 0
58627 0
58629 0
58631 0
58632 0
58633 0
58634 0
58635 0
58637 0
58642 0
58643 0
58644 0
58646 0
58647 0
58652 0
58653 0
58654 0
58656 0
58657 0
58658 0
58659 0
58660 0
58693 0
58712 0
58712 0
58713 0
58715 0
58718 0
58724 0
58725 0
58730 0
58731 0
58734 0
58735 0
58736 0
58737 0
58742 0
58744 0
58745 0
58746 0
58747 0
58748 0
58749 0
58750 0
58751 0
58752 0
58754 0
58760 0
58813 0
58814 0
58818 0
58819 0
58820 0
58821 0
58822 0
58823 0
58824 0
58826 0
58828 0
58834 0
58836 0
58837 0
58839 0
58843 0
58844 0
58845 0
58846 0
58847 0
58848 0
58849 0
58903 0
58906 0
58911 0
58912 0
58917 0
58918 0
58921 0
58923 0
58926 0
58927 0
58928 0
58929 0
58931 0
58932 0
58933 0
58934 0
58935 0
58936 0
58938 0
58940 0
58941 0
58942 0
58944 0
58945 0
58946 0
58965 0
58968 0
58969 0
58974 0
59022 0
59023 0
59025 0
59031 0
59033 0
59034 0
59041 0
59044 0
59045 0
59046 0
59047 0
59051 0
59052 0
59055 0
59113 0
59114 0
59116 0
59122 0
59124 0
59125 0
59126 0
59127 0
59129 0
59130 0
59131 0
59133 0
59134 0
59135 0
59137 0
59152 0
59153 0
59155 0
59158 0
59162 0
59320 0
59321 0
59322 0
59324 0
59327 0
59328 0
59345 0
59348 0
59353 0
59354 0
59358 0
59359 0
59362 0
59368 0
59399 0
59553 0
59554 0
59556 0
59559 0
59562 0
59567 0
WEATHER_REGION: 0
FILLAREA: 0
NOTES_SYMBOL: 4
48 132.449 46.230 0 1 4 0 4  12 1 255 0 255 255
48 85.263 28.752 0 1 4 0 4  12 1 255 0 255 255
48 82.824 43.624 0 1 1 0 4  12 1 255 0 255 255
48 109.732 29.273 0 1 9 0 4  12 1 255 0 255 255
WithProp_LINESYMBOLS: 3
0 4 255 165 43 42 0 0
43
111.402 35.586 0.0
111.334 35.506 0.0
111.265 35.426 0.0
111.194 35.346 0.0
111.121 35.267 0.0
111.045 35.190 0.0
110.966 35.113 0.0
110.881 35.039 0.0
110.765 34.945 0.0
110.640 34.856 0.0
110.510 34.775 0.0
110.375 34.703 0.0
110.236 34.643 0.0
110.096 34.596 0.0
109.954 34.564 0.0
109.687 34.551 0.0
109.418 34.589 0.0
109.147 34.666 0.0
108.871 34.770 0.0
108.586 34.887 0.0
108.293 35.005 0.0
107.988 35.112 0.0
107.784 35.168 0.0
107.578 35.212 0.0
107.374 35.241 0.0
107.174 35.251 0.0
106.983 35.241 0.0
106.803 35.208 0.0
106.638 35.149 0.0
106.504 35.073 0.0
106.381 34.979 0.0
106.267 34.871 0.0
106.158 34.755 0.0
106.051 34.634 0.0
105.942 34.514 0.0
105.829 34.400 0.0
105.681 34.273 0.0
105.523 34.159 0.0
105.357 34.055 0.0
105.183 33.959 0.0
105.005 33.869 0.0
104.823 33.783 0.0
104.641 33.698 0.0
NoLabel 0
0 4 255 165 43 42 0 0
85
118.761 33.312 0.0
118.671 33.195 0.0
118.579 33.081 0.0
118.484 32.971 0.0
118.385 32.869 0.0
118.278 32.776 0.0
118.163 32.695 0.0
118.037 32.629 0.0
117.950 32.594 0.0
117.858 32.565 0.0
117.763 32.540 0.0
117.665 32.519 0.0
117.566 32.499 0.0
117.466 32.480 0.0
117.367 32.460 0.0
117.245 32.433 0.0
117.125 32.405 0.0
117.005 32.377 0.0
116.886 32.351 0.0
116.767 32.328 0.0
116.647 32.310 0.0
116.526 32.299 0.0
116.369 32.296 0.0
116.211 32.307 0.0
116.053 32.331 0.0
115.897 32.367 0.0
115.746 32.415 0.0
115.600 32.474 0.0
115.461 32.545 0.0
115.315 32.636 0.0
115.177 32.736 0.0
115.044 32.840 0.0
114.911 32.942 0.0
114.776 33.039 0.0
114.635 33.123 0.0
114.485 33.192 0.0
114.359 33.232 0.0
114.227 33.261 0.0
114.090 33.282 0.0
113.949 33.297 0.0
113.806 33.310 0.0
113.663 33.322 0.0
113.519 33.337 0.0
113.276 33.372 0.0
113.036 33.416 0.0
112.799 33.464 0.0
112.564 33.512 0.0
112.329 33.552 0.0
112.094 33.581 0.0
111.859 33.592 0.0
111.601 33.581 0.0
111.343 33.550 0.0
111.083 33.506 0.0
110.824 33.458 0.0
110.564 33.412 0.0
110.304 33.376 0.0
110.044 33.357 0.0
109.855 33.357 0.0
109.666 33.368 0.0
109.477 33.389 0.0
109.289 33.418 0.0
109.101 33.455 0.0
108.914 33.496 0.0
108.728 33.542 0.0
108.547 33.589 0.0
108.366 33.637 0.0
108.186 33.683 0.0
108.005 33.726 0.0
107.824 33.763 0.0
107.640 33.793 0.0
107.455 33.814 0.0
107.288 33.824 0.0
107.119 33.826 0.0
106.949 33.819 0.0
106.780 33.804 0.0
106.612 33.782 0.0
106.446 33.752 0.0
106.282 33.716 0.0
106.051 33.654 0.0
105.826 33.580 0.0
105.606 33.498 0.0
105.390 33.407 0.0
105.177 33.311 0.0
104.967 33.211 0.0
104.758 33.108 0.0
NoLabel 0
0 4 255 255 255 0 0 0
36
114.913 39.468 0.0
114.796 39.438 0.0
114.678 39.409 0.0
114.562 39.385 0.0
114.446 39.366 0.0
114.331 39.354 0.0
114.218 39.351 0.0
114.106 39.359 0.0
114.015 39.375 0.0
113.925 39.397 0.0
113.835 39.422 0.0
113.744 39.449 0.0
113.652 39.474 0.0
113.558 39.496 0.0
113.462 39.511 0.0
113.405 39.516 0.0
113.347 39.518 0.0
113.289 39.517 0.0
113.232 39.513 0.0
113.176 39.505 0.0
113.122 39.493 0.0
113.070 39.478 0.0
112.970 39.436 0.0
112.880 39.380 0.0
112.799 39.313 0.0
112.725 39.238 0.0
112.656 39.159 0.0
112.590 39.077 0.0
112.524 38.995 0.0
112.457 38.915 0.0
112.390 38.839 0.0
112.321 38.764 0.0
112.252 38.691 0.0
112.182 38.619 0.0
112.112 38.548 0.0
112.042 38.477 0.0
NoLabel 0
