 diamond 4 15021208_000时效（021208）EC_850hPa温度场
    15     2    12     0     0   850   2.5  -2.5   0.0 357.5    90     0   144    37     4   -40    40     0     0
  -19.61  -19.61  -19.61  -19.61  -19.61  -19.61  -19.61  -19.61  -19.61
  -19.61  -19.61  -19.61  -19.61  -19.61  -19.61  -19.61  -19.61  -19.61
  -19.61  -19.61  -19.61  -19.61  -19.61  -19.61  -19.61  -19.61  -19.61
  -19.61  -19.61  -19.61  -19.61  -19.61  -19.61  -19.61  -19.61  -19.61
  -19.61  -19.61  -19.61  -19.61  -19.61  -19.61  -19.61  -19.61  -19.61
  -19.61  -19.61  -19.61  -19.61  -19.61  -19.61  -19.61  -19.61  -19.61
  -19.61  -19.61  -19.61  -19.61  -19.61  -19.61  -19.61  -19.61  -19.61
  -19.61  -19.61  -19.61  -19.61  -19.61  -19.61  -19.61  -19.61  -19.61
  -19.61  -19.61  -19.61  -19.61  -19.61  -19.61  -19.61  -19.61  -19.61
  -19.61  -19.61  -19.61  -19.61  -19.61  -19.61  -19.61  -19.61  -19.61
  -19.61  -19.61  -19.61  -19.61  -19.61  -19.61  -19.61  -19.61  -19.61
  -19.61  -19.61  -19.61  -19.61  -19.61  -19.61  -19.61  -19.61  -19.61
  -19.61  -19.61  -19.61  -19.61  -19.61  -19.61  -19.61  -19.61  -19.61
  -19.61  -19.61  -19.61  -19.61  -19.61  -19.61  -19.61  -19.61  -19.61
  -19.61  -19.61  -19.61  -19.61  -19.61  -19.61  -19.61  -19.61  -19.61
  -19.61  -19.61  -19.61  -19.61  -19.61  -19.61  -19.61  -19.61  -19.61
  -21.38  -21.40  -21.42  -21.41  -21.42  -21.45  -21.46  -21.46  -21.50
  -21.51  -21.49  -21.50  -21.46  -21.42  -21.40  -21.34  -21.29  -21.24
  -21.15  -21.06  -20.97  -20.87  -20.78  -20.68  -20.61  -20.57  -20.52
  -20.51  -20.49  -20.48  -20.49  -20.45  -20.39  -20.37  -20.33  -20.33
  -20.37  -20.41  -20.50  -20.67  -20.83  -20.99  -21.15  -21.29  -21.37
  -21.43  -21.50  -21.56  -21.58  -21.61  -21.63  -21.63  -21.61  -21.60
  -21.59  -21.58  -21.57  -21.60  -21.63  -21.65  -21.68  -21.71  -21.71
  -21.70  -21.68  -21.65  -21.64  -21.62  -21.63  -21.64  -21.60  -21.58
  -21.55  -21.47  -21.38  -21.28  -21.18  -21.04  -20.91  -20.82  -20.67
  -20.55  -20.43  -20.26  -20.14  -20.02  -19.90  -19.83  -19.76  -19.73
  -19.69  -19.65  -19.67  -19.64  -19.63  -19.59  -19.49  -19.38  -19.23
  -19.08  -18.98  -18.86  -18.78  -18.79  -18.81  -18.85  -18.91  -18.94
  -18.96  -18.97  -19.00  -18.99  -18.97  -19.01  -19.06  -19.14  -19.24
  -19.31  -19.45  -19.60  -19.76  -19.92  -20.03  -20.15  -20.23  -20.31
  -20.44  -20.56  -20.66  -20.76  -20.85  -20.97  -21.07  -21.14  -21.23
  -21.29  -21.33  -21.37  -21.37  -21.40  -21.44  -21.43  -21.41  -21.39
  -22.22  -22.06  -21.99  -21.98  -22.04  -22.24  -22.41  -22.53  -22.57
  -22.50  -22.47  -22.52  -22.68  -22.88  -22.96  -22.95  -22.89  -22.75
  -22.58  -22.41  -22.25  -22.13  -22.03  -21.90  -21.74  -21.50  -21.21
  -20.99  -20.96  -21.10  -21.17  -21.09  -21.15  -21.41  -21.59  -21.85
  -22.50  -23.61  -25.01  -26.45  -27.50  -28.21  -28.57  -28.64  -28.56
  -28.43  -28.20  -27.87  -27.53  -27.15  -26.82  -26.56  -26.22  -25.78
  -25.25  -24.72  -24.28  -23.72  -23.03  -22.35  -21.98  -21.89  -21.93
  -22.13  -22.50  -22.80  -22.94  -22.94  -22.98  -23.17  -23.36  -23.49
  -23.55  -23.50  -23.31  -23.09  -22.92  -22.88  -22.76  -22.51  -22.21
  -21.90  -21.58  -21.29  -21.01  -20.62  -20.08  -19.46  -19.01  -18.89
  -19.00  -19.11  -18.99  -18.76  -18.62  -18.51  -18.39  -18.29  -18.20
  -18.13  -18.20  -18.32  -18.47  -18.67  -18.86  -19.09  -19.35  -19.67
  -20.02  -20.27  -20.56  -20.74  -20.99  -21.14  -21.34  -21.59  -21.76
  -21.89  -21.99  -22.07  -22.19  -22.33  -22.59  -22.89  -23.16  -23.43
  -23.73  -23.99  -24.23  -24.48  -24.62  -24.78  -24.85  -24.84  -24.75
  -24.56  -24.41  -24.17  -23.85  -23.59  -23.32  -23.06  -22.72  -22.47
  -27.11  -26.53  -26.41  -26.50  -26.52  -26.41  -26.24  -26.01  -25.73
  -25.44  -25.13  -24.78  -24.41  -24.07  -23.86  -23.74  -23.70  -23.63
  -23.36  -22.96  -22.59  -22.45  -22.28  -22.14  -21.95  -21.89  -21.64
  -21.23  -21.16  -21.28  -21.28  -21.37  -21.66  -21.87  -21.70  -21.42
  -21.81  -22.76  -23.98  -25.35  -26.61  -27.66  -27.47  -26.26  -25.77
  -25.35  -25.14  -25.04  -25.08  -24.72  -23.45  -22.26  -21.73  -21.64
  -21.49  -21.32  -20.89  -20.67  -20.77  -20.42  -20.77  -21.55  -21.63
  -21.35  -21.40  -21.95  -22.44  -22.40  -22.17  -22.62  -23.03  -23.28
  -23.42  -23.66  -24.14  -24.69  -24.83  -24.49  -23.99  -23.62  -23.41
  -23.35  -23.14  -22.58  -21.73  -20.82  -19.88  -18.91  -18.90  -18.77
  -18.19  -17.82  -17.73  -17.68  -17.69  -17.77  -17.96  -18.17  -18.48
  -18.85  -19.31  -19.63  -19.77  -19.79  -19.91  -20.37  -21.14  -22.21
  -23.50  -24.50  -28.30  -30.72  -31.20  -32.00  -31.00  -30.77  -30.46
  -33.36  -30.53  -31.83  -32.41  -32.61  -32.71  -32.76  -32.97  -33.88
  -34.48  -34.08  -34.67  -35.18  -34.43  -34.21  -32.91  -26.38  -28.07
  -29.83  -31.16  -31.44  -31.56  -31.26  -30.50  -29.56  -28.37  -27.57
  -30.96  -30.03  -29.37  -27.09  -26.39  -27.08  -26.84  -26.14  -25.63
  -25.63  -25.61  -25.73  -25.95  -22.81  -22.67  -23.29  -23.85  -24.13
  -24.08  -23.60  -22.61  -22.96  -23.00  -23.19  -23.25  -22.89  -22.54
  -21.72  -21.70  -21.90  -21.72  -21.18  -20.40  -20.35  -20.13  -20.43
  -21.30  -22.14  -22.64  -21.96  -22.79  -22.19  -22.41  -22.05  -21.74
  -21.57  -21.53  -21.68  -21.63  -21.64  -21.44  -20.87  -20.31  -20.04
  -19.75  -19.13  -18.64  -18.37  -18.10  -18.25  -18.45  -18.22  -18.67
  -19.33  -20.35  -20.37  -20.55  -21.66  -22.98  -23.87  -24.70  -25.82
  -25.93  -25.67  -25.35  -25.21  -24.85  -24.47  -24.44  -24.12  -23.57
  -23.29  -23.18  -22.99  -22.06  -20.72  -19.49  -19.58  -19.95  -19.77
  -18.76  -17.57  -17.34  -17.53  -17.62  -17.72  -18.24  -19.20  -19.47
  -19.52  -20.08  -20.49  -21.08  -22.24  -24.46  -25.94  -28.34  -29.23
  -30.13  -31.88  -32.85  -33.45  -34.30  -30.23  -30.25  -30.11  -30.01
  -30.18  -31.62  -32.45  -31.92  -32.65  -33.68  -34.60  -34.94  -35.20
  -35.37  -35.60  -35.81  -35.88  -35.87  -35.57  -34.39  -33.71  -32.15
  -31.55  -29.88  -30.45  -31.73  -32.47  -33.45  -33.26  -33.07  -32.45
  -32.08  -30.39  -28.24  -26.41  -23.94  -20.80  -18.97  -19.62  -18.71
  -17.69  -19.24  -18.78  -19.05  -19.41  -19.32  -19.24  -19.64  -19.84
  -20.39  -21.91  -22.82  -23.80  -24.56  -24.82  -24.53  -23.69  -23.27
  -23.08  -22.22  -20.58  -20.07  -20.00  -20.26  -20.27  -20.60  -20.48
  -20.49  -21.00  -21.56  -21.89  -21.83  -21.58  -21.37  -21.39  -20.48
  -19.91  -19.49  -19.26  -18.77  -18.90  -18.66  -18.50  -18.37  -17.92
  -17.51  -17.04  -16.10  -15.44  -15.31  -15.53  -15.47  -15.31  -15.56
  -16.25  -17.24  -18.84  -19.18  -19.86  -21.38  -22.94  -23.69  -24.67
  -25.86  -25.64  -25.40  -25.39  -24.82  -24.21  -23.80  -23.36  -23.09
  -23.28  -23.32  -22.63  -21.74  -20.90  -19.14  -17.74  -17.70  -17.72
  -17.36  -17.50  -17.42  -17.87  -18.42  -19.13  -20.48  -21.98  -22.78
  -23.49  -24.15  -24.83  -25.52  -26.25  -26.77  -27.45  -28.07  -28.52
  -28.68  -28.79  -29.24  -29.56  -25.81  -26.95  -26.51  -28.21  -29.18
  -29.47  -29.15  -30.43  -31.88  -33.36  -33.08  -32.71  -32.31  -32.44
  -32.60  -33.18  -34.48  -35.75  -35.85  -35.44  -35.14  -34.37  -33.89
  -31.73  -32.38  -33.11  -33.21  -33.58  -33.85  -33.95  -34.10  -34.16
  -24.35  -24.20  -23.17  -21.68  -19.99  -21.00  -17.10  -13.88  -11.76
   -9.64   -9.90  -11.25  -12.20  -13.35  -14.98  -15.94  -18.06  -19.30
  -20.34  -20.85  -21.13  -21.15  -21.63  -22.81  -23.31  -22.90  -20.86
  -19.53  -19.23  -19.20  -20.03  -19.90  -19.74  -20.13  -20.76  -21.53
  -22.09  -21.94  -21.79  -21.36  -21.46  -21.56  -21.05  -20.45  -19.16
  -18.90  -18.56  -18.05  -17.34  -16.98  -16.73  -16.40  -15.59  -15.17
  -14.88  -14.06  -13.12  -13.14  -13.43  -13.78  -13.96  -14.50  -14.81
  -15.27  -16.03  -17.49  -18.94  -19.60  -20.69  -21.89  -22.84  -23.34
  -23.53  -23.39  -23.65  -23.59  -23.21  -22.79  -22.20  -21.99  -22.06
  -22.25  -22.63  -22.66  -22.44  -21.70  -19.90  -18.20  -17.48  -17.39
  -17.53  -18.00  -18.84  -20.10  -21.60  -22.72  -24.54  -26.69  -28.48
  -29.80  -30.98  -31.01  -30.31  -29.46  -28.65  -28.61  -28.65  -28.31
  -28.14  -27.87  -27.13  -27.01  -26.64  -27.25  -26.82  -26.45  -26.78
  -27.22  -27.33  -27.25  -27.44  -27.72  -32.07  -33.35  -34.58  -34.62
  -33.31  -32.26  -33.01  -33.86  -35.16  -36.47  -36.92  -35.98  -34.04
  -31.69  -29.58  -31.38  -31.81  -31.96  -32.53  -31.51  -29.30  -28.41
  -21.35  -19.81  -18.89  -17.86  -17.86  -17.63  -17.45  -16.56  -15.78
  -14.75  -14.23  -13.77  -12.67  -11.88  -10.97   -9.79   -9.08   -9.73
  -12.26  -14.39  -17.25  -18.26  -19.17  -19.99  -19.97  -18.45  -17.83
  -18.14  -18.81  -20.49  -20.37  -20.44  -20.11  -19.27  -18.96  -19.25
  -18.96  -19.12  -18.43  -18.30  -18.39  -17.98  -17.75  -17.65  -17.05
  -17.04  -17.57  -17.95  -17.54  -16.71  -13.44  -14.60  -16.52  -15.22
  -14.58  -13.67  -12.74  -12.58  -12.81  -12.96  -13.30  -13.30  -13.93
  -15.04  -15.82  -16.42  -16.85  -17.60  -18.77  -19.60  -19.70  -20.91
  -21.24  -21.40  -21.50  -21.41  -20.78  -20.75  -20.77  -20.77  -20.95
  -21.16  -21.67  -21.53  -20.94  -20.27  -19.40  -18.57  -18.12  -17.93
  -18.03  -18.53  -19.72  -20.43  -21.50  -23.92  -27.12  -29.36  -33.13
  -35.41  -35.29  -34.36  -32.67  -31.33  -30.70  -29.16  -29.09  -28.81
  -28.31  -28.30  -28.60  -28.51  -28.75  -29.96  -29.99  -30.80  -31.03
  -30.83  -30.28  -29.73  -29.32  -27.28  -26.84  -30.80  -32.14  -33.27
  -33.50  -33.70  -32.32  -31.05  -31.63  -33.73  -30.58  -31.81  -27.94
  -28.50  -29.40  -29.60  -30.04  -29.81  -28.75  -27.09  -24.22  -22.53
  -17.21  -15.49  -14.07  -14.53  -13.62  -13.05  -11.93  -10.86  -10.51
  -10.50  -10.06  -10.38  -10.65  -10.24   -9.90   -9.91   -9.72   -9.15
   -9.24  -10.12  -12.26  -15.48  -17.36  -18.34  -19.28  -18.10  -17.98
  -18.23  -18.86  -19.07  -18.86  -19.30  -18.06  -17.62  -17.18  -17.50
  -17.88  -18.63  -17.49  -16.50  -15.96  -15.94  -16.20  -16.26  -15.39
  -16.59  -17.20  -17.12  -16.12  -14.56  -14.91  -16.81  -15.11  -11.34
  -11.33  -11.58  -10.89  -13.08  -12.08  -12.44  -12.79  -12.81  -12.95
  -13.84  -13.91  -14.58  -15.37  -15.59  -16.46  -17.01  -17.62  -18.12
  -18.51  -18.93  -18.80  -17.34  -15.93  -15.68  -15.26  -15.90  -16.67
  -17.73  -18.64  -18.16  -17.01  -16.86  -17.86  -18.69  -19.52  -19.83
  -19.90  -19.80  -19.63  -20.16  -21.06  -22.46  -23.73  -25.48  -27.29
  -29.33  -30.61  -30.70  -29.79  -28.83  -28.35  -27.75  -27.84  -27.63
  -27.81  -28.64  -29.21  -30.14  -30.95  -30.30  -30.01  -29.84  -30.02
  -29.72  -28.46  -27.61  -27.08  -26.05  -24.54  -24.96  -24.66  -28.86
  -30.86  -31.20  -31.23  -30.80  -30.01  -31.07  -31.25  -28.29  -27.80
  -27.84  -27.20  -25.36  -24.82  -24.04  -22.93  -22.08  -20.56  -18.74
  -14.44  -12.86  -11.11  -10.48   -9.13   -8.04   -7.57   -6.88   -4.58
   -4.05   -4.44   -6.26   -6.80   -7.05   -7.32   -8.45   -8.96   -9.98
  -10.45  -10.56  -10.34  -13.59  -15.83  -17.91  -18.62  -18.50  -19.71
  -19.35  -17.84  -17.22  -17.47  -16.67  -15.46  -15.15  -15.21  -16.60
  -17.04  -17.31  -17.25  -17.47  -16.67  -15.72  -16.36  -16.35  -16.51
  -17.03  -16.48  -15.88  -14.90  -13.23  -14.74  -17.20  -11.59  -12.40
  -12.24  -14.25  -11.71  -10.42  -10.49  -10.06   -9.76  -10.24  -10.76
  -11.23  -11.84  -12.43  -13.28  -14.34  -15.44  -14.85  -15.22  -15.64
  -17.59  -17.68  -17.24  -16.77  -14.49  -13.65  -13.33  -11.95  -11.53
  -11.89  -15.84  -16.41  -17.27  -19.20  -16.97  -17.55  -19.03  -19.71
  -20.41  -19.89  -19.16  -19.66  -20.08  -20.54  -21.55  -21.75  -23.29
  -24.09  -24.50  -25.11  -25.09  -24.96  -25.13  -25.30  -25.39  -26.00
  -26.28  -28.05  -30.00  -31.17  -31.38  -31.45  -31.38  -32.32  -29.48
  -28.70  -33.69  -28.26  -26.85  -25.47  -24.21  -23.66  -22.75  -22.75
  -24.18  -25.34  -26.92  -26.37  -25.58  -25.42  -24.85  -24.62  -23.09
  -19.79  -20.06  -17.07  -12.96  -14.19  -14.38  -16.28  -15.86  -15.43
  -13.27  -12.12  -10.44   -8.35   -5.50   -3.00   -3.22   -2.45   -2.34
    0.68    0.82   -1.78   -2.46   -3.53   -4.60   -6.17   -6.09   -6.51
   -7.22   -8.55  -10.00  -12.05  -14.00  -17.22  -19.32  -19.19  -19.89
  -19.48  -18.94  -17.31  -15.97  -16.81  -15.20  -14.22  -15.38  -16.21
  -16.89  -16.72  -16.17  -15.81  -15.36  -15.36  -14.53  -13.75  -13.68
  -13.89  -12.96  -13.69  -13.97  -12.78  -12.83  -13.10  -17.42  -11.58
  -10.25  -12.18  -14.54  -16.95  -15.33  -10.77   -8.84   -9.43   -9.57
   -9.52   -9.77  -10.59  -10.79  -11.61  -11.90  -12.91  -13.15  -13.65
  -14.47  -14.66  -13.76  -16.16  -15.58  -15.29  -15.28  -12.51   -9.94
  -12.66  -11.26  -12.61  -12.59  -13.27  -11.83  -16.62  -19.41  -25.25
  -22.33  -14.64  -18.00  -18.85  -16.86  -15.30  -17.00  -18.94  -19.35
  -22.12  -23.08  -23.71  -23.62  -22.86  -23.03  -23.92  -24.65  -24.99
  -26.27  -27.31  -29.16  -31.85  -33.68  -34.75  -34.56  -34.07  -34.92
  -34.95  -32.86  -31.97  -29.42  -26.26  -23.56  -20.60  -18.69  -21.00
  -22.17  -20.03  -20.38  -18.35  -17.27  -17.03  -18.02  -16.59  -15.30
  -15.07  -15.12  -14.72  -13.83  -12.30  -11.76  -12.41  -13.03  -13.55
   -6.25   -2.57   -2.29   -2.94   -1.67   -0.11    1.23    3.05    2.50
    2.50    1.80    0.53   -0.08   -1.12   -0.94   -1.35   -2.43   -3.34
   -6.49   -7.26   -8.81  -10.73  -10.91  -14.82  -14.65  -17.13  -17.00
  -17.55  -17.76  -16.66  -15.50  -15.38  -14.95  -15.15  -15.27  -15.92
  -16.53  -15.58  -15.49  -15.02  -13.46  -11.88  -11.43  -12.03  -11.66
  -11.34  -11.06  -12.25  -10.42  -10.46  -10.21  -10.03  -11.10  -10.70
  -10.76  -10.57  -12.83  -17.18  -14.95  -12.08  -10.84   -9.64   -8.80
   -7.44   -6.55   -6.59   -9.31  -10.24  -10.58  -10.68  -11.05  -11.98
  -13.10  -13.38  -13.71  -14.66  -12.80  -10.86   -9.69   -6.50   -6.18
   -5.48   -4.04   -5.47   -4.66  -13.90  -10.60  -17.03  -16.47  -15.14
   -8.73  -12.45  -16.19  -10.24  -17.18  -15.74  -15.15  -12.70  -13.71
  -16.43  -20.16  -22.21  -22.77  -22.72  -22.63  -22.92  -23.96  -24.19
  -25.03  -27.04  -30.04  -31.81  -34.02  -36.12  -38.11  -38.89  -38.57
  -37.01  -36.14  -34.46  -31.85  -27.15  -21.35  -19.12  -17.54  -19.35
  -21.31  -18.93  -12.93  -12.50  -12.76  -14.23  -13.74  -13.24  -12.80
  -12.18  -11.43  -11.12  -10.51   -9.90   -9.10  -10.46  -10.25   -9.65
   -2.07   -1.36   -1.04   -4.46    3.07    3.06    4.32    5.51    5.92
    5.68    5.69    4.69    4.24    2.50   -0.18   -0.97   -2.14   -1.87
   -4.46   -6.65   -7.79   -8.86   -9.36  -10.41  -11.16  -13.56  -13.48
  -13.60  -14.04  -13.10  -13.07  -12.41  -12.80  -13.07  -12.85  -13.03
  -12.21  -12.03  -10.66  -10.17  -10.58  -10.50  -11.67  -11.89  -11.56
  -12.73  -12.42  -14.01  -13.53  -11.76  -10.49  -12.04  -12.26  -12.25
  -10.44  -11.02  -11.14  -11.31  -11.73  -10.29   -8.54   -8.75   -8.21
   -5.17   -3.30   -3.39   -4.95   -5.86   -7.09   -8.48   -9.94  -10.97
  -12.01  -12.51  -13.34  -12.52   -9.83   -7.57   -5.86   -5.16   -3.54
   -4.67   -5.24   -5.31   -4.78   -3.60   -2.44   -2.56   -3.43   -4.38
   -4.34   -5.25  -10.00   -8.97   -8.85   -6.51   -9.93  -10.53   -8.82
  -10.76  -15.19  -19.22  -20.67  -21.59  -21.96  -22.23  -22.61  -22.94
  -24.63  -26.98  -28.55  -30.53  -32.91  -34.13  -35.08  -37.48  -38.18
  -36.78  -37.10  -33.35  -30.76  -28.80  -21.75  -18.91  -16.38  -16.56
  -16.09  -13.19  -11.96  -11.57  -11.97  -11.05  -10.43  -11.16  -10.81
  -10.55  -10.52  -10.50   -9.10   -8.74   -6.97   -5.77   -1.25   -0.99
    1.95    3.63    3.88    4.48    4.25    4.82    5.27    5.83    5.87
    6.00    5.66    4.72    1.24   -1.02   -0.02    0.37    0.29   -0.76
   -1.64   -2.48   -5.58   -6.61   -8.95   -8.98   -9.43  -12.11  -13.81
  -14.15  -14.41  -11.00  -12.42  -10.47  -10.16   -8.45   -8.80   -9.66
   -9.04   -8.88   -8.68   -9.25   -8.36   -8.76  -10.07  -10.58  -12.02
  -13.64  -16.21  -18.01  -16.17  -14.09  -11.80  -15.41  -15.62  -15.29
  -13.53  -14.15  -13.02   -9.68   -8.61   -8.67   -8.17   -7.04   -7.27
   -7.51   -8.49  -11.30   -7.13   -7.06   -7.34   -7.93   -8.56   -9.84
  -11.48  -11.96  -11.41   -9.71   -8.35   -6.00   -2.84   -1.90   -2.33
   -2.52   -2.96   -2.68   -1.87   -1.48   -1.23   -0.02   -0.15    0.22
   -0.53   -1.03   -1.98   -6.57   -8.17   -1.52   -1.92   -1.30   -3.13
   -6.52  -12.67  -17.58  -19.60  -20.28  -21.69  -21.89  -21.56  -22.74
  -24.40  -26.00  -26.41  -26.73  -26.93  -27.70  -28.82  -29.78  -30.27
  -31.02  -32.96  -25.82  -25.19  -26.62  -21.02  -19.13  -17.21  -16.06
  -14.89  -10.37  -10.98  -11.22  -10.83  -10.53  -10.58  -11.03  -10.92
  -10.09  -10.03   -8.65   -7.21   -4.05   -0.71   -0.86   -1.75    0.03
    2.39    5.26    6.06    6.03    6.91    6.11    6.64    7.09    7.06
    6.59    3.48    0.50   -3.68   -1.71    0.08    1.37    1.42    0.87
    0.23   -0.39   -1.40   -3.90   -7.62   -9.94   -7.74   -7.66  -10.91
   -9.63   -7.89   -8.36   -7.97   -7.48   -7.28   -6.53   -7.02   -6.25
   -5.54   -4.75   -3.44   -4.58   -6.42   -6.73   -9.76  -11.20  -12.96
  -17.80  -15.09  -15.82  -14.14  -13.09  -11.59  -11.79  -12.05  -14.77
  -13.85  -12.96  -10.17  -10.98  -11.25  -11.04  -11.13  -11.20  -11.23
  -10.29  -10.14  -10.32  -10.80  -11.00   -8.75   -8.73   -8.08   -8.95
  -11.74  -11.71   -9.02   -7.36   -6.73   -7.15   -3.54   -2.41   -2.50
   -2.56   -2.64   -2.19   -1.97   -1.62   -1.52    0.20    1.44    1.91
    1.79    1.33   -0.12   -1.37   -2.17   -2.23    1.35    2.56   -2.50
   -9.42  -12.50  -16.74  -19.59  -21.32  -22.42  -21.91  -22.35  -23.87
  -24.82  -24.98  -24.98  -24.65  -25.16  -25.30  -25.18  -25.38  -26.05
  -26.16  -25.59  -24.22  -25.53  -23.81  -22.55  -21.40  -17.52  -16.38
  -14.83   -8.93   -8.79   -8.89   -9.23   -9.35   -8.73   -8.32   -8.76
   -7.68   -4.33   -0.63   -0.14   -0.31   -1.56   -2.48   -3.49    1.78
    4.40    5.65    6.90    7.89    8.55    7.71    7.61    5.74    4.36
    0.93   -1.60   -2.55   -3.91   -2.94   -2.18   -1.28   -1.71   -1.52
   -1.53   -3.05   -4.55   -4.43   -4.04   -5.10   -0.42   -1.43   -2.58
   -3.65   -3.05   -6.41   -6.21   -3.74   -3.13   -3.04   -2.47   -0.22
    1.37   -9.79   -8.91   -6.64  -11.00   -5.44   -8.54   -9.54  -13.10
  -13.98  -14.31  -13.32  -13.15  -12.12  -11.54  -11.81  -12.19  -13.24
  -15.21  -13.47  -13.13  -12.62  -11.77  -11.78  -12.77  -12.85  -12.15
  -12.56  -13.27  -11.76   -8.73   -9.91  -10.39  -10.37   -9.09   -8.70
  -11.17  -11.14  -10.12   -8.30   -6.85   -5.83   -3.68   -2.37   -2.21
   -3.04   -3.15   -2.70   -1.68   -0.89    0.20    0.79    1.53    2.79
    4.01    4.46    2.17    0.61    0.43    1.56   -0.46    0.55    1.03
   -6.22  -10.62  -15.42  -19.54  -20.56  -23.61  -23.03  -23.08  -24.51
  -25.54  -25.98  -25.76  -25.89  -23.68  -22.48  -21.95  -21.60  -21.17
  -21.84  -22.08  -22.14  -22.13  -22.04  -21.06  -19.53  -22.56  -18.54
  -16.37  -12.03   -4.76   -2.33   -6.10   -6.31   -5.00   -3.76   -2.65
    0.41    0.57   -0.14   -0.31   -0.88   -2.16   -3.76   -0.67    2.13
    3.77    4.26    5.22    6.89    8.13    7.48    5.14    2.43   -0.63
   -2.22   -3.79   -3.29   -3.20   -4.20   -2.75   -1.90   -2.33   -2.52
   -2.49   -2.83   -3.16   -3.91   -4.25   -3.58   -2.45   -1.90   -2.35
   -3.99   -3.15   -2.07   -2.25   -1.62   -0.21    2.17    0.11    0.13
   -3.35  -13.77   -8.68   -4.61  -10.47  -13.03   -8.34  -10.44  -12.49
  -11.11  -12.51  -12.39  -13.06  -11.89  -12.16  -13.49  -13.63  -13.44
  -14.49  -14.65  -14.14  -13.51  -12.47  -11.71  -13.28  -13.96  -13.20
  -12.65  -12.39  -11.58  -10.60   -8.21   -9.68  -10.13  -10.11  -10.54
  -10.56  -10.07   -9.46   -8.37   -6.14   -4.74   -3.54   -2.42   -2.68
   -3.16   -3.24   -2.98   -2.13   -0.51    0.89   -0.10    2.99    3.94
    5.00    6.52    6.70    4.15    2.09    4.39    1.60    1.88    1.81
   -3.80   -5.87  -11.36  -15.60  -19.74  -22.94  -23.08  -23.08  -23.70
  -25.64  -27.02  -25.95  -22.98  -20.61  -19.32  -17.48  -16.68  -15.83
  -15.43  -15.39  -14.99  -14.42  -14.56  -14.00  -13.38  -13.29  -18.40
  -14.64  -12.07   -9.22   -6.55   -0.38   -3.65   -2.43   -2.39    0.05
    1.47    0.17    0.42   -0.19   -1.25   -3.39   -2.64    0.94    3.01
    2.98    3.73    5.07    4.70    4.40    3.20   -0.38   -2.41   -4.11
   -4.71   -6.30   -5.36   -2.11    0.05   -0.50   -0.38   -0.71   -1.94
   -2.51   -2.70   -2.41   -2.67   -3.39   -3.98   -2.83   -3.26   -1.60
   -0.12    1.69    2.09    3.24    3.83    3.52    8.16    6.11   -0.52
    0.24   -2.40  -15.95   -3.70   -3.91  -10.22   -9.16   -9.11   -9.92
  -10.46  -12.96  -13.35  -16.11  -13.31  -14.32  -16.45  -21.14  -17.60
  -16.70  -17.97  -13.43  -13.56  -14.19  -13.14  -12.42  -12.72  -13.20
  -13.00  -11.35  -10.28   -9.22   -7.02   -7.55   -9.13   -9.78  -10.20
  -10.03  -10.13   -9.42   -6.41   -5.85   -4.59   -2.98   -2.91   -2.91
   -1.58   -2.29   -2.26   -1.13    0.07    1.92    1.40    3.02    4.12
    5.61    8.64    7.60    6.90    5.78    6.82    3.40    4.41    3.31
    2.54   -0.74   -8.75  -12.61  -18.12  -22.49  -23.61  -24.05  -24.60
  -23.44  -22.98  -16.60  -15.83  -14.97  -15.10  -13.75  -10.73   -9.44
   -9.01   -8.47   -8.32   -8.08   -7.65   -8.06   -7.48   -8.82  -10.28
   -9.93  -10.44   -6.46    1.76    5.35    2.50    2.78    3.30    3.80
    2.47    0.76    0.42   -0.82   -1.83   -3.99   -1.12    0.19    1.99
    1.61    2.20    4.51    4.64    5.04    2.81   -0.38   -5.29   -7.08
   -7.36   -7.50   -5.06   -1.72    1.56    0.75    1.28    0.19   -3.07
   -1.18   -0.62   -0.19    0.65    0.93    1.16   -0.18   -1.19    0.25
    3.05    5.01    4.02    4.99    5.79    5.62    0.75    1.88    3.30
    1.56   -0.25    3.10    1.18   -2.17   -6.56   -9.51   -9.40   -6.55
   -9.19  -13.30  -14.84  -13.74  -15.77  -17.17  -20.11  -20.31  -19.61
  -18.06  -15.18  -14.09  -12.15  -11.44  -10.74   -9.98   -9.96  -10.29
  -11.16  -10.84   -8.69   -7.79   -5.75   -5.38   -5.14   -6.82   -9.24
   -8.92   -9.18   -6.85   -5.49   -4.11   -2.79   -2.95   -2.52   -1.57
   -1.04   -1.69   -1.62   -1.03    0.27    2.18    3.06    3.69    5.71
    7.45    8.66    7.75    7.56    9.64   10.36    7.49    2.76    8.15
    4.09    5.23    1.33   -5.61  -10.63  -16.88  -21.55  -21.99  -20.45
  -18.75  -17.45  -14.40  -12.47  -11.24  -10.33   -6.70   -4.39   -5.44
   -3.94   -3.05   -3.87   -4.22   -3.11   -2.15    1.14    2.53    2.53
    3.11    4.77    5.68    6.65    7.79    7.45    7.04    6.77    2.88
    2.91    1.23    0.38   -0.82   -1.19   -1.21   -1.07   -0.72   -0.09
   -0.67    3.44    4.60    6.66    4.86    2.67   -0.70   -3.66   -8.15
  -10.55   -8.95   -7.60   -4.30   -3.77   -0.79    1.58    0.03    0.18
    0.05   -4.08    1.98    4.17    3.93    1.47    1.91    2.69    5.60
    5.16    4.72    6.71    6.59    4.11    9.86    5.78    5.69    3.77
   -0.19    0.22   -1.71   -1.91   -2.95   -4.71   -6.55   -8.02   -5.94
   -6.95  -11.06  -13.51  -14.95  -15.77  -18.72  -22.22  -18.87  -16.31
  -15.19  -14.21  -11.89  -10.37   -7.69   -4.49   -4.77   -5.90   -6.71
   -7.18   -8.53   -7.86   -6.13   -4.79   -2.95    0.98   -0.91   -2.83
   -8.74   -7.98   -7.73   -4.97   -3.70   -2.41   -2.06   -1.68   -1.50
   -1.57   -2.17   -1.86   -1.07    1.26    3.00    4.52    5.61    7.86
    7.86    9.34    8.79    9.15   10.88   11.40    9.77   10.42    9.17
    4.62    2.59    6.20    7.72    3.65   -5.34  -11.71  -11.93   -9.79
   -8.24  -13.29  -11.49   -9.47   -7.56   -7.48   -2.31   -2.26   -1.96
   -2.61   -1.06   -0.84   -1.30   -0.52    5.14    4.74    6.53    7.00
    7.27    7.42    7.14    8.88    8.77    9.16    8.51    8.43    4.11
    3.49    1.42    0.57    0.91    0.63    0.82    0.01   -0.62   -0.33
    1.60    3.51    4.99    6.30    4.80    1.03   -0.92   -2.62   -4.40
   -8.24  -10.13   -8.43   -7.47   -3.44   -3.30    0.51    0.13    0.34
    1.67   -1.10    1.49    4.20    5.17    4.38    4.91    5.88    8.29
    9.16    6.78    7.48    8.73    2.67    1.50    0.89   -0.03   -0.74
   -0.56    0.24    4.99    3.08   -2.87   -2.61   -6.50   -5.99   -6.80
   -7.70   -7.76   -9.79  -11.82  -14.68  -15.84  -14.46  -11.16  -11.56
  -10.50   -9.76   -7.68   -4.03   -3.15   -1.84   -1.81   -1.13   -3.30
   -3.43   -4.11   -4.15   -4.89   -3.38   -0.07    0.83   -0.12   -1.06
   -2.46   -5.95   -6.38   -4.31   -3.24   -1.83   -1.29   -1.15   -1.17
   -2.68   -2.84   -2.00   -0.02    1.24    3.64    4.43    6.54    7.34
    6.91    8.64    9.36   12.22   12.15   13.05    9.24   11.87    9.98
    8.51    8.95    7.47    7.06    3.96   -0.24   -2.28   -5.08   -6.30
   -6.17   -9.38   -8.39   -5.67   -5.01   -1.37   -1.10   -1.27   -0.55
    0.76   -2.33    1.22   10.84   11.17    9.91    7.01    8.12    9.71
    9.01    8.24    7.68    8.65    9.32    8.42    9.46    7.96    6.07
    4.57    1.35    1.17    1.99    1.50    1.39    1.05    1.28    1.14
    6.23    5.53    5.18    6.43    5.15    2.28    0.61   -1.33   -5.28
   -7.69   -6.42   -2.50   -6.78   -4.05   -1.21   -1.22   -0.56    0.75
    2.64    5.48    5.16    5.39    5.25    9.54    7.77   10.27   10.28
    8.31   10.59    6.19    5.73    4.50    2.39    1.66    3.63    8.21
    4.20    5.31    8.39    4.70    4.76    4.30   -0.35   -0.48   -0.48
   -1.83   -4.43   -6.06   -9.08  -10.61  -12.37  -11.31  -10.51   -6.23
   -4.56   -4.81   -3.47   -2.28   -0.20    0.62    1.94    1.13    0.20
   -0.92   -3.01   -3.66   -3.02   -0.46    1.61    4.27    2.54    0.30
   -0.43   -4.09   -3.24   -3.46   -2.07   -1.55   -0.97   -0.74   -1.24
   -2.33   -2.40   -1.52    0.50    2.46    3.64    5.20    8.07    7.91
    8.37   10.50   11.44   12.72   13.52   14.29   12.31   12.21   13.28
   10.85   10.13    8.73    5.58    3.95   -1.58   -0.99   -0.01   -0.28
   -1.89   -2.91   -2.86   -0.21    2.43    3.44    2.09    1.85    3.56
    1.30    2.04    9.32    9.36   11.19   11.07    9.06   10.18   10.78
    8.96    9.06    8.13    7.68    8.44    8.28    7.96    7.69    6.19
    4.47    1.54    2.04    2.12    1.71    1.45    2.00    2.42    2.57
    6.69    5.66    4.52    4.86    5.47    3.36    0.94   -0.88   -2.76
   -5.77   -2.47   -2.22   -0.66   -0.73    0.39    0.35    0.30    2.03
    6.01    7.62    9.66   12.90   14.79   14.57   11.72   17.03    9.17
    8.07   10.62   11.98    5.69    3.81    2.03    4.25    5.73    3.18
    6.57    6.80    4.16    2.91    7.34    7.27    2.20    2.70    4.06
    1.42   -1.30   -2.92   -5.34   -7.20   -6.91   -5.12   -3.52   -4.15
   -3.48   -2.69   -0.21    0.92    1.75    1.71    2.32    1.73    0.41
   -0.05   -1.29   -0.65    1.83    2.77    4.12    4.21    1.84    1.54
    1.20   -1.40   -1.90   -1.50   -1.13   -0.82   -0.48   -0.68   -1.06
   -1.71   -1.56   -0.73    0.96    3.17    5.13    7.26    8.80    8.13
    9.27    9.34   12.53   13.46   14.78   15.16   14.61   12.77   11.62
   13.26    9.49    5.86    4.57   -1.19    2.53    5.74    6.48    4.26
    5.97    5.66    5.40    6.51    5.99    5.40    4.84    1.52    2.80
    3.58    9.58    9.88   10.23   11.40   12.27   10.20   10.22   10.36
   10.90   10.00    9.26    8.40    8.42    8.14    7.86    6.93    6.58
    4.13    2.67    2.36    1.88    2.35    1.97    1.89    4.15    6.74
    4.54    7.56    8.79    8.60    8.12    5.16    2.38    0.58    0.22
   -2.57   -3.23   -1.76   -0.76    0.06   -0.37   -0.56    0.68    5.27
   10.58   13.50    9.35   14.50   17.55   18.98   15.04   16.19   12.73
    9.79   12.65   12.20   11.15    5.73    1.87    5.73    7.50    7.95
    7.38    6.80    6.20    4.70    6.39    6.56    1.88    2.62    4.96
    4.02    2.33   -0.53   -1.68   -2.06   -1.04   -0.69   -1.32   -1.88
   -0.23    1.16    2.81    2.44    2.53    2.82    2.25    1.91    0.97
    0.87   -1.07    0.60    3.07    8.14    8.56    7.20    5.23    2.13
    1.53    0.82    0.48   -0.85   -0.66   -1.10   -0.91   -0.44   -0.46
   -0.31   -0.29    0.14    2.30    3.70    6.46    8.69   10.73    9.94
   10.55   12.23   13.48   14.59   16.10   16.33   16.67   15.45   12.73
   13.58   15.28   10.56    2.01    0.65    2.37    7.43   11.01    8.77
    8.83    8.22    9.82    9.10    8.11    6.64    2.10    3.33    4.28
    7.20    9.62   10.65   10.16   11.96   12.77   11.36   11.74   13.90
    8.21    9.72    9.40   10.02    9.50    9.32    8.16    7.29    6.29
    3.27    1.67    3.78    2.54    3.50    4.41    5.63    5.85    5.36
   10.66   12.63   14.05   15.24   11.84    8.02    4.09    1.66    0.89
   -0.15   -1.63   -1.76   -1.65   -1.80   -1.20    0.55    2.70    6.49
   14.20   18.41   18.13   13.80   13.56   15.68   16.81   18.32   16.42
   15.38   13.37   11.91   10.28    9.66   10.89    5.65    6.66    8.33
    9.73    6.98    8.51    9.36    8.30    8.01    4.63    7.02    6.36
    7.50    4.16    2.12   -0.29   -0.72   -0.14    0.91    0.58    0.97
    1.64    3.83    4.12    3.03    2.92    3.28    2.81    1.93    3.11
    3.44    4.44    5.22    8.67   10.27   10.69    9.38    7.20    3.77
    2.09    1.82    1.46    2.05    1.97    1.31    0.93    0.39    0.71
    0.91    2.14    2.61    5.04    6.74    8.90    9.97   10.35   11.57
   10.49   12.46   14.40   14.82   16.95   17.80   18.93   17.35   14.55
   16.24   18.94   17.43   13.47   13.00   12.09   11.03   13.01   12.33
   11.46   11.85   12.65   10.30    8.88    9.00    3.80    6.73    7.86
    8.79   10.61   11.24   11.77   12.89   13.03   13.10   12.99   13.73
    9.30    9.18    9.70    9.66   10.12    8.95    9.84    8.24    7.11
    4.22    3.65    3.34    3.22    3.84    5.84    8.54    7.75    8.50
   15.56   18.56   20.81   21.45   16.76   11.87    8.50    5.28    2.41
    1.81    0.83   -0.30   -1.25   -2.11    1.11    3.48    6.22   12.16
   16.88   22.70   19.43   17.55   16.64   17.51   15.35   17.88   14.37
   16.16   14.60   12.77    9.90    9.90    9.59   10.93    9.15   10.67
    9.76   10.48    9.92   11.42    7.99    9.76    8.25    7.25    7.09
    7.49    5.07    3.17    2.08    1.83    2.02    1.90    2.35    3.91
    4.81    3.87    3.70    3.30    4.07    4.82    5.11    3.84    5.69
    5.61    6.78    9.97   12.68   15.57   15.81   11.13    9.13    6.91
    6.43    3.88    7.27    2.64    3.03    3.28    3.04    2.95    2.73
    3.54    4.69    6.02    7.66    9.23   11.51   12.02   12.48   11.30
   10.84   13.00   15.14   15.47   17.02   17.74   18.16   16.95   17.29
   17.19   18.42   18.95   21.80   18.21   13.80   14.63   13.61   12.81
   13.10   12.31   12.31   11.60    8.85    5.71    6.37    8.64    9.63
   10.04   11.51   11.99   12.95   14.38   14.28   13.71   13.67   12.62
   11.06   10.31    9.92   10.21   10.28   10.16    8.97    8.60    8.33
    5.26    4.85    5.66    4.33    7.27    9.77    9.45   10.25   12.02
   20.61   22.19   21.18   18.02   19.09   15.75   13.12    8.88    5.91
    2.66    1.78    1.78    0.93    3.32    6.44    7.04   12.58   16.35
   18.95   22.84   22.93   20.59   18.89   17.85   18.16   17.42   16.83
   16.46   14.27   14.03   12.56   13.07   12.12   11.99   13.11   12.74
   11.41   10.32   11.91   12.85   10.65    8.88    6.89    7.13    8.20
    9.09    7.69    7.21    6.14    5.15    6.93    5.91    5.79    6.09
    5.01    5.38    5.00    5.26    6.52    7.92    7.53    7.95    9.82
   11.70   12.36   12.68   15.24   15.88   15.83   13.02    9.48   10.05
    9.95    6.49    7.94    4.81    4.57    4.52    4.55    5.04    6.07
    6.55    7.33    8.55   10.21   12.53   12.49   12.49   14.15   10.49
   10.89   13.87   15.18   14.90   16.30   15.95   16.53   15.94   15.61
   16.69   17.42   16.17   22.16   21.56   15.63   16.17   14.11   12.92
   12.82   11.81   12.52   12.59    8.03    7.71    8.56    9.77   10.66
   10.98   11.79   12.24   14.11   14.72   14.75   14.55   13.69   12.46
    9.17    9.81   10.10    9.99   10.25   10.53   10.21    9.05    7.82
    6.43    7.67   10.93   10.47   12.20   11.24   13.15   14.52   17.07
   22.76   22.80   21.29   20.43   18.10   16.68   15.89   12.29    7.68
    6.86    5.97    5.28    6.48    6.97   11.81   15.47   14.56   16.02
   20.98   22.72   23.19   20.94   19.20   16.11   17.26   16.39   16.11
   15.27   15.06   13.35   14.62   15.02   14.49   14.23   13.49   12.36
   12.32   11.87   13.94   14.29   13.93   12.03    8.67    8.63    8.83
    9.26    9.11    8.83    9.21    9.88    9.19    9.11    9.47    8.41
    9.13    8.12    8.14    8.54    7.75   10.17   10.58   12.08   13.79
   14.88   15.28   16.10   17.32   17.52   16.32   15.12   12.30    9.66
   11.66   11.65   10.77    6.78    6.33    6.77    6.46    7.50    7.66
    8.35    9.48   10.33   13.31   13.06   13.80   15.21   13.32   11.85
    9.71   13.93   14.45   15.36   15.53   15.41   15.40   16.08   16.88
   16.99   16.72   18.23   16.95   20.44   19.68   16.36   15.42   14.21
   13.32    9.53   13.04   10.92   12.18   10.62    8.98   10.44   10.53
   12.41   12.38   13.84   15.05   15.24   15.63   15.04   13.36   13.43
   11.20   11.06   10.74   10.92   10.38   11.78   10.55    9.28    9.03
   10.93   13.22   13.98   14.11   13.98   14.89   16.91   19.54   21.66
   24.68   23.94   23.22   22.39   17.48   18.97   18.32   16.39    9.61
   11.38   10.23   10.78   11.35   13.20   15.37   17.02   18.41   21.85
   25.83   24.18   22.05   20.21   19.14   18.01   17.55   17.44   16.35
   15.96   14.95   16.50   16.54   16.23   15.63   15.81   15.04   14.03
   14.02   16.43   16.93   15.35   15.60   14.74    9.73   10.36   10.47
   10.00   11.07   11.90   12.42   12.02   11.31   11.90   11.99   12.96
   13.46   12.42   10.78   10.54   10.65   13.67   13.85   15.52   16.71
   16.69   18.43   18.16   17.24   16.43   16.08   16.13   17.41   14.92
   14.90   14.11   14.42   14.63   14.46   14.50   13.23    9.67    9.97
   10.33   12.80   12.34   14.12   14.15   16.10   16.81   13.53   13.22
   14.50   14.52   13.33   13.22   14.20   14.11   15.95   14.98   15.76
   16.85   16.35   18.43   16.60   19.16   16.42   14.85   16.13   12.97
   13.54   12.60   10.97   10.48   14.72   13.45   12.48   13.15   13.26
   14.50   14.93   15.39   15.92   15.46   15.80   15.24   15.52   13.33
   11.78   11.16   12.84   11.99   11.48   10.88   11.23   11.47   13.99
   14.90   14.88   17.43   17.91   19.52   20.17   21.22   22.79   23.50
   24.85   23.73   22.94   23.27   19.53   19.49   16.93   17.13   16.27
   13.75   12.73   13.97   14.62   16.79   19.34   20.31   18.57   19.15
   25.43   25.76   23.04   19.44   18.33   18.21   17.99   17.51   17.19
   16.78   17.69   17.29   17.32   17.17   15.78   15.52   16.99   16.72
   16.42   16.48   17.79   15.62   16.49   15.45   14.87   10.73   11.99
   11.86   12.21   13.05   13.48   14.31   14.53   14.91   14.86   15.40
   14.99   14.47   12.88   12.77   12.62   17.06   16.22   18.03   17.96
   20.05   22.03   18.00   17.70   17.33   17.91   18.27   19.21   18.75
   17.15   18.12   17.17   16.22   16.17   16.32   15.30   15.05   14.54
   12.86   13.33   15.04   15.52   16.48   16.93   14.95   14.42   14.63
   14.56   15.43   13.44   12.04   12.09   12.07   13.92   13.47   13.74
   14.78   16.04   16.35   17.77   18.36   16.85   19.31   16.95   13.95
   13.85   11.85   12.45   12.53   13.67   15.39   14.24   16.34   16.98
   16.98   16.75   16.47   17.12   17.27   17.04   15.93   16.20   16.07
   15.08   14.44   13.25   14.17   14.68   15.06   15.26   16.34   17.09
   17.93   19.22   19.18   19.99   22.26   23.08   23.51   24.93   25.35
   24.78   23.90   23.53   21.59   20.44   20.88   20.59   19.41   20.17
   15.49   14.13   15.93   18.33   20.32   21.34   23.83   21.54   21.99
   21.62   15.70   16.97   16.85   17.01   16.30   16.35   16.42   16.77
   16.83   16.24   18.34   18.23   15.59   15.96   17.11   16.27   16.84
   17.04   17.28   17.85   16.50   16.54   16.46   15.97   14.28   11.67
   12.12   12.91   13.46   14.62   15.45   16.01   15.22   15.74   14.89
   14.47   14.93   14.70   14.28   15.89   18.13   17.35   17.83   18.34
   20.27   20.69   19.50   17.77   17.75   18.04   19.36   20.25   20.49
   17.69   15.82   16.97   17.68   18.05   17.73   16.62   16.12   15.84
   14.83   16.11   18.23   17.27   15.29   15.94   15.86   16.17   15.03
   16.19   17.22   16.31   13.83   13.39   14.12   14.12   14.39   14.82
   14.25   16.06   15.15   15.40   17.10   17.38   18.31   17.17   16.59
   17.30   16.04   15.01   14.60   14.61   15.68   15.45   16.14   17.77
   17.91   17.22   18.30   19.46   18.51   18.82   18.48   18.32   17.88
   18.37   18.06   17.90   17.67   17.73   17.60   18.04   17.39   17.77
   18.79   20.28   21.17   22.99   23.36   24.87   25.11   25.78   25.21
   24.69   24.42   23.29   21.77   22.03   21.98   22.57   23.62   23.57
   22.31   18.16   20.40   20.13   22.54   24.03   23.29   20.21   21.02
   17.72   18.45   18.08   15.67   15.69   16.96   17.69   17.02   16.97
   15.75   17.54   18.73   19.07   16.98   16.91   16.34   15.89   15.95
   17.00   19.31   17.37   15.96   16.50   16.33   15.92   14.91   11.40
   14.08   13.37   14.70   16.11   16.50   17.10   16.55   16.13   16.41
   16.28   15.82   15.89   15.73   18.12   18.12   17.87   18.05   18.47
   19.64   21.11   18.80   18.84   18.00   18.47   18.23   17.95   17.24
   16.33   16.22   17.11   15.76   15.96   16.03   16.60   17.15   17.18
   16.49   16.77   16.30   16.29   15.87   16.76   17.72   17.24   17.00
   15.85   15.23   14.94   14.74   14.37   13.60   13.97   16.38   13.98
   15.16   15.98   15.53   15.13   16.17   17.05   18.33   16.30   16.63
   18.12   18.59   15.36   15.59   15.94   16.02   16.49   17.18   17.71
   18.38   19.37   19.69   19.03   19.69   19.11   19.19   18.88   18.68
   18.22   18.42   18.62   18.99   18.80   18.78   19.03   19.08   19.08
   19.81   20.95   21.49   22.14   23.69   24.58   24.40   25.07   24.86
   24.27   25.45   24.58   23.49   23.12   24.65   24.47   25.16   27.05
   25.01   23.87   23.77   25.95   25.86   23.61   25.39   20.26   24.81
   18.46   17.01   17.63   16.91   16.54   16.95   17.27   16.72   16.21
   15.48   17.88   18.95   16.83   15.95   16.37   16.62   16.54   16.39
   16.96   19.02   17.53   17.36   15.39   15.85   15.17   14.23   13.94
   14.84   15.14   15.23   16.19   17.11   17.07   16.95   17.10   16.99
   16.59   16.49   16.22   17.63   17.86   17.15   17.64   18.53   18.27
   18.39   18.82   19.25   17.70   17.97   17.22   17.71   17.61   17.53
   16.97   17.92   17.36   16.93   16.92   17.06   16.41   16.70   17.48
   17.23   17.54   17.31   16.24   17.06   16.75   17.78   17.42   17.13
   16.62   16.42   16.10   15.49   15.00   14.84   15.61   14.88   15.20
   15.06   15.88   16.86   16.35   17.07   17.59   17.56   16.95   17.53
   18.07   18.00   16.90   16.30   16.79   16.88   17.30   17.52   18.83
   20.01   20.94   18.81   19.08   18.48   19.68   19.36   18.98   18.72
   18.26   18.44   18.65   18.02   17.96   17.88   17.98   18.44   18.60
   19.08   19.96   21.19   20.89   19.44   21.78   20.43   21.42   22.24
   20.83   22.41   23.44   23.98   25.26   25.15   26.09   26.63   26.32
   26.57   24.91   24.83   26.05   26.55   26.73   24.74   21.89   21.90
   19.46   19.14   18.90   17.28   15.62   17.68   18.04   16.11   15.50
   16.34   16.72   17.83   17.19   17.15   17.44   17.09   17.18   16.78
   16.55   17.29   16.81   16.44   16.07   15.26   15.59   16.42   13.90
   15.77   16.21   16.14   16.40   17.40   17.04   17.03   17.57   17.14
   16.58   16.49   16.36   16.42   17.68   17.52   17.72   17.82   18.54
   18.39   19.29   17.92   17.66   18.05   18.88   17.91   18.95   18.12
   17.75   17.36   17.31   17.97   17.72   17.42   17.49   16.95   17.97
   17.55   17.76   17.49   17.54   17.61   17.50   16.85   16.70   16.90
   16.80   16.30   16.18   16.08   16.21   15.86   16.28   16.27   16.41
   16.74   16.79   16.34   17.51   16.77   17.78   17.23   16.77   16.74
   16.70   17.31   17.42   18.25   18.27   17.41   17.54   18.38   20.47
   20.28   21.01   19.78   18.10   18.15   18.94   18.14   18.29   17.36
   16.22   17.03   17.64   16.39   16.12   17.54   17.27   17.89   17.67
   17.25   18.35   19.29   19.77   18.99   17.68   19.65   19.10   18.59
   18.31   19.33   19.69   19.47   20.58   23.12   23.59   24.26   24.02
   23.75   22.66   23.67   25.13   26.37   24.33   22.76   22.12   22.70
   20.10   18.66   19.38   19.52   18.94   18.60   17.95   17.17   16.54
   17.81   16.83   16.85   17.48   17.83   17.99   18.19   18.21   18.03
   19.08   18.37   19.10   15.73   16.07   15.10   15.96   15.00   15.89
   15.85   16.29   16.13   16.88   17.30   16.99   17.44   17.67   16.86
   16.39   18.75   17.09   17.16   18.10   18.24   19.20   18.77   19.22
   18.45   18.39   18.65   17.25   18.27   18.08   17.89   18.56   18.64
   17.92   18.05   17.42   17.52   17.71   17.88   17.94   17.70   18.05
   18.24   17.95   17.31   17.46   18.73   18.12   18.08   17.70   17.37
   17.35   17.28   16.94   16.94   16.49   16.62   16.18   16.79   16.63
   16.44   16.31   17.04   16.64   16.74   16.78   16.76   16.49   16.64
   16.72   17.07   17.01   17.36   17.76   17.50   18.74   20.58   19.87
   20.47   19.32   20.52   19.33   18.33   17.57   17.82   17.89   17.64
   17.61   18.04   17.11   17.35   17.21   16.83   17.03   16.60   16.95
   16.40   17.52   16.55   17.99   17.58   17.53   17.25   17.81   17.92
   17.79   17.73   18.27   18.65   19.63   21.76   22.10   21.67   20.94
   21.79   20.75   21.76   22.09   24.38   23.44   22.93   21.83   21.19
   20.03   19.01   19.32   19.57   19.24   16.77   15.98   16.88   16.94
   18.14   17.69   17.23   17.29   17.77   17.52   17.50   17.55   17.60
   17.52   16.97   18.17   17.05   16.32   15.69   15.69   16.36   16.20
   16.73   17.31   16.59   17.08   17.41   17.04   18.14   17.70   16.69
   17.29   18.48   17.58   17.06   18.10   18.59   18.48   18.71   19.55
   17.84   18.40   18.18   17.56   18.14   18.33   17.60   17.49   17.52
   17.89   18.00   18.33   18.33   18.33   18.55   18.12   18.42   18.21
   17.86   17.56   18.27   17.38   18.78   17.80   16.83   17.24   17.74
   17.75   17.73   18.22   18.06   17.31   16.53   16.55   16.84   16.29
   16.18   16.75   16.96   16.31   16.23   16.52   16.36   16.66   16.58
   17.30   16.75   16.55   17.02   17.36   17.08   18.03   19.17   19.70
   20.14   19.56   19.36   18.86   19.11   17.71   17.36   17.87   17.51
   17.24   17.58   17.83   17.14   16.88   16.90   17.12   16.74   16.69
   16.62   16.71   17.39   17.35   17.09   17.30   17.50   17.47   17.21
   18.02   17.19   17.78   18.73   18.49   20.61   20.68   20.61   20.07
   20.28   21.00   21.42   24.06   24.60   23.01   17.88   21.07   20.20
   20.02   19.94   19.71   19.22   18.08   16.93   16.59   16.98   17.43
   17.44   17.51   17.01   17.08   17.60   17.36   17.39   17.27   17.24
   17.21   17.60   18.11   16.98   16.66   15.98   16.74   18.60   16.51
   15.93   17.20   16.41   16.86   17.36   17.14   18.28   17.84   18.59
   18.57   18.21   17.59   17.98   17.21   18.04   18.56   18.59   19.23
   18.46   18.28   17.93   18.35   18.59   17.99   18.96   18.76   18.38
   18.72   18.73   18.42   18.32   18.44   18.16   18.42   19.19   18.28
   17.90   18.59   18.58   19.38   19.61   18.34   17.61   17.27   17.56
   18.06   17.52   17.61   17.51   16.96   16.91   16.88   16.92   16.89
   16.29   15.84   17.26   16.04   16.01   16.56   16.40   16.65   17.25
   17.31   17.15   16.82   17.25   17.07   19.59   19.75   19.10   19.36
   19.06   19.27   18.82   18.92   18.26   18.15   18.24   17.31   17.90
   17.77   17.83   18.03   17.11   16.41   16.48   17.88   17.25   16.95
   16.69   17.26   17.44   17.56   17.67   17.99   18.19   18.75   18.03
