diamond  3 2015年01月21日08点24小时降雨量                    
  15  01  21  08    -1 3 10 25 50 1 0
 39 122.7  37.3 122.5  36.7 120.8  36.2 119.3  35.0 120.4  34.3
 121.1  32.7 122.3  30.9 122.5  30.1 121.5  28.0 119.8  25.0
 116.1  22.6 111.0  21.0 111.0  18.6 109.6  18.1 108.3  18.5
 108.9  19.9 109.3  21.0 106.4  21.6 104.1  22.2 101.6  20.8
  98.7  22.0  97.1  24.1  97.7  27.0  91.7  26.6  85.7  27.7
  78.9  30.6  73.3  37.1  74.1  40.7  87.6  49.8  98.5  43.9
 110.4  44.3 122.0  54.7 135.7  48.3 131.5  42.2 125.2  39.4
 121.3  38.5 121.2  40.3 118.5  38.6 120.8  38.1
 1     303
 50137 122.37  53.47   296   0.01
 50431 121.52  50.78   717   0.01
 50525 119.75  49.15   620   0.01
 50526 120.70  49.28   668    0.1
 50566 128.47  49.55   116   0.01
 50674 129.43  48.57   404    0.1
 50772 129.23  48.10   288    0.1
 50965 128.27  45.43   167   0.01
 50979 130.23  45.27   274    0.3
 50987 131.09  45.26   219   0.01
 51137  82.93  46.20   715    0.2
 51145  83.65  46.55   521   0.01
 51328  80.42  44.20   770   0.01
 51329  80.85  44.05   640   0.01
 51352  85.25  44.85   337   0.01
 51353  86.10  45.02   346   0.01
 51356  86.05  44.32   442    0.2
 51357  85.62  44.33   522    1.0
 51359  86.20  44.32   471   0.01
 51368  87.32  44.12   515   0.01
 51369  87.65  43.97   600   0.01
 51377  87.92  44.17   547   0.01
 51430  81.15  43.83   602   0.01
 51434  81.53  43.97   770    0.3
 51435  82.23  43.47   774    0.4
 51436  83.30  43.45   928   0.01
 51438  81.77  43.18  1210   0.01
 51559  86.40  42.32  1100   0.01
 51568  86.80  42.25  1085   0.01
 52853 100.98  36.90  3010    0.1
 53272 112.63  42.75  1104   0.01
 53289 113.83  42.23  1322    0.2
 53367 111.23  41.32  1602    0.4
 53368 111.47  41.08  1637    0.3
 53378 112.62  41.28  1737   0.01
 53384 113.18  41.45  1423   0.01
 53392 114.60  41.85  1422    0.4
 53397 113.98  41.10  1376    0.2
 53880 113.23  36.33   947   0.01
 53886 113.67  36.57   470   0.01
 53888 113.43  36.20  1089    0.6
 54065 125.65  44.53   169   0.01
 54069 125.80  44.12   173    0.1
 54072 126.52  44.85   196    0.2
 54076 126.93  44.38   268    0.4
 54080 127.15  44.90   194    0.5
 54092 129.40  44.60   292    0.4
 54098 129.47  44.33   267    0.1
 54099 131.13  44.08   148   0.01
 54113 118.65  43.53   621    0.3
 54117 117.53  43.25  1003    0.1
 54132 121.07  42.40   400   0.01
 54155 124.23  43.67   144    0.1
 54164 125.28  43.35   248    0.1
 54169 126.02  43.30   271    0.2
 54172 126.53  43.87   290    0.2
 54187 128.92  43.12   366   0.01
 54204 115.00  42.30  1346    0.2
 54267 125.73  42.25   362    1.3
 54274 125.99  42.69   306    0.7
 54279 126.58  42.05   544    0.6
 54305 115.27  41.88  1468   0.01
 54325 120.35  41.18   183    0.6
 54330 121.33  41.13    45    1.9
 54331 121.75  41.60   113    1.0
 54332 122.72  41.52    12    1.6
 54336 122.42  41.42     8    1.0
 54338 121.95  41.28     3    0.8
 54340 123.32  41.67    35    0.9
 54345 123.07  41.20    30    1.8
 54347 123.17  41.23    24    1.8
 54348 123.37  41.41    45    1.2
 54362 125.73  41.67   380    0.6
 54371 126.43  41.93   520    0.8
 54474 122.35  40.42    24    1.8
 54475 122.45  40.57    11    1.4
 54483 123.90  40.88   233    0.7
 54494 124.07  40.47    72    0.6
 54540 119.20  39.73    17   0.01
 54541 119.23  39.90    24   0.01
 54568 121.75  39.05    90    5.3
 54569 121.95  39.42    11    3.8
 54575 122.37  39.42    43    1.7
 54590 124.17  39.88     4    0.3
 54729 117.87  37.17    11    0.1
 54732 118.52  37.87     5   0.01
 54737 118.15  37.15     9    0.6
 54738 118.40  37.05    15    0.1
 54749 119.95  37.18    48   0.01
 54755 120.39  37.33   117    0.3
 54765 121.43  37.48    82    0.4
 54766 121.59  37.43    39    1.2
 54803 116.02  36.98    27   0.01
 54812 116.75  36.78    22   0.01
 54819 116.80  36.18   113    0.4
 54822 117.73  36.87    47    0.1
 54827 117.15  36.17   128    1.2
 54833 118.08  36.97    15    0.6
 54834 118.28  36.87    46    0.2
 54848 119.42  35.98    82   0.01
 54849 120.03  36.22    84   0.01
 54851 120.56  36.90    76   0.01
 54852 120.73  36.97    54   0.01
 54907 116.65  34.98    34   0.01
 54913 116.82  35.75    62   0.01
 54915 116.60  35.43    33   0.01
 54917 116.33  35.13    35   0.01
 54918 116.97  35.60    62   0.01
 54920 117.28  35.65   110    0.1
 54923 117.93  35.72   202   0.01
 54925 117.63  35.52   167    0.2
 54927 117.20  35.10    74    0.2
 54932 118.65  35.77   186   0.01
 54935 118.43  35.53   119   0.01
 54938 118.40  35.05    65   0.01
 54939 118.82  35.17   113   0.01
 56278 102.77  30.07   755   0.01
 56280 103.12  30.08   691   0.01
 56480 103.53  28.82   564    0.3
 56483 103.95  28.58   496   0.01
 56489 103.63  28.23   877    0.5
 56490 103.90  28.95   424    1.2
 56582 103.90  27.75  1176    0.6
 56697 104.08  26.22  1984    0.4
 56790 104.25  25.68  1925   0.01
 56844  98.58  24.43   913   0.01
 56982 103.29  23.70  1117    0.1
 56987 103.23  22.78  1260    0.1
 56989 103.95  22.50   137   0.01
 57698 114.45  28.12    98    0.1
 57699 114.92  28.23    66    0.4
 57708 105.60  27.15  1700    0.4
 57762 111.70  27.69   165   0.01
 57768 111.45  27.32   242   0.01
 57772 112.50  27.75    86   0.01
 57777 112.87  27.23    63   0.01
 57778 112.95  27.09    70    0.8
 57781 113.50  27.65    74   0.01
 57783 113.82  27.88   118   0.01
 57786 113.85  27.63   117    0.1
 57792 114.68  27.82    93    1.9
 57794 114.02  27.63   177    0.1
 57796 114.88  27.83   189    1.8
 57798 114.60  27.40    85    0.5
 57800 105.37  26.77  1457   0.01
 57807 105.47  26.21  1361   0.01
 57808 105.75  26.32  1274    0.1
 57809 105.75  26.07  1251    0.1
 57821 107.50  26.70   925    0.1
 57824 107.23  26.58  1001   0.01
 57828 107.58  26.50   983   0.01
 57829 107.80  26.20   963   0.01
 57834 108.30  26.68   641    0.1
 57835 108.43  26.72   527    0.2
 57844 109.18  26.68   343   0.01
 57846 110.15  26.58   310   0.01
 57851 110.83  26.46   346   0.01
 57859 110.63  26.03   408    0.5
 57865 111.62  26.50   192    0.4
 57867 111.28  26.40   169    0.4
 57868 111.86  26.59   113    1.4
 57870 112.10  26.80   151    0.1
 57871 112.37  26.98    90    0.1
 57875 112.68  26.75   137    0.9
 57876 112.83  26.43   135    0.3
 57881 113.25  26.72   101    2.1
 57882 113.55  26.79   136    0.6
 57883 114.28  26.75   253   0.01
 57886 113.80  26.48   268   0.01
 57891 114.25  26.93   153    0.2
 57899 114.92  26.80    71    0.1
 57900 105.22  25.83  1552    0.1
 57905 105.61  25.40  1184    2.4
 57909 105.82  24.98   584   0.01
 57913 106.98  26.45  1093   0.01
 57941 109.60  25.78   197   0.01
 57942 110.00  25.80   268   0.01
 57960 111.07  25.93   195   0.01
 57964 111.15  25.50   263    0.2
 57966 111.96  25.59   244    0.1
 57971 112.20  25.92   224    1.6
 57973 112.72  25.75   329   0.01
 58021 117.28  34.78    80    0.2
 58022 117.57  34.75    48    0.3
 58024 117.58  34.87    77   0.01
 58030 118.02  34.88    44   0.01
 58132 118.68  33.72    14    0.1
 58264 121.18  32.33     3   0.01
 58361 121.37  31.10     5    0.1
 58366 121.49  31.67     4   0.01
 58367 121.43  31.20     4   0.01
 58369 121.78  31.05     5    4.7
 58370 121.53  31.23     4   0.01
 58449 119.95  30.05    46    3.7
 58451 120.93  30.83     2    0.3
 58452 120.77  30.73     4    0.6
 58453 120.50  30.07     7    5.7
 58455 120.65  30.52     8    3.4
 58456 120.52  30.63     6    0.2
 58458 120.90  30.54     4    4.0
 58459 120.29  30.19    44    4.0
 58460 121.35  30.73     5    5.3
 58462 121.23  31.03     4    0.1
 58463 121.50  30.88     4    4.3
 58468 121.17  30.05     5    2.3
 58484 122.20  30.25    37    0.2
 58524 117.22  29.37    87    0.4
 58529 117.85  29.27   171    1.9
 58530 118.43  29.87   168    0.1
 58537 118.40  29.13   153    9.7
 58542 119.68  29.82    46    5.2
 58544 119.27  29.48    88    8.8
 58546 119.88  29.47   115    4.1
 58547 119.18  29.03    66    1.9
 58548 119.47  29.22    50    3.2
 58550 120.25  29.70    39    4.4
 58555 120.88  29.52   113    1.1
 58558 120.22  29.27    89    0.4
 58559 120.97  29.15   107   0.01
 58561 121.60  29.98     4    0.9
 58563 121.83  29.88     5    0.4
 58565 121.39  29.69    41    0.4
 58566 121.88  29.47     6    0.1
 58567 121.43  29.32    39    0.4
 58568 121.38  29.12    34    0.7
 58570 122.30  29.95    85    0.1
 58605 115.38  28.42    46    0.6
 58607 115.95  28.55    31    1.9
 58609 115.82  28.22    27    1.7
 58612 116.68  28.70    21    3.9
 58614 116.27  28.38    34    2.3
 58615 117.08  28.68    56    3.6
 58616 116.82  28.20    40    6.5
 58618 116.60  28.27    82    6.0
 58619 116.37  28.00    49    4.9
 58620 117.10  29.02    51    2.5
 58623 117.92  28.47    90    1.0
 58624 117.43  28.40    70    3.2
 58625 117.60  28.42    79    2.3
 58627 117.06  28.31    56    7.5
 58629 117.71  28.29   100    2.2
 58631 118.50  28.90   137    5.6
 58632 118.60  28.72   126    1.4
 58635 118.20  28.43    95    0.3
 58643 120.03  28.90   102   0.01
 58644 119.28  28.60   237   0.01
 58647 119.13  28.08   222   0.01
 58658 120.68  28.15    34    0.8
 58659 120.65  28.03    28   0.01
 58660 121.20  28.87     6   0.01
 58664 121.37  28.37    35   0.01
 58701 115.40  27.77    46    2.9
 58704 115.35  27.58   104    2.2
 58706 115.83  27.43   181    0.8
 58707 115.13  27.22    66    0.7
 58710 116.05  27.77    78    3.4
 58712 116.78  27.92   130    2.1
 58713 117.07  27.72   225    1.5
 58714 116.23  27.55   120    1.0
 58724 117.32  27.53   268    1.2
 58745 119.08  27.62   400   0.01
 58746 119.70  27.55   538   0.01
 58750 120.08  27.78   105    0.2
 58836 118.73  26.58   361   0.01
 58839 118.85  26.23    40    0.2
 58844 119.15  26.15    57    0.2
 58845 119.53  26.50    60    0.6
 58923 117.83  25.70   400    0.1
 58929 118.15  25.07    68   0.01
 58932 118.93  25.87    85   0.01
 58934 118.27  25.33   183    0.1
 58940 119.33  26.08    25   0.01
 58941 119.50  25.97    25    0.1
 58942 119.38  25.72    39    0.2
 58946 119.00  25.45    81   0.01
 59017 106.27  24.27   278   0.01
 59051 110.50  24.77   136   0.01
 59052 110.82  24.83   169   0.01
 59055 110.40  24.50   165   0.01
 59057 110.18  24.13   830   0.01
 59061 111.27  24.82   193   0.01
 59063 111.45  25.18   265   0.01
 59130 118.15  24.73    30   0.01
 59131 118.37  24.97    45   0.01
 59137 118.57  24.82    56    0.1
 59241 109.68  23.97    90    0.2
 59246 109.67  23.60    70   0.01
 59419 106.74  22.06   348   0.01
 59421 107.20  22.83   255   0.01
 59425 107.35  22.40   107   0.01
 59441 109.25  22.70    78    0.2
 59448 109.55  22.27    69   0.01
 59451 110.35  22.70    98    0.2
 59457 110.27  22.32   121    0.6
 59469 111.78  22.17    37   0.01
 59470 112.20  22.70    57    0.1
 59473 112.98  22.74    47   0.01
 59475 112.65  22.40    27    0.1
 59476 113.03  22.53    36    0.1
 59477 112.23  22.27    68    0.2
 59480 113.25  22.85    21   0.01
 59481 113.32  22.94    12    0.1
 59487 113.30  22.23    23   0.01
