diamond  3 2015年01月21日14时地面变温                        
  15  01  21  14 1000 0 0 0
39 122.7 37.3 122.5 36.7 120.8 36.2  119.3 35.0 120.4 34.3
 121.1 32.7 122.3 30.9 122.5 30.1  121.5 28.0 119.8 25.0
 116.1 22.6 111.0 21.0 111.0 18.6  109.6 18.1 108.3 18.5
 108.9 19.9 109.3 21.0 106.4 21.6 104.1 22.2 101.6 20.8
 98.7 22.0  97.1 24.1  97.7 27.0 91.7 26.6  85.7 27.7
 78.9 30.6  73.3 37.1  74.1 40.7 87.6 49.8  98.5 43.9
 110.4 44.3 122.0 54.7 135.7 48.3 131.5 42.2 125.2 39.4
 121.3 38.5 121.2 40.3 118.5 38.6 120.8 38.1
1  1655
28044  60.53  59.60   130     6
28049  62.33  59.43   130     8
28064  65.72  59.63    72     3
28076  69.28  59.60    56    -1
28097  73.28  59.58    60    -7
28144  60.78  58.87   125     5
28165  66.08  58.72    81     3
28240  60.07  57.88   260     6
28255  63.68  58.05   102     8
28275  68.25  58.15    46    -1
28366  67.08  57.42    52    -2
28367  65.43  57.12   101     2
28382  71.18  57.68    55   -13
28383  72.40  57.52    66    -9
28440  60.63  56.83   281     1
28451  62.72  56.85   126     4
28465  66.35  56.68    61     0
28481  70.62  56.82    78   -10
28491  72.67  56.93    87   -12
28493  74.38  56.90    73   -18
28541  60.30  56.08   398    -7
28552  63.65  56.07    89    -4
28573  69.43  56.10    82   -14
28586  72.22  55.87   117   -13
28588  71.37  55.57   126   -11
28593  74.63  56.10    77   -14
28645  61.30  55.15   236    -7
28655  63.32  55.23   177    -7
28661  65.42  55.45    73    -7
28666  67.30  55.25   140   -10
28676  69.12  54.78   101   -11
28688  71.27  54.93   126   -11
28696  74.58  55.03   110    -7
28698  73.38  55.02   122    -9
28748  61.62  54.08   192   -13
28756  64.87  54.47   117   -10
28766  66.97  54.37   151   -14
28786  71.75  54.37   124   -11
28791  72.43  54.63   114    -9
28797  72.97  54.20   124   -10
28799  74.80  54.17   114    -4
28867  65.55  53.32   216   -13
28879  69.38  53.28   229    -8
28952  63.62  53.22   170   -12
28966  66.97  52.82   227    -8
28978  68.75  52.53   398    -7
28984  70.22  52.95   395    -6
29023  81.95  59.85    76   -22
29059  89.28  59.43   102    -9
29068  90.92  59.50    66   -10
29111  78.23  59.22    69    -6
29122  80.83  59.05    57   -18
29203  76.50  58.57    80    -8
29209  77.22  57.80    99   -23
29231  82.95  58.32    75   -15
29253  89.47  58.45   133    -5
29263  92.20  58.45    78    -2
29274  93.03  58.07    89    -1
29276  94.73  58.17   170     0
29282  97.45  58.38   133    -2
29313  79.42  57.55    95   -20
29328  82.05  57.00   110    -9
29332  83.75  57.57   112   -11
29348  86.22  57.07   114    -5
29363  92.27  57.62   179    -1
29367  90.67  56.97   180    -1
29374  93.25  57.67    92    -1
29379  94.55  57.20   164    -1
29393  99.53  57.65   220     1
29418  78.35  56.33   126   -10
29430  84.92  56.50   139    -3
29456  89.32  56.53   205     1
29464  90.58  56.65   231     1
29467  90.52  56.28   257     1
29471  93.17  56.88   179     1
29477  93.27  56.48   164     1
29481  95.22  56.82   188     0
29485  96.05  56.67   244     0
29524  80.05  55.85   128    -5
29551  87.68  56.18   144    -2
29553  89.55  56.22   290     1
29557  88.30  55.75   211     1
29558  89.20  55.53   318     1
29561  90.32  56.03   255     1
29562  91.67  56.10   331     2
29563  92.20  56.12   478     2
29566  92.27  55.93   274     0
29570  92.75  56.03   276     0
29571  92.73  56.07   234     0
29576  94.30  55.82   375     3
29578  93.73  55.72   399     2
29580  95.27  56.17   357     1
29581  95.63  56.20   202     1
29587  95.48  55.65   252    -3
29594  98.00  55.95   306     2
29602  76.75  55.30   111    -5
29605  76.02  55.22   112    -5
29612  78.30  55.35   119    -3
29625  80.97  55.10   141     0
29631  82.73  55.32   146     1
29636  84.38  55.22   172     0
29638  82.95  54.90   131     0
29645  86.22  55.25   148    -1
29653  89.82  55.30   387     1
29654  87.63  55.20   498     2
29662  91.62  55.38   321     2
29664  90.83  55.08   325     0
29674  93.38  55.12   458     2
29676  94.90  55.27   337    -1
29698  99.03  54.88   411    -2
29706  77.30  54.38   116    -5
29724  80.47  54.33   160     0
29726  81.88  54.37   132     1
29736  84.20  54.33   198     1
29745  86.33  54.45   225     2
29752  88.82  54.75  1188     2
29759  89.28  54.33   846     2
29766  92.15  54.35   281     0
29768  91.58  54.18   252     2
29771  92.08  55.35   804     2
29772  93.43  54.35   479     5
29789  96.97  54.22   984     3
29802  76.53  53.82   114    -4
29807  75.45  53.35    94    -3
29822  81.27  53.82   129     1
29838  83.52  53.43   185     1
29846  86.88  53.82   309     1
29864  90.37  53.72   525     2
29866  91.70  53.72   254     1
29869  92.40  53.27   297     1
29874  92.88  53.58   319     2
29876  94.20  53.68   446     1
29892  98.82  53.95   705    -1
29915  78.65  52.97   125    -1
29923  82.33  53.07   219     1
29937  82.77  52.52   175     0
29939  84.92  52.67   225     0
29956  89.92  52.80   449     0
29974  93.23  52.80  1398     2
29998  99.82  52.50  1374     6
30028 106.17  59.28   351     4
30054 112.58  59.45   190    15
30074 117.60  59.93   163    10
30089 121.77  59.02   175     4
30127 105.73  58.23   438     6
30157 112.87  58.32   224     4
30173 119.80  59.00   198     1
30198 123.72  58.07   416    -1
30230 108.07  57.77   258    15
30252 114.02  57.82   249     6
30309 101.75  56.28   416     3
30323 105.80  56.80   325    12
30328 105.83  56.05   338     6
30337 107.62  56.32   356     6
30372 118.27  56.90   710     3
30385 121.50  56.58   425     5
30393 124.87  56.83   858     0
30405 101.03  55.38   422     1
30433 109.57  55.78   479     3
30439 109.75  55.12   464     6
30455 113.62  55.48  1096     0
30493 124.88  55.97   860     2
30499 124.67  55.18   528    -4
30504 100.63  54.60   522     1
30521 105.17  54.80   418     5
30526 107.07  54.48   650     5
30554 113.57  54.43   902    -1
30603 102.05  53.93   458     2
30612 103.07  54.00   426     0
30622 105.90  53.97   521     4
30627 105.53  53.10   761     1
30635 109.02  53.42   460     0
30636 109.63  53.62   488     0
30637 107.73  53.32   461     5
30650 112.78  53.20   922     3
30664 115.62  53.53   811     1
30669 117.48  53.07   707    -1
30673 119.73  53.75   624    -3
30683 121.93  53.97   521    -4
30686 122.40  53.47   294    -6
30695 123.90  53.47   265    -4
30703 101.98  52.97   543     7
30710 104.32  52.27   469     4
30714 102.70  52.10   755     7
30731 108.28  52.98   491     1
30739 109.78  52.17   666     0
30741 109.97  52.77  1286     3
30745 111.55  52.53   951     2
30758 113.48  52.08   670    -1
30764 115.17  52.65   645    -4
30777 117.70  52.23   525     1
30781 120.03  52.75   374    -4
30802 100.98  51.68  1304     3
30815 103.60  51.53  1442     5
30822 105.85  51.70   467     0
30823 107.60  51.83   514    -4
30829 106.63  51.10   556    -2
30838 108.87  51.32   805    -4
30844 110.47  51.37   801    -5
30846 112.47  51.35   743     1
30859 114.52  51.10   681    -4
30862 116.03  51.87   597     4
30879 119.62  51.32   619    -2
30925 106.45  50.35   797     4
30935 108.75  50.37   770    -1
30949 111.97  49.57   907    -8
30957 113.27  50.27   732    -5
30961 115.58  50.95   639     4
30965 116.52  50.40   675     3
30971 117.93  50.92   806     2
30975 119.07  50.33   521    -2
30978 118.38  49.83   550    -2
31004 125.37  58.62   679     3
31005 126.27  58.97   283     0
31011 127.05  59.67   278    -2
31016 128.50  58.63   230    -2
31026 130.62  58.73   197    -1
31041 133.03  59.63   179     1
31054 135.15  59.18   212     0
31062 137.67  59.77   383    -2
31102 125.97  57.65  1204    -1
31123 130.90  57.77   254    -1
31137 131.13  56.28   849     0
31152 136.15  57.65   318     0
31168 138.15  56.45     7    -1
31174 137.53  54.83     9    -4
31253 128.87  54.72   364     0
31285 134.42  54.50    61     1
31295 125.82  53.47   363    -3
31300 127.27  53.73   230    -2
31329 132.93  53.08   542    -1
31348 136.03  53.05   153    -1
31371 126.00  52.78   209    -2
31388 129.92  52.35   207    -3
31416 136.50  52.42    70    -1
31418 135.80  52.28   201    -2
31442 127.65  51.98   280     1
31445 128.12  51.45   200     5
31474 133.27  51.63   384     0
31478 133.98  52.27   902    -2
31484 135.08  51.42   268     0
31489 136.80  51.20    91     1
31510 127.48  50.28   169    -2
31513 128.47  50.92   177    -3
31521 129.33  50.78   230    -1
31527 129.47  50.12   239     1
31532 132.25  50.87   271    -1
31538 132.13  50.07   347    -3
31561 137.03  50.53    21     2
31587 128.65  49.62   114    -3
31594 130.08  49.42   134    -1
31655 136.57  49.45    37     3
31702 131.08  49.00   267     1
31707 130.97  47.73    72     0
31713 132.95  48.73    77    -5
31725 133.83  48.62    52    -1
31733 135.88  48.82    58     1
31735 135.18  48.52    76     2
31801 136.18  47.67   180    -1
31832 134.27  46.80    67     2
31845 135.32  46.53   129    -1
31866 138.33  46.53     4     0
31873 133.73  45.87   104     0
31878 133.50  45.10    97     2
31909 136.60  45.00    61     0
31915 131.38  44.40   211     4
31921 132.07  44.72    77    -2
31959 135.85  44.37    33     0
31960 131.92  43.12   188     3
31961 131.97  43.88    36     0
31969 130.80  42.65    39     1
31981 133.07  43.97   187    -3
31987 133.02  43.15   207     0
31989 133.90  42.90    42    -2
35067  66.33  51.88   221   -10
35078  68.37  51.82   304    -9
35085  70.95  52.00   384    -3
35092  73.10  52.50   168    -4
35167  66.30  51.08   243    -8
35173  69.80  51.62   305    -6
35188  71.37  51.13   350     0
35357  69.52  49.68   349    -3
35394  73.15  49.80   553    -4
35475  68.65  49.00   490    -1
35497  72.87  48.85   656    -2
35671  67.72  47.80   346    -1
35699  74.82  47.45   620     3
35746  61.65  46.78    62    -1
35793  73.35  47.22   582     2
35796  75.08  46.80   350     6
35849  62.12  45.77    68     2
35953  64.08  45.50   103     2
35969  67.07  45.25   138     1
36003  76.93  52.30   122    -1
36020  80.17  52.48   158     0
36021  79.18  52.25   142    -2
36022  80.33  52.02   208     0
36026  79.42  51.07   258     2
36034  81.18  51.57   219     1
36038  82.17  51.15   354    -1
36058  86.02  51.38   419     1
36061  87.12  52.25   326     5
36064  87.60  51.77   480     4
36073  90.78  52.27   716     1
36078  90.20  51.00   983    -1
36087  91.50  51.20   724    -5
36090  93.68  51.12  1042    -2
36091  93.00  52.25   662     0
36092  93.90  52.13   852     0
36096  94.48  51.70   632     0
36103  96.12  52.47   919     1
36104  95.57  51.47   705    -3
36152  78.35  50.87   149    -1
36177  80.30  50.42   196     3
36197  82.03  50.17   270     1
36208  83.55  50.33   811    -3
36229  85.62  50.27   977     0
36231  86.13  50.73   833     1
36259  88.67  50.00  1760     0
36278  90.42  50.37  1850    -4
36307  95.17  50.25  1100    -1
36325  97.52  50.60  1315     2
36341  76.37  49.78   776     3
36397  81.22  49.22   455     3
36428  84.52  49.20   401     7
36535  82.37  48.75   512     8
36639  81.62  47.12   491     2
36785  79.48  45.38   628    -4
36821  76.27  44.83   396     6
36856  79.30  44.27  1224    -6
36859  80.07  44.17   645    -1
36864  75.25  43.53   743     3
36870  76.93  43.23   851    -1
36871  76.75  43.18   810     2
36883  76.98  43.48   614     4
36911  75.28  42.83   817    -6
36974  76.00  41.43  2041     2
36982  78.23  41.88  3639    -5
38062  65.50  44.85   130     1
38069  66.75  44.17   153     0
38178  64.33  43.15   236     0
38196  68.90  43.55   822    -6
38198  68.22  43.27   207    -4
38222  73.78  43.70   456    -2
38313  69.00  42.72   406    -7
38318  68.12  42.10   184    -4
38328  69.70  42.32   604    -2
38334  70.30  42.48   808    -1
38341  71.30  42.85   652    -1
38343  72.75  42.95   683    -5
38345  72.22  42.52  1218    -3
38353  74.53  42.85   760    -3
38396  60.63  41.57   100    -2
38403  62.47  41.75    97     0
38413  64.62  41.73   236     1
38439  68.00  41.37   275    -5
38457  69.30  41.33   477    -1
38462  70.37  41.90  1255    -6
38545  62.28  40.47   142     0
38565  65.68  40.55   484    -1
38579  67.83  40.12   343    -2
38583  68.68  40.82   263    -3
38598  69.82  40.27   347     1
38599  69.73  40.22   427    -2
38611  71.58  41.00   474    -1
38613  72.95  40.92   765     0
38616  72.90  40.70   868    -1
38618  71.75  40.38   577    -1
38683  64.62  39.72   224    -2
38687  63.60  39.08   190    -2
38696  66.95  39.63   725     0
38705  67.60  39.50  1015     0
38713  68.98  39.90  1004    -1
38715  68.58  39.57  3143     1
38718  68.38  39.10  2204    -2
38719  68.87  39.08  3373    -2
38725  69.67  39.43  2234    -3
38734  70.20  39.45  2561    -3
38744  71.87  39.28  1198     2
38799  62.80  38.08   185    -3
38806  64.37  38.47   212    -3
38812  65.72  38.75   375    -2
38836  68.73  38.58   800     1
38838  68.35  38.05   563    -2
38844  69.23  38.25  2239    -1
38846  69.98  38.37  1468    -1
38847  69.28  38.07   669    -2
38851  70.30  39.00  1316     2
38856  70.88  38.47  1288     1
38869  72.63  38.17  3276     0
38875  73.55  39.02  3930     2
38878  73.97  38.17  3576     2
38886  60.52  37.38   186     2
38895  62.18  37.60   240    -2
38911  65.20  37.83   240    -3
38915  66.02  37.52   265    -1
38927  67.32  37.28   311    -1
38933  68.78  37.82   427    -2
38944  69.38  37.48   447    -2
38947  69.08  37.23   327    -2
38951  71.55  37.95  1981     1
38954  71.50  37.50  2075     1
38957  71.60  36.72  2523     1
38974  61.22  36.53   275     3
38987  62.35  35.28   625     1
40741  61.17  36.53   235     3
40827  60.03  31.53  1211     1
40829  61.48  31.05   489     2
40856  60.88  29.47  1370     3
40878  62.33  27.33  1195    -3
40879  60.70  27.20   591     0
40898  60.62  25.28     8    -1
41506  71.83  35.85  1500    -4
41508  71.85  35.20  1370    -1
41515  71.78  35.57  1465    -2
41523  72.35  34.73   951     0
41529  71.93  34.03   329     1
41535  73.25  34.18  1309    -4
41536  73.35  34.38   981    -4
41560  70.08  33.87  1726     0
41571  73.10  33.62   508    -2
41573  73.38  33.92  2127    -7
41594  72.67  32.05   188    -6
41598  73.72  32.93   234     0
41600  74.53  32.50   256     1
41620  69.47  31.35  1407    -7
41624  70.92  31.82   173    -5
41630  73.10  31.43   184    -4
41640  74.33  31.55   215    -4
41660  66.88  30.25  1589    -7
41675  71.43  30.20   123    -5
41678  73.25  29.95   163    -4
41685  69.72  29.88  1098    -4
41696  66.58  29.03  2017    -8
41697  67.88  29.55   134    -2
41700  71.78  29.40   113    -3
41710  62.75  28.82   683    -3
41712  64.40  28.88   850    -4
41715  68.47  28.30    56    -2
41718  70.68  28.65    88    -1
41725  68.90  27.67    68     0
41739  64.10  26.97   981    -1
41744  66.63  27.83  1232    -1
41746  68.13  26.85    47     1
41749  68.37  26.25    38    -1
41756  61.80  25.07    57    -2
41759  63.48  25.27     6    -1
41764  68.42  25.38    30     2
41768  69.78  25.52     6    -6
41780  67.13  24.90    22    -2
41785  68.90  24.63    11     2
41858  88.92  25.75    44     8
41859  89.23  25.73    34     7
41863  88.68  25.65    37     4
41883  89.37  24.85    20     4
41886  90.43  24.72    19     2
41891  91.88  24.90    35     1
41895  88.70  24.37    20     5
41907  89.05  24.13    14     4
41915  91.73  24.30    23     0
41923  90.38  23.77     9     3
41926  88.82  23.65    12     2
41929  89.85  23.60     9     2
41933  91.18  23.43    10     0
41936  89.17  23.18     7     3
41939  90.18  23.17    13    -3
41941  90.70  23.27     7     0
41943  91.42  23.03     8     3
41946  89.08  22.72     6     3
41947  89.53  22.78     4     1
41950  90.37  22.75     4     1
41951  90.65  22.68     5     0
41953  91.10  22.87     6     0
41963  91.10  22.43     4     1
41964  91.43  22.48     6     1
41978  91.82  22.27     6     3
41984  90.23  21.98     9     3
41989  91.85  21.82     7     2
41992  91.93  21.43     4     2
41998  92.30  20.87     6     0
42027  74.83  34.08  1587    -1
42071  74.87  31.63   234     2
42101  76.47  30.33   252    -1
42111  78.03  30.32   683    -1
42131  75.73  29.17   210     0
42165  73.30  28.00   224    -4
42182  77.20  28.58   216     0
42189  79.40  28.37   169    -1
42260  77.97  27.15   168     3
42309  94.12  27.23   101     1
42314  95.02  27.48   111     0
42328  70.92  26.90   257    -4
42339  73.02  26.30   221    -4
42348  75.80  26.82   390    -5
42369  80.88  26.75   124    -2
42379  83.37  26.75    77     1
42410  91.58  26.10    72     5
42415  92.78  26.62    91     4
42452  75.85  25.15   279     0
42492  85.17  25.60    57     3
42559  77.32  24.65   481     4
42571  80.83  24.57   316     4
42587  84.07  24.05   221     1
42591  84.95  24.75   116     5
42623  93.90  24.77   774     2
42634  69.80  23.25   117    -2
42647  72.63  23.07    56     0
42667  77.35  23.28   521     2
42675  79.95  23.20   398     3
42701  85.32  23.32   646     1
42706  87.08  23.38    98     1
42724  91.25  23.88    38    -2
42737  70.78  22.30   138     0
42754  75.80  22.72   567     3
42779  81.90  22.77   625     0
42798  86.18  22.82   143     2
42809  88.45  22.65     6     2
42840  72.83  21.20    10    -1
42867  79.05  21.10   310     0
42874  81.65  21.23   296     0
42886  84.08  21.92   230     0
42895  86.93  21.52    18     2
42909  70.37  20.90    11    -2
42921  73.82  19.97   601     0
42933  77.03  20.70   282    -1
42971  85.83  20.25    49     0
43003  72.85  19.12    14     1
43014  75.40  19.85   585     0
43041  82.03  19.08   554     0
43063  73.85  18.53   558    -1
43086  79.43  18.77   160     0
43110  73.33  16.98    91    -1
43117  75.90  17.67   479    -1
43128  78.47  17.45   535     0
43150  83.30  17.68    69     0
43185  81.15  16.20     9     0
43189  82.23  16.95     7    -1
43192  73.82  15.48    64    -2
43198  74.62  15.85   755     0
43201  75.63  15.42   669     0
43213  78.07  15.80   289     0
44203  99.67  51.12  1583    -1
44207 100.15  50.43  1668     1
44210  90.35  49.60  1480    -4
44212  92.08  49.80   939    -1
44213  94.40  49.65  1232     1
44214  89.93  48.93  1715    -1
44215  91.72  49.02  1590    -4
44216  93.10  48.82  1051    -1
44217  89.52  48.28  2148     4
44218  91.57  48.02  1405     0
44219  95.00  47.63  1391     4
44221  96.37  49.70  1420     5
44224  96.02  48.77  1928     7
44225  98.20  48.73  1723    -3
44229  99.88  48.15  2055    -1
44230 102.00  49.57  1235     2
44231 100.17  49.63  1283    -2
44232 102.70  49.38   938    -1
44237 101.38  48.53  1509     4
44239 103.55  48.80  1208     3
44241 106.07  48.92   807     2
44242 105.40  49.15   748     5
44243 106.67  49.75   676     1
44254 111.62  49.03   987    -3
44256 114.40  49.55   705    -2
44257 110.57  48.62  1050    -4
44259 114.55  48.08   747    -1
44263  91.08  46.92  1951     0
44265  91.47  46.12  1186     2
44266  93.90  46.32  2222     5
44272  96.85  47.75  1759     5
44275  98.08  46.83  2255     3
44277  96.25  46.40  2181     3
44282 101.47  47.45  1691     4
44284 100.13  46.70  2126     2
44285 102.77  46.90  1662     1
44286 104.15  47.15  1363     6
44287 100.68  46.13  1859     5
44288 102.78  46.27  1813     5
44291 106.75  47.85  1272     3
44292 106.87  47.92  1729     3
44294 107.48  47.30  1430     2
44298 108.22  46.45  1286     1
44302 112.12  47.78   926     0
44304 110.63  47.32  1033     2
44305 113.28  46.68   981    -1
44313 118.62  47.62   688     4
44314 115.63  47.17   907     2
44317 115.37  45.90  1076     3
44325  96.77  44.93  1182    -4
44329  99.27  45.38  2219     0
44336 103.90  45.45  1316     3
44338 102.17  44.70  1519     6
44341 106.28  45.77  1393     4
44347 105.32  44.42  1298     6
44348 108.25  44.40  1308     7
44352 112.37  45.73  1101     2
44354 110.12  44.90   938    -2
44358 111.90  43.73   964     4
44373 104.42  43.58  1465     7
44374 101.03  43.23  1726     2
44385 107.18  43.18  1114     4
44386 109.20  43.10   995     6
44404  80.58  29.30  1848    -1
44406  80.95  29.25   617     0
44409  80.55  28.80   187     6
44416  81.62  28.60   670     0
44418  81.67  28.10   165     4
44424  82.17  29.28  2300    -1
44429  82.50  28.05   634    -1
44434  84.00  28.22   827     0
44438  83.45  27.52   109     3
44449  84.98  27.17   137     7
44454  85.37  27.70  1337     1
44462  86.50  27.30  1720     3
44474  87.67  27.35  1732    -1
44478  87.27  26.48    72     3
45004 114.17  22.30    66     1
45005 114.17  22.30    40     2
45007 113.92  22.30     7     1
45011 113.55  22.15   114     2
45045 114.30  22.17    60     4
47003 130.40  42.32     3     1
47005 128.30  41.82  1381    -2
47008 129.82  41.78    43     1
47014 126.88  41.78   331     4
47016 128.17  41.40   714     2
47020 126.60  40.97   306     3
47022 128.15  40.82  1200     0
47025 129.20  40.67    23     4
47028 124.93  40.45    76     2
47031 127.25  40.37  1080     3
47035 124.38  40.10     7     1
47037 125.25  39.98    99     5
47039 126.25  40.17   155     2
47041 127.55  39.93    22     2
47046 128.18  40.03    19     2
47052 126.65  39.22   279     2
47055 127.43  39.18    36     2
47058 125.78  39.03    36     4
47060 125.38  38.72    47     6
47061 128.18  38.73    34     1
47065 125.77  38.52    52     1
47067 126.53  38.50    97     5
47068 124.88  38.15     6     2
47069 125.70  38.03    81     3
47070 126.57  37.97    70     2
47075 127.28  38.42   352     4
47090 128.55  38.25    19     0
47097 127.48  37.25    79     2
47098 127.05  37.90   110     3
47099 126.75  37.88    30     2
47100 128.72  37.67   773     0
47101 127.73  37.90    78     1
47102 124.62  37.95   146     3
47104 128.85  37.80    80    -1
47105 128.88  37.75    27    -1
47106 129.12  37.50    41     0
47108 126.95  37.57    87     2
47112 126.62  37.47    69     4
47114 127.93  37.33   150     3
47115 130.88  37.47   224     1
47119 126.98  37.27    37     3
47121 128.45  37.17   241     1
47127 127.95  36.97   116     0
47129 126.48  36.77    30     1
47130 129.40  36.98    51     1
47131 127.43  36.63    58     1
47133 127.37  36.37    69     0
47135 127.98  36.22   245     0
47136 128.70  36.57   141     0
47137 128.15  36.40    97     0
47138 129.37  36.02     3     1
47140 126.75  36.00    24    -1
47143 128.62  35.88    65    -4
47145 127.12  36.77    25     1
47146 127.15  35.82    54    -1
47150 126.55  36.32    16     2
47152 129.32  35.55    35     0
47154 128.32  36.12    50     0
47155 128.57  35.17    38    -2
47156 126.88  35.17    73    -3
47157 127.90  35.67   222    -5
47159 129.02  35.10    70    -1
47162 128.43  34.83    34    -3
47165 126.37  34.82    39     1
47168 127.73  34.73    65    -2
47169 125.45  34.68    77     3
47170 126.70  34.38    36     0
47171 126.85  35.55    46    -1
47172 126.58  35.33    56    -1
47173 127.32  35.40    91    -4
47174 127.23  35.07    75    -2
47175 126.32  34.47   477     1
47184 126.52  33.50    21     2
47185 126.15  33.28    75    -1
47188 126.87  33.38    19     0
47189 126.55  33.23    50     1
47192 128.03  35.15    31    -4
47570 139.90  37.48   213    -3
47600 136.88  37.38     6     4
47604 139.02  37.88     5     2
47605 136.63  36.58    33     2
47610 138.18  36.65   419     2
47624 139.05  36.40   114    -3
47636 136.95  35.17    56     1
47651 136.52  34.73    18    -1
47655 138.20  34.60    46    -1
47662 139.75  35.68    36    -8
47675 139.35  34.73    75    -6
47678 139.77  33.12   156     3
47740 133.33  36.20    28     3
47741 133.05  35.45    22     4
47746 134.23  35.48    15     4
47750 135.32  35.45    22     2
47765 132.45  34.38    54    -1
47772 135.52  34.67    83     1
47778 135.75  33.45    69     0
47800 129.22  34.15   130     3
47807 130.37  33.57    15     2
47815 131.62  33.23    13    -1
47817 129.87  32.73    35    -2
47827 130.53  31.55    31     0
47830 131.40  31.93    15    -2
47843 128.82  32.68    26     1
47887 132.77  33.83    34     0
47891 134.05  34.32    14    -2
47893 133.53  33.57     4     1
47895 134.57  34.07     6    -1
47909 129.55  28.38   294    -1
47918 124.15  24.33    14    -2
47927 125.27  24.78    41    -1
47936 127.68  26.20    50     1
47945 131.22  25.82    20     0
48004  95.70  26.00   146    -1
48008  97.40  25.37   147     0
48010  94.92  24.87   131     1
48018  96.33  24.17    95    -1
48019  97.20  24.27   113     0
48020  94.42  23.63   116     2
48025  94.30  23.20   109     2
48030  93.62  22.65  1865    -2
48031  93.68  22.92  1372    -1
48033  95.72  22.58   110     0
48034  96.50  22.92  1175     1
48035  97.75  22.93   749     3
48037  95.13  22.10    82     0
48039  95.95  21.87    74     1
48042  96.10  21.98    76     2
48043  96.40  22.00  1078     0
48045  93.95  21.38  1395     1
48048  94.92  21.20    55     2
48051  92.63  20.85     3     1
48052  94.80  20.90    82     0
48053  95.83  20.83   220    -1
48055  97.72  20.88   981     0
48057  97.05  20.78  1436     1
48060  99.62  21.30   828     1
48062  92.88  20.13     5     0
48064  94.88  20.17    51    -1
48065  94.95  20.13    75     0
48071  93.55  19.42     5     1
48072  93.73  18.85     9     1
48074  96.22  19.72   104     0
48075  97.22  19.68   894     1
48077  95.22  18.80    60     0
48078  96.47  18.92    49     2
48080  94.35  18.47    11     3
48085  94.58  17.58     3     2
48087  95.42  17.67    25     1
48092  96.02  17.10    12     1
48093  96.50  17.33    15     0
48094  94.77  16.77    10     3
48095  95.65  16.73     5    -1
48097  96.17  16.77    15    -1
48099  97.67  16.75    10     0
48101  95.67  16.27     2     0
48103  97.62  16.50    22     0
48107  97.87  15.25     7     0
48300  97.97  19.28   274     1
48302  99.03  19.92  1530     1
48303  99.87  19.95   393     2
48304  99.77  19.87   401     2
48307 100.87  19.40   334     1
48310  99.88  19.18   398    -1
48315 100.80  19.12   236     2
48324  99.23  17.63   192     2
48325  97.93  18.17   213     1
48327  98.97  18.77   314     1
48328  99.50  18.27   243     0
48329  99.03  18.55   298     1
48330 100.15  18.12   162     0
48331 100.75  18.77   201     0
48333 100.73  18.85   265     1
48334  99.30  18.32   319     1
48350 101.72  17.40   263     2
48351 100.08  17.62    64     1
48352 102.73  17.85   175     3
48353 101.72  17.45   254     3
48354 102.80  17.37   178     2
48355 104.05  17.12   192     2
48356 104.13  17.15   172     3
48357 104.78  17.42   147     2
48358 104.78  17.43   153     1
48360 102.42  17.22   228     2
48372  99.80  17.10    50     1
48373  99.85  17.15    54     2
48374 101.23  16.77   144     1
48375  98.53  16.70   197     1
48376  99.13  16.87   126     2
48377  99.00  17.23   144     1
48378 100.27  16.78    45     1
48379 101.15  16.43   116     1
48380  99.52  16.48    81     1
48381 102.78  16.45   193     3
48383 104.72  16.53   139     1
48384 102.82  16.33   166     3
48385  98.85  16.02   460     1
48386 100.37  16.33    39     1
48387  98.93  16.75   867     0
48390 103.58  16.32   140     2
48400 100.12  15.67    35     1
48401 100.52  15.33    93     2
48402 100.18  15.15    16     1
48403 102.02  15.80   184     3
48404 103.60  16.07   155     2
48405 103.65  16.05   142     3
48407 104.87  15.25   123     3
48408 105.03  15.23   130     3
48409 104.32  15.08   129     2
48413 101.10  15.65    69     1
48416 103.67  15.30   129     4
48418 101.18  15.27    51     3
48437 103.25  15.23   184     2
48802 103.82  22.35  1581    -2
48803 103.97  22.50    97     4
48806 103.90  21.33   676    -3
48808 106.25  22.67   243     3
48810 105.83  22.15   176     5
48823 106.15  20.43     3    -1
48825 105.77  20.97     7     1
48826 106.63  20.80   116     1
48830 106.77  21.83   263     2
48831 105.83  21.60    32     4
48838 107.97  21.52     7     2
48839 107.72  20.13    56    -1
48840 105.78  19.75     5    -2
48845 105.68  18.67     6    -2
48846 105.90  18.35     3    -2
48848 106.60  17.48     8     0
48852 107.58  16.43     9    -1
48855 108.35  16.07     7     1
48863 108.78  15.13     9     1
48921 101.88  21.63  1360     7
48924 101.47  21.05   552     0
48930 102.13  19.88   305     1
48935 103.13  19.47  1094     1
48938 101.73  19.23   292     1
48940 102.57  17.95   171     3
48941 102.40  18.47   179     3
48944 102.63  18.28   185    -1
48946 104.65  17.38   152     2
48947 104.65  16.55   145     2
48952 106.43  15.68   180     2
48955 105.77  15.12   102     1
50136 122.52  52.97   438    -9
50246 124.72  52.35   361    -2
50247 123.57  52.03   514    -5
50349 124.40  51.67   501    -3
50353 126.63  51.73   173    -2
50425 120.18  50.25   581    -3
50434 121.68  50.48   732    -1
50442 124.12  50.40   371    -1
50468 127.45  50.25   166    -2
50514 117.32  49.58   661    -2
50527 119.70  49.25   649     1
50548 123.72  49.20   286     1
50557 125.23  49.17   242    -5
50564 127.35  49.43   234    -2
50603 116.81  48.68   542    -3
50618 118.27  48.22   642     3
50632 121.92  48.77   739     0
50639 122.73  48.00   306     1
50656 126.50  48.25   276    -1
50658 125.88  48.05   236     0
50727 119.93  47.17   997     4
50739 123.24  47.30   209     3
50742 124.48  47.80   162     1
50745 123.92  47.38   147     2
50756 126.87  47.45   247     3
50758 125.90  47.18   246    -1
50774 128.83  47.70   264     3
50775 130.20  47.34   182     0
50788 131.98  47.23    66    -1
50834 121.22  46.60   499     1
50838 122.05  46.08   274     4
50844 123.45  46.40   138     3
50853 126.97  46.62   179     1
50854 125.32  46.38   149     0
50862 127.98  46.98   206     0
50873 130.30  46.78    82     2
50877 129.58  46.30   100     0
50888 132.17  46.39    79    -2
50915 116.97  45.52   838    -2
50936 122.83  45.63   155     4
50945 124.24  45.51   142    -1
50948 124.02  45.00   146     0
50949 124.87  45.08   136     2
50950 125.25  45.70   148     0
50953 126.57  45.93   118     0
50955 126.32  45.39   168     2
50963 128.73  45.97   108     2
50968 127.97  45.22   189     3
50973 130.61  45.75   234     1
50978 130.92  45.30   272     2
50983 132.96  45.77   100    -1
51053  86.40  48.05   532    -6
51059  85.87  47.43   984    -3
51060  86.87  47.70   473    -1
51076  88.08  47.73   735    -3
51087  89.52  46.98   807    -1
51133  83.00  46.73   534    -5
51156  85.75  46.82  1322    -2
51186  90.38  46.67  1218     2
51232  82.57  45.18   336     9
51238  82.07  44.90   532    11
51241  83.60  45.93  1094    -8
51243  84.85  45.62   450    11
51288  90.53  45.37  1653    -9
51330  81.02  44.97  1357     2
51334  82.82  44.57   329     4
51346  84.67  44.43   478     9
51356  86.05  44.32   442     9
51358  85.82  44.28   468    10
51365  87.53  44.20   440     4
51367  86.85  44.17   575     3
51379  89.57  44.02   793     1
51431  81.33  43.95   662    -2
51433  82.52  43.80  1105    -2
51437  81.13  43.15  1851    -1
51463  87.65  43.78   935     5
51467  86.33  42.76  1732     2
51477  88.32  43.35  1103     0
51495  91.73  43.22   721    -3
51526  88.22  42.23   922     0
51542  84.15  43.03  2458     6
51567  86.57  42.08  1055     1
51573  89.20  42.93    34    -3
51581  90.23  42.85   398    -1
51628  80.23  41.17  1103     1
51633  81.90  41.78  1229     2
51639  82.78  41.23   980     3
51642  84.27  41.82   982    -3
51644  82.97  41.72  1081     1
51655  86.27  41.35   884     2
51656  86.13  41.75   931    -3
51701  75.40  40.52  3504     2
51704  76.17  39.72  1298     1
51705  75.25  39.72  2175     6
51709  75.75  39.49  1385     0
51711  78.45  40.93  1985     3
51716  78.57  39.80  1116    -1
51720  79.05  40.50  1161     1
51730  81.27  40.55  1012     1
51747  83.67  39.00  1099     1
51765  87.70  40.63   846    -1
51777  88.17  39.03   887     5
51804  75.23  37.77  3090     2
51810  77.63  38.92  1178    -1
51811  77.27  38.43  1231     3
51818  78.28  37.62  1375     3
51828  79.93  37.13  1375     2
51839  82.72  37.07  1409     1
51855  85.55  38.15  1247     2
51886  90.85  38.25  2944     0
51931  81.65  36.85  1422     2
52101  93.05  43.60  1679     2
52112  94.98  43.76   479     3
52203  93.52  42.82   737    -3
52267 101.07  41.95   940     1
52313  94.67  41.53  1573     5
52323  97.03  41.80  1770     3
52418  94.68  40.15  1139    -2
52424  95.78  40.53  1170     2
52436  97.03  40.27  1526     0
52446  99.52  40.30  1177    -2
52447  98.88  40.00  1270     2
52495 104.80  40.17  1323     4
52533  98.48  39.77  1477     5
52546  99.83  39.37  1332     4
52576 101.68  39.22  1510     7
52602  93.33  38.75  2770     3
52633  98.42  38.82  3367     0
52645  99.60  38.43  3314    -1
52652 100.28  39.08  1461     7
52657 100.25  38.18  2787     2
52661 101.08  38.80  1765    11
52674 101.97  38.23  1976     7
52679 102.67  37.92  1531     4
52681 103.08  38.63  1367     2
52707  93.68  36.80  2767    -2
52713  95.35  37.85  3173     1
52737  97.38  37.37  2981     4
52754 100.13  37.33  3301    -1
52765 101.62  37.38  2850    -1
52787 102.87  37.20  3045     8
52797 104.05  37.18  1630     2
52818  94.92  36.42  2807     2
52825  96.43  36.43  2790     2
52833  98.48  36.93  2950     2
52836  98.10  36.30  3189     6
52856 100.62  36.27  2835    -1
52866 101.75  36.73  2295     0
52868 101.37  36.02  2273     0
52876 102.83  36.33  1813     4
52881 103.18  36.98  2484     4
52884 103.95  36.35  1668    -1
52895 104.68  36.57  1398    -2
52908  93.08  35.22  4612     5
52955 100.73  35.58  3120     5
52974 102.02  35.52  2491     1
52983 104.15  35.87  1874     3
52984 103.18  35.58  1917     4
52986 103.87  35.37  1893     1
53068 111.93  43.62   963     4
53083 114.15  44.62  1181    -7
53149 110.13  42.53  1225     4
53192 114.95  44.02  1126    -3
53195 113.63  43.85  1036     2
53276 112.90  42.40  1150     4
53336 108.52  41.57  1288     0
53352 110.43  41.70  1376     2
53362 111.68  41.53  1490     3
53391 114.00  41.90  1482     0
53399 114.70  41.15  1393    -2
53446 109.88  40.53  1004    -1
53463 111.57  40.85  1153    -3
53478 112.45  40.00  1345    -4
53480 113.07  41.03  1419    -2
53487 113.42  40.08  1052    -5
53490 114.05  40.43  1014    -3
53502 105.75  39.78  1031    -1
53513 107.37  40.73  1041    -1
53519 106.77  39.22  1092    -1
53529 107.96  39.09  1381     0
53543 109.98  39.83  1461    -1
53564 111.21  39.37  1036    -3
53578 112.43  39.37  1114    -3
53588 113.52  38.95  2208    -6
53593 114.57  39.83   909    -6
53594 114.18  39.45   938    -3
53602 105.67  38.83  1561     6
53603 106.37  38.83  1095    -3
53612 106.18  37.98  1128     0
53614 106.20  38.47  1110    -4
53615 106.70  38.80  1101    -2
53646 109.78  38.27  1157    -4
53651 110.47  38.82  1098    -3
53663 111.82  38.92  1401    -4
53664 111.13  38.47  1012    -5
53673 112.72  38.73   828    -4
53687 113.63  37.78   753    -8
53698 114.36  38.07   103     4
53704 105.18  37.53  1225     0
53705 105.68  37.48  1183     1
53723 107.38  37.80  1349    -1
53725 107.58  37.58  1360     1
53735 108.80  37.62  1336     0
53738 108.17  36.92  1331    -1
53740 109.23  37.93  1111    -2
53754 110.22  37.50   929    -5
53764 111.10  37.50   950    -5
53772 112.58  37.62   776    -6
53775 112.59  37.42   785    -9
53782 113.62  37.93   767    -8
53787 112.98  37.07  1041    -8
53798 114.36  37.18   183     2
53806 105.65  36.57  1854     5
53810 105.90  36.97  1339     3
53817 106.27  36.00  1753     1
53821 107.30  36.57  1255     0
53845 109.45  36.58  1180    -5
53853 110.95  36.70  1052    -4
53854 110.07  36.58   804    -6
53859 110.67  36.10   851    -6
53863 111.95  37.07   746    -7
53868 111.50  36.07   449    -6
53877 112.25  36.17   860    -6
53882 113.03  36.07  1046    -5
53884 113.03  36.52   877    -6
53898 114.14  36.05   194    -2
53903 105.72  35.97  1916     0
53915 106.67  35.55  1346    -1
53923 107.63  35.73  1421    -2
53929 107.80  35.20  1206    -3
53942 109.41  35.77  1155    -6
53948 109.58  34.95   499    -5
53955 110.45  35.47   458    -5
53959 111.07  35.11   375    -5
53963 111.37  35.65   433    -5
53968 111.67  35.28   505    -6
53975 112.40  35.48   659    -3
53986 113.88  35.32    73    -5
54012 117.63  44.57  1001     0
54026 120.90  44.57   265     4
54027 119.40  43.98   486     2
54041 123.07  44.80   150     2
54049 123.97  44.25   188     2
54063 126.00  44.97   196     3
54064 125.15  44.38   170     2
54094 129.67  44.50   305     6
54096 131.17  44.38   567     1
54102 116.12  43.95  1003    -1
54115 118.04  43.64   825     2
54134 121.28  43.60   241     4
54135 122.27  43.60   178     2
54142 123.53  43.50   114     1
54157 124.33  43.17   165    -3
54161 125.22  43.90   236    -1
54165 125.63  43.55   219     2
54171 126.52  43.68   229    -2
54181 127.33  43.70   295     5
54186 128.20  43.37   524     3
54195 129.78  43.30   244     2
54208 116.47  42.19  1245    -4
54213 119.02  42.93   634     1
54218 118.83  42.31   668     0
54226 120.70  42.33   400     2
54236 122.56  42.39    79     0
54237 121.75  42.07   167    -1
54243 124.12  42.78   165    -4
54254 124.05  42.53    98    -4
54259 124.87  42.07   224     1
54260 125.08  42.92   252    -2
54263 126.08  42.96   351     1
54266 125.63  42.53   340     2
54273 126.75  42.98   263     4
54276 126.80  42.40   570    -1
54279 126.58  42.05   544     0
54284 127.50  42.15   774    -3
54285 128.12  42.42   721     0
54286 129.00  42.53   475     2
54292 129.50  42.87   257     0
54308 116.63  41.20   735    -2
54311 117.77  41.97   892    -1
54324 120.43  41.55   174     0
54326 119.63  41.41   462    -3
54333 122.85  41.97    30    -2
54334 121.25  41.52    74     1
54335 122.08  41.68    37    -2
54337 121.12  41.13    65    -2
54339 123.00  41.08    77    -8
54346 123.78  41.32   185    -4
54349 124.13  41.30   258    -2
54351 124.08  41.92   118    -1
54353 125.05  41.73   328     1
54363 125.90  41.68   402     4
54365 125.35  41.28   245     1
54374 126.88  41.80   379     4
54377 126.22  41.15   225     2
54386 128.18  41.42   775     2
54401 114.92  40.77   772    -3
54405 115.50  40.42   570    -2
54406 115.97  40.45   487     0
54416 116.87  40.38    71     2
54423 117.92  40.97   422     2
54429 117.95  40.20    54     1
54436 118.95  40.42   254     0
54449 119.52  39.85     2    -1
54452 119.82  40.80   365     0
54454 120.30  40.33    29    -3
54455 120.65  40.62    20    -2
54470 122.07  41.02     5    -6
54471 122.17  40.65     3    -8
54472 122.72  40.88    25    -7
54476 122.14  40.17    20    -6
54486 123.28  40.34    97     1
54493 124.78  40.72   260     2
54497 124.33  40.05    13     3
54511 116.47  39.80    31     2
54518 116.39  39.17     8     2
54525 117.28  39.73     5     0
54526 117.33  39.08     1    -1
54527 117.05  39.08     3     0
54534 118.10  39.65    23    -1
54539 118.88  39.43     8    -4
54563 122.02  39.63   118    -3
54565 121.47  39.60    70    -7
54579 122.58  39.27    35    -4
54584 122.95  39.72    34     2
54602 115.48  38.73    16     3
54606 115.73  38.23    19     3
54618 116.55  38.08    13    -3
54623 117.72  39.05     4    -1
54624 117.32  38.41     4    -8
54660 121.23  38.82    66    -7
54662 121.63  38.90    91    -6
54705 115.38  37.37    27     2
54715 116.52  37.31    17    -7
54725 117.53  37.50    11   -10
54751 120.73  37.94    39    -7
54753 120.34  37.64     4    -6
54774 122.13  37.47    65    -2
54776 122.70  37.40    47     1
54808 115.63  36.23    37    -4
54823 117.00  36.60   170   -11
54824 117.95  36.63    95    -9
54826 117.10  36.25  1533    -7
54836 118.17  36.18   305    -6
54842 119.99  36.79    62    -5
54843 119.20  36.75    22    -8
54852 120.73  36.97    54    -3
54863 121.18  36.78    40    -2
54871 122.48  36.93     9     1
54909 115.52  35.08    51    -5
54929 117.97  35.27   121    -6
54936 118.83  35.57   107    -5
54945 119.55  35.47    64    -3
55228  80.08  32.50  4278     3
55248  84.42  32.15  4414     4
55279  90.02  31.38  4700     5
55294  91.10  32.35  4800     1
55299  92.07  31.48  4507     3
55437  81.25  30.28  3900     1
55472  88.63  30.95  4672     3
55493  91.10  30.48  4200     0
55569  87.60  29.08  4000     1
55578  88.88  29.25  3836     0
55585  90.17  29.43  3809     1
55591  91.13  29.67  3648     1
55598  91.77  29.27  3560     0
55655  85.97  28.18  3810     0
55664  87.08  28.63  4300     1
55680  89.60  28.92  4040     1
55690  91.95  27.98  4280     1
55696  92.47  28.42  3860     0
55773  89.08  27.73  4300     1
56004  92.43  34.22  4533     0
56018  95.28  32.88  4066     2
56021  95.81  34.13  4175     3
56029  96.96  33.00  3716     0
56033  98.22  34.92  4272     3
56034  97.13  33.80  4415    -2
56038  98.10  32.98  4200    -2
56043 100.23  34.48  3719     3
56046  99.65  33.75  3967     0
56065 101.60  34.73  3500     5
56067 101.48  33.43  3628     2
56074 102.08  34.00  3471     3
56079 102.97  33.58  3441     2
56080 102.90  35.00  2910     3
56093 104.02  34.43  2315    -1
56096 104.92  33.40  1079     1
56106  93.78  31.88  4022    -1
56116  95.60  31.42  3873     2
56125  96.47  32.20  3643     0
56137  97.17  31.15  3315     0
56144  98.58  31.80  3184     2
56146 100.00  31.62  3393     1
56151 100.75  32.93  3530     3
56152 100.33  32.28  3893     4
56167 101.12  30.98  2957     3
56172 102.23  31.90  2664     1
56173 102.55  32.80  3491     3
56178 102.36  31.00  2438     0
56182 103.60  32.67  2881     2
56187 103.86  30.75   547     2
56188 103.66  31.00   698     2
56193 104.52  32.42   893     1
56196 104.73  31.45   522     1
56202  93.28  30.67  4488     0
56223  95.83  30.75  3640     1
56227  95.77  29.87  2736     2
56247  99.11  30.00  2589     3
56251 100.32  30.93  3000     4
56257 100.27  30.00  3948     2
56287 103.00  29.98   627     4
56312  94.33  29.67  2991     2
56331  97.83  29.67  3780     2
56357 100.30  29.05  3727     6
56374 101.97  30.05  2615     0
56385 103.34  29.52  3047     1
56434  97.47  28.65  2327     1
56444  98.92  28.48  3319     3
56459 101.27  27.93  2426     0
56462 101.50  29.00  2925     2
56475 102.52  28.65  1659     1
56479 102.85  28.00  2132     0
56485 103.58  28.27  1255     2
56492 104.60  28.80   340     2
56533  98.67  27.75  1583     0
56543  99.70  27.83  3276     1
56548  99.28  27.17  2326     3
56565 101.52  27.43  2545     6
56571 102.28  27.91  1590     3
56586 103.72  27.35  1949     4
56643  98.85  25.87   949     1
56651 100.22  26.85  2380     2
56664 101.27  26.63  1230     2
56666 101.72  26.58  1224     1
56671 102.25  26.65  1787     4
56684 103.25  26.40  2188    -1
56691 104.28  26.87  2237     1
56739  98.51  24.98  1695     1
56748  99.18  25.12  1652     1
56751 100.18  25.70  1990     1
56763 101.87  25.73  1120     1
56778 102.65  25.00  1888     1
56786 103.83  25.58  1898    -4
56793 104.47  25.71  1800    -1
56838  97.85  24.00   762    -1
56856 100.87  24.47  1162    -3
56875 102.55  24.33  1716     1
56886 103.77  24.53  1704    -1
56946  99.40  23.55  1104    -1
56951 100.08  23.88  1502     1
56954  99.93  22.57  1054     1
56959 100.78  22.00   582     0
56964 100.97  22.78  1302     2
56966 101.98  23.60   400     2
56969 101.57  21.47   633     4
56977 101.85  22.58  1120     4
56985 103.38  23.38  1300    -1
56986 103.68  22.98  1414    -1
56991 104.33  23.62  1561    -1
57003 106.83  34.90   924    -5
57014 105.87  34.57  1085    -2
57025 107.38  34.52   781    -6
57030 108.15  34.70   994    -5
57034 108.24  34.31   471    -6
57037 108.98  34.93   710    -6
57046 110.08  34.48  2064    -1
57048 108.72  34.40   472    -6
57049 109.73  34.52   341    -5
57051 111.20  34.80   409    -3
57052 110.45  34.88   354    -4
57067 111.07  34.08   658    -6
57071 112.43  34.82   333    -5
57077 111.65  33.78   742    -7
57083 113.65  34.72   110    -4
57089 113.93  34.07    67    -5
57091 114.30  34.78    73    -5
57106 106.15  33.32   794    -2
57123 108.07  34.28   506    -6
57124 106.93  33.63  1032    -2
57127 107.03  33.07   509     4
57131 108.97  34.43   410    -5
57134 107.98  33.52   827    -3
57143 109.97  33.87   742    -3
57144 109.15  33.43   693    -3
57154 110.90  33.53   523    -5
57156 111.50  33.30   250    -3
57178 112.49  33.10   180    -2
57181 113.05  33.88   136    -3
57193 114.52  33.78    52    -5
57206 105.90  32.42   545     0
57211 106.25  32.83   836    -1
57232 108.27  33.05   484     0
57237 108.03  32.07   674     1
57238 107.90  32.53   693     0
57245 109.03  32.72   290     3
57251 110.42  33.00   249    -3
57256 110.78  32.65   286    -3
57259 110.77  32.03   426    -3
57265 111.73  32.43   132    -2
57278 112.08  32.00   163    -2
57279 112.75  32.15   125    -2
57285 113.42  32.38   153    -5
57290 113.91  32.94   106    -6
57297 114.05  32.13   114    -5
57306 105.97  31.58   382    -1
57313 106.77  31.87   417     1
57328 107.51  31.21   344     0
57343 109.53  31.90   995    -1
57348 109.53  31.02   299    -2
57358 110.97  30.83   295    -1
57359 110.73  31.35   336    -1
57378 112.57  31.17    65    -1
57385 113.82  31.62    93    -2
57386 114.00  31.25    51     0
57395 114.12  31.57    74    -3
57399 114.95  31.13    74    -2
57405 105.55  30.50   355     3
57411 106.10  30.78   309     2
57426 107.80  30.68   454     1
57432 108.40  30.77   186    -2
57439 108.93  30.28  1074     2
57447 109.47  30.28   457     0
57453 111.32  30.77   115    -1
57458 110.67  30.20   619     2
57476 112.15  30.35    31     2
57483 113.13  30.67    31     2
57484 112.55  30.74    57    -1
57494 114.05  30.60    23     1
57495 114.88  30.67    28    -1
57502 105.70  29.70   394     1
57503 105.12  29.62   349     2
57512 106.26  29.97   364     3
57516 106.47  29.58   259     2
57517 106.25  29.28   261     1
57520 107.07  29.83   377     3
57522 107.27  29.74   372     2
57523 107.73  29.85   290     1
57536 108.76  29.52   786     1
57554 110.16  29.40   322     0
57562 111.36  29.58   116    -2
57573 112.90  29.83    30    -1
57574 112.40  29.37    36     0
57581 113.45  29.81    27     0
57584 113.09  29.38    53     1
57595 114.50  29.60    76     3
57596 114.20  29.63   751     0
57598 114.58  29.03   146     2
57604 105.38  28.78   368     4
57606 106.83  28.13   972     3
57608 105.43  28.17   377     7
57612 106.65  29.00   474     1
57614 106.22  28.33  1180     4
57625 107.45  28.55   679     2
57633 108.77  28.82   826     3
57642 109.65  28.70   325     4
57647 109.18  28.15   406     6
57649 109.68  28.24   254     4
57655 110.40  28.47   151     1
57662 111.68  29.12   150     0
57669 111.22  28.38   128     0
57671 112.37  28.85    37    -1
57673 112.89  28.69    53     2
57679 112.79  28.11   115     5
57682 113.57  28.71   106     3
57687 112.79  28.11   119     4
57696 114.78  28.40    91     8
57707 105.29  27.30  1510     4
57710 106.40  27.80   890     3
57718 106.72  27.10  1112     5
57722 107.47  27.77   792     3
57729 107.88  27.23   622     4
57731 108.25  27.95   416     2
57741 109.18  27.73   353     3
57745 109.68  27.45   272    -3
57749 110.00  27.57   257     0
57752 110.60  27.92   204     1
57758 110.60  27.03   339     6
57761 111.30  27.75   211     3
57774 112.17  27.45   100     5
57776 112.69  27.30  1265     2
57779 113.35  27.00   102     5
57780 113.17  27.87    74     5
57783 113.82  27.88   118     5
57789 113.95  27.13   194     9
57793 114.38  27.80   131     7
57794 114.02  27.63   177     7
57799 114.92  27.05    71     8
57803 106.02  27.04  1231     4
57805 105.77  26.68  1319     2
57806 105.90  26.25  1431     3
57816 106.73  26.58  1223     4
57825 107.98  26.60   720     4
57827 107.53  26.32   969     3
57832 108.67  26.97   626     4
57839 109.15  26.23   568     5
57840 109.20  26.90   401     6
57841 109.67  26.57   320     1
57845 109.79  26.17   397     4
57853 110.63  26.73   341     8
57857 110.32  26.37   477     8
57866 111.62  26.23   172     6
57872 112.60  26.90   104     6
57874 112.39  26.41   116     6
57889 113.94  26.08   835    -1
57894 114.17  26.58   843     3
57896 114.50  26.33   126     1
57902 105.18  25.43  1378     0
57906 106.08  25.18   566     3
57907 104.90  25.08  1299     0
57910 106.08  25.77  1197     2
57912 106.66  26.14   990     2
57916 106.77  25.43   440     6
57922 107.54  25.83  1013     5
57926 107.88  25.42   428     6
57932 108.53  25.97   285     2
57947 109.40  25.21   121     5
57957 110.30  25.32   164     5
57965 111.60  25.53   192     8
57972 113.03  25.80   184     1
57974 112.37  25.58   214     3
57993 115.00  25.87   137     4
57996 114.25  25.08   149     3
58005 115.54  34.44    50    -5
58015 116.33  34.45    44    -5
58026 118.02  34.39    25    -6
58027 117.16  34.29    41    -3
58038 118.78  34.08    10    -5
58040 119.13  34.86     5    -5
58047 119.24  34.26     4    -5
58102 115.73  33.78    39    -4
58111 116.45  33.97    32    -3
58118 116.52  33.27    26    -4
58122 116.98  33.63    25    -5
58130 117.95  33.93    23    -6
58135 118.22  33.48    16    -4
58138 118.52  32.98    40    -2
58141 118.93  33.64    12    -3
58143 119.85  33.80     4    -1
58150 120.30  33.75     1     1
58158 120.48  33.20     3     1
58203 115.73  32.87    32    -4
58208 115.62  32.17    42    -4
58215 116.78  32.43    25    -5
58221 117.30  32.85    26    -5
58225 117.67  32.53    69    -5
58236 118.25  32.35    33    -2
58238 118.90  31.93    35     1
58241 119.45  32.79     5    -1
58246 119.99  32.56     2     1
58251 120.28  32.85     3     1
58252 119.47  32.18    27     0
58255 120.57  32.37     6     1
58259 120.98  32.08     4     3
58265 121.60  32.07     3     0
58311 116.50  31.73    74    -4
58314 116.32  31.40    86    -4
58319 116.95  31.07    85    -2
58321 117.30  31.78    27    -1
58326 117.83  31.58    30    -3
58336 118.57  31.70    80     1
58338 118.60  31.12    40     0
58343 119.98  31.88     4     2
58345 119.50  31.43     5     4
58354 120.35  31.62     3     2
58356 121.00  31.40     3     4
58358 120.43  31.07    16     5
58362 121.45  31.40     5     3
58402 115.68  30.74   123    -1
58407 115.03  30.23    32     1
58414 116.32  30.43   105     0
58419 117.02  30.10    17     1
58424 116.97  30.62    62     0
58429 117.85  30.98    11    -2
58436 118.98  30.62    87     1
58437 118.15  30.13  1840     2
58448 119.70  30.22   117     4
58450 120.05  30.87     7     4
58457 120.17  30.23    41     4
58464 121.12  30.65     4     5
58467 121.27  30.20     4     2
58472 122.45  30.73    79     1
58477 122.10  30.03    35     3
58500 115.20  29.85    45     2
58505 115.90  29.62    63     2
58506 115.98  29.57  1164    -2
58507 115.12  29.25   116     5
58519 116.68  29.00    40     4
58520 117.72  29.85   142     2
58524 117.22  29.37    87     6
58527 117.20  29.30    61     5
58531 118.28  29.72   142     4
58543 119.02  29.62   171     3
58549 119.65  29.12    62     1
58553 120.82  30.05     6     1
58556 120.82  29.60   104     3
58557 120.08  29.33    90     1
58560 120.43  29.05   304     1
58561 121.60  29.98     4     3
58562 121.55  29.78     5     4
58566 121.88  29.47     6     6
58569 121.95  29.20   128     4
58600 115.37  28.87    78     5
58606 115.92  28.60    46     6
58608 115.55  28.07    30     7
58622 117.58  28.95    88     2
58626 117.23  28.30    60    -1
58633 118.90  29.00    82     1
58634 118.25  28.68   116     0
58637 117.98  28.45   118     0
58646 119.93  28.46    59     4
58647 119.13  28.08   222     4
58652 120.72  28.87    83     5
58660 121.20  28.87     6     5
58665 121.42  28.62     4     5
58666 121.90  28.45    86     3
58667 121.27  28.08    95     1
58705 115.42  27.33    85     7
58715 116.65  27.58    80     1
58718 116.53  27.22   111     1
58730 118.03  27.77   222     5
58737 118.32  27.05   154     4
58742 119.56  28.11   163     3
58744 119.42  27.45   815     5
58752 120.65  27.78    39     7
58754 120.20  27.33    36     5
58760 121.15  27.83    68     2
58806 116.01  26.48   209     4
58813 116.33  26.85   143     3
58818 116.63  26.23   358     1
58820 117.17  26.90   342     5
58837 118.15  26.15   204     4
58843 120.02  26.88    56     3
58850 120.23  26.92    92     1
58918 116.42  25.05   198     1
58921 117.35  25.97   206     1
58926 117.42  25.30   205     3
58927 117.02  25.05   376     2
58931 118.10  25.72  1653    -3
58936 118.70  25.37    77     4
58944 119.78  25.52    32     3
58968 121.52  25.03     9    -1
58974 122.07  25.63   102     2
59007 105.07  24.07  1249    -4
59021 107.03  24.55   509     2
59023 108.03  24.70   260     3
59037 108.10  23.93   170     2
59046 109.40  24.34    96     3
59058 110.52  24.20   181     3
59065 111.50  24.42   148     2
59072 112.37  24.80   131     1
59082 113.60  24.67   121     3
59087 113.52  23.88    97     1
59088 113.42  24.18    74     3
59092 114.82  24.92   206     2
59096 114.48  24.37   214     0
59097 114.20  24.05   198     1
59102 115.65  24.95   303    -1
59107 115.28  24.12   179     1
59113 116.72  24.73   226     1
59116 116.70  24.33    81     1
59117 116.07  24.28   116     3
59158 120.68  24.15    78    -1
59209 105.83  23.42   794     1
59211 106.60  23.90   174     2
59218 106.42  23.13   739     0
59228 107.58  23.32   108     3
59242 109.23  23.75    84     2
59254 110.08  23.40    42     2
59265 111.30  23.48   114     2
59271 112.43  23.63    57     2
59278 112.45  23.03    41     2
59280 113.08  23.72    79     2
59287 113.48  23.22    70     2
59289 113.73  22.97    56     2
59293 114.73  23.80    70     2
59294 113.83  23.33    30     2
59298 114.37  23.07   108     1
59303 115.75  23.92   135     1
59304 115.18  23.63   176     1
59306 115.85  23.45    80     2
59316 116.68  23.40     2     2
59317 116.30  23.03    14    -1
59324 117.03  23.43     7    -1
59358 120.22  23.00    14     0
59417 106.86  22.33   128     7
59431 108.22  22.63   121     1
59446 109.30  22.42    66     1
59453 110.12  22.67   121     1
59456 110.94  22.36   141     1
59462 111.60  22.70    60     2
59478 112.78  22.25    32     1
59485 113.40  22.50    33     1
59488 113.57  22.28    51     4
59493 114.00  22.53    63     2
59501 115.38  22.81    16     1
59559 120.75  22.00    24     1
59562 121.15  22.75    10     2
59567 121.55  22.03   325     0
59626 107.95  21.56    56     2
59631 108.35  21.78    32     1
59632 108.62  21.95     4     1
59644 109.13  21.45    12     1
59647 109.10  21.03    55     1
59658 110.30  21.15    53     3
59663 111.97  21.84    89     2
59664 111.00  21.55    31     1
59673 112.77  21.73    21     2
59754 110.18  20.33    55     1
59758 110.25  20.00    63     3
59792 116.72  20.67     6     2
59838 108.62  19.10     7    -1
59845 109.58  19.52   169    -1
59849 109.83  19.03   250     0
59855 110.47  19.23    24     4
59948 109.59  18.22   419     0
59954 110.03  18.55    35     0
59981 112.33  16.83     4     0
98134 121.97  20.42   167     1
98222 120.45  17.88    57    -4
98223 120.53  18.17     5    -5
98232 121.62  18.35     3     0
98233 121.75  17.63    62     0
98324 119.97  15.32     5    -1
98325 120.35  16.08     2    -4
98327 120.53  15.18   155     0
98328 120.60  16.40  1501    -2
98330 120.95  15.47    32     1
98334 121.62  15.73   178     0
98336 122.12  16.25     4     0
