diamond  3 2015年01月29日08时__积雪深度（厘米）                        
   15    1   29    8 1000    1    0    1    0    0    1  749
 50136  122.52   52.97     438  28.30
 50246  124.72   52.35     361   7.00
 50247  123.57   52.03     514  10.00
 50349  124.40   51.67     501   4.10
 50353  126.63   51.73     173   6.00
 50425  120.18   50.25     581   9.80
 50431  121.52   50.78     717  17.70
 50434  121.68   50.48     732  16.70
 50442  124.12   50.40     371  12.70
 50445  123.73   50.58     423  11.30
 50468  127.45   50.25     166  13.00
 50514  117.32   49.58     661   3.00
 50524  119.43   49.32     576  10.80
 50525  119.75   49.15     620  13.50
 50526  120.70   49.28     668  15.70
 50527  119.70   49.25     649  17.60
 50548  123.72   49.20     286   7.00
 50557  125.23   49.17     242  11.00
 50564  127.35   49.43     234  18.00
 50566  128.47   49.55     116  24.00
 50603  116.81   48.68     542   4.00
 50618  118.27   48.22     642  12.30
 50632  121.92   48.77     739   8.30
 50639  122.73   48.00     306   0.10
 50645  124.48   48.48     195   3.60
 50646  124.85   48.48     202   1.30
 50647  123.48   48.13     236   2.00
 50655  126.18   48.50     266  12.10
 50656  126.50   48.25     276   4.00
 50658  125.88   48.05     236   2.00
 50659  126.25   48.03     291   9.00
 50673  130.40   48.88      90  19.00
 50674  129.43   48.57     404  24.90
 50727  119.93   47.17     997  18.50
 50741  123.50   47.93     185   2.00
 50742  124.48   47.80     162   3.00
 50745  123.92   47.38     147   1.00
 50749  124.83   47.18     154   2.00
 50750  125.30   47.90     226   2.00
 50755  126.07   47.62     249   4.40
 50756  126.87   47.45     247   9.00
 50758  125.90   47.18     246   2.00
 50767  127.10   47.23     202   8.00
 50772  129.23   48.10     288  22.00
 50774  128.83   47.70     264  15.00
 50775  130.20   47.34     182  10.20
 50776  130.83   47.57      83   4.00
 50778  132.53   47.67      57  35.00
 50779  134.28   48.37      40  76.00
 50787  131.84   47.31      62   6.40
 50788  131.98   47.23      66   4.00
 50833  122.90   46.72     187   1.00
 50834  121.22   46.60     499   1.30
 50838  122.05   46.08     274   0.10
 50842  124.42   46.83     145   0.01
 50851  126.08   46.68     207   3.90
 50852  126.45   46.82     169  10.00
 50853  126.97   46.62     179   8.00
 50854  125.32   46.38     149   4.00
 50858  125.81   46.02     159   5.00
 50859  126.28   46.29     169   4.40
 50861  127.48   46.89     182  10.00
 50867  127.35   46.08     134   8.00
 50873  130.30   46.78      82  18.30
 50877  129.58   46.30     100  14.00
 50878  130.72   47.00      78  10.20
 50879  130.55   46.22     187   2.90
 50880  131.12   46.73     102  16.60
 50881  131.78   46.78      70  32.00
 50884  131.15   46.63     175  16.90
 50888  132.17   46.39      79   6.00
 50892  134.00   46.80      54  33.00
 50913  118.83   45.72     865   7.00
 50915  116.97   45.52     838   4.00
 50924  119.65   45.55     860   4.40
 50928  120.33   45.07     628   1.30
 50936  122.83   45.63     155   1.10
 50939  122.82   45.33     150   1.00
 50940  123.17   45.85     141   1.00
 50945  124.24   45.51     142   2.80
 50946  124.83   45.18     139   7.00
 50948  124.02   45.00     146   3.00
 50949  124.87   45.08     136   4.40
 50950  125.25   45.70     148   4.30
 50953  126.57   45.93     118   8.00
 50954  125.08   45.50     127   7.00
 50955  126.32   45.39     168   8.30
 50956  126.77   46.08     134   8.00
 50958  126.93   45.53     168  17.00
 50960  127.38   45.73     184  13.00
 50962  128.03   45.95     112  19.00
 50963  128.73   45.97     108   9.00
 50964  128.80   45.83     119  18.00
 50971  131.02   45.77     223   6.00
 50973  130.61   45.75     234   2.90
 50978  130.92   45.30     272   2.00
 50979  130.23   45.27     274   7.00
 50983  132.96   45.77     100  29.00
 50985  131.87   45.55     151   1.00
 50987  131.09   45.26     219   0.40
 51053   86.40   48.05     532  15.00
 51058   87.97   47.10     563   8.00
 51059   85.87   47.43     984  33.00
 51060   86.87   47.70     473  23.00
 51068   87.48   47.12     497  10.00
 51076   88.08   47.73     735  27.00
 51087   89.52   46.98     807  32.00
 51133   83.00   46.73     534  37.00
 51137   82.93   46.20     715  37.00
 51145   83.65   46.55     521  35.00
 51186   90.38   46.67    1218  17.00
 51232   82.57   45.18     336   0.20
 51238   82.07   44.90     532  13.00
 51241   83.60   45.93    1094  22.00
 51243   84.85   45.62     450   4.00
 51288   90.53   45.37    1653  15.00
 51328   80.42   44.20     770  28.00
 51329   80.85   44.05     640  17.00
 51330   81.02   44.97    1357  16.30
 51334   82.82   44.57     329   5.30
 51346   84.67   44.43     478  14.00
 51352   85.25   44.85     337  12.00
 51353   86.10   45.02     346   5.00
 51356   86.05   44.32     442  23.00
 51357   85.62   44.33     522  21.00
 51358   85.82   44.28     468  22.00
 51359   86.20   44.32     471  21.00
 51365   87.53   44.20     440  13.00
 51367   86.85   44.17     575  18.00
 51368   87.32   44.12     515  18.00
 51369   87.65   43.97     600  23.00
 51377   87.92   44.17     547  15.00
 51378   89.17   44.00     742  16.00
 51379   89.57   44.02     793  18.00
 51430   81.15   43.83     602   8.00
 51431   81.33   43.95     662  10.00
 51433   82.52   43.80    1105  39.00
 51434   81.53   43.97     770  35.00
 51435   82.23   43.47     774   6.00
 51436   83.30   43.45     928  33.00
 51437   81.13   43.15    1851  38.00
 51438   81.77   43.18    1210  25.00
 51463   87.65   43.78     935  36.00
 51465   87.10   43.48    1871  30.00
 51468   86.83   43.10    3539   2.00
 51469   87.18   43.45    1930  29.00
 51470   88.12   43.88    1942  24.00
 51477   88.32   43.35    1103   2.00
 51482   90.28   43.83    1271  23.00
 51542   84.15   43.03    2458   3.00
 51567   86.57   42.08    1055   4.00
 51568   86.80   42.25    1085   5.00
 51627   79.23   41.22    1395   1.00
 51628   80.23   41.17    1103   3.00
 51629   80.23   41.27    1132   3.00
 51633   81.90   41.78    1229   6.00
 51636   82.65   41.55    1009   4.00
 51639   82.78   41.23     980   2.00
 51642   84.27   41.82     982   0.01
 51644   82.97   41.72    1081   6.00
 51656   86.13   41.75     931   0.01
 51701   75.40   40.52    3504   0.40
 51704   76.17   39.72    1298   1.00
 51705   75.25   39.72    2175   2.00
 51707   76.73   39.50    1208   0.90
 51708   75.95   39.15    1325   1.00
 51709   75.75   39.49    1385   1.00
 51711   78.45   40.93    1985   4.00
 51716   78.57   39.80    1116   0.60
 51717   76.78   39.25    1206   0.10
 51722   80.40   40.65    1044   1.00
 51730   81.27   40.55    1012   2.00
 51765   87.70   40.63     846   2.00
 51802   76.17   38.93    1297   0.01
 51810   77.63   38.92    1178   1.00
 51811   77.27   38.43    1231   0.01
 51814   77.40   37.92    1360   0.01
 51818   78.28   37.62    1375   1.00
 51827   79.63   37.17    1348   1.00
 51828   79.93   37.13    1375   0.01
 51829   80.17   37.08    1347   0.01
 52101   93.05   43.60    1679  13.00
 52633   98.42   38.82    3367   0.90
 52643   99.62   38.83    2311   1.00
 52645   99.60   38.43    3314   0.40
 52652  100.28   39.08    1461   0.01
 52656  100.82   38.43    2281   0.01
 52661  101.08   38.80    1765   1.00
 52674  101.97   38.23    1976   1.00
 52869  101.58   36.50    2667   1.00
 52988  103.72   35.37    2015   2.00
 52993  105.07   35.68    1739   0.10
 52996  105.02   35.38    2450   1.00
 52998  104.20   35.13    2111   1.00
 53068  111.93   43.62     963   0.70
 53083  114.15   44.62    1181   2.40
 53192  114.95   44.02    1126   3.30
 53195  113.63   43.85    1036   4.30
 53231  106.40   41.40    1510   0.20
 53272  112.63   42.75    1104   0.60
 53289  113.83   42.23    1322   3.30
 53336  108.52   41.57    1288   0.30
 53337  108.47   41.09    1023   0.50
 53343  109.97   41.77    1612   1.00
 53352  110.43   41.70    1376   1.30
 53357  110.05   41.03    1360   1.30
 53362  111.68   41.53    1490   6.30
 53367  111.23   41.32    1602   1.00
 53368  111.47   41.08    1637   3.70
 53385  113.54   41.60    1420   1.00
 53391  114.00   41.90    1482   0.01
 53392  114.60   41.85    1422   2.00
 53397  113.98   41.10    1376   2.00
 53399  114.70   41.15    1393   1.00
 53433  108.65   40.73    1020   0.01
 53455  110.53   40.55     998   0.10
 53457  110.03   40.40    1011   0.01
 53463  111.57   40.85    1153   1.20
 53464  111.17   40.72    1042   1.00
 53466  111.70   40.75    1045   2.10
 53467  111.18   40.27    1016   2.00
 53469  111.82   40.40    1166   3.60
 53472  112.57   40.87    1451   1.00
 53475  112.47   40.52    1268   0.01
 53478  112.45   40.00    1345   2.20
 53480  113.07   41.03    1419   0.40
 53481  113.22   40.80    1316   0.01
 53483  113.83   40.87    1268   0.10
 53484  113.15   40.45    1191   1.00
 53486  113.77   40.37    1050   0.70
 53487  113.42   40.08    1052   4.00
 53488  113.58   40.03    1034   1.20
 53490  114.05   40.43    1014   0.50
 53492  114.15   40.10     937   1.00
 53505  105.40   37.88    1380   0.80
 53522  107.83   40.05    1180   1.00
 53529  107.96   39.09    1381   2.00
 53543  109.98   39.83    1461   2.30
 53545  109.71   39.56    1367   3.00
 53547  109.03   39.10    1312   0.30
 53562  111.67   39.92    1208   6.00
 53564  111.21   39.37    1036   2.10
 53565  111.50   39.43    1051   3.50
 53567  111.00   39.02    1024   2.50
 53574  112.27   39.52    1409   0.40
 53575  112.20   39.10    1525   3.70
 53576  112.82   39.50    1045   0.01
 53577  112.30   39.00    1437   0.30
 53578  112.43   39.37    1114   0.10
 53579  112.90   39.02     859   0.60
 53580  113.10   39.82    1044   0.60
 53582  113.67   39.72    1079   0.20
 53584  113.17   39.57    1000   0.80
 53585  113.27   39.17     933   1.20
 53590  114.27   39.75     977   0.60
 53593  114.57   39.83     909   1.00
 53602  105.67   38.83    1561   1.00
 53603  106.37   38.83    1095   1.00
 53610  106.35   38.57    1106   1.50
 53614  106.20   38.47    1110   0.80
 53618  106.25   38.28    1113   0.80
 53619  106.30   38.12    1115   0.60
 53646  109.78   38.27    1157   4.80
 53651  110.47   38.82    1098   1.00
 53658  110.48   38.03     894   4.00
 53659  111.00   37.97    1163   6.10
 53660  111.08   39.02     894   1.30
 53662  111.58   38.72    1396   2.40
 53663  111.82   38.92    1401   4.00
 53664  111.13   38.47    1012   4.00
 53665  111.65   38.28    1185   2.70
 53666  111.93   38.35    1212   2.30
 53669  111.80   38.08    1150   2.80
 53673  112.72   38.73     828   0.20
 53674  112.70   38.40     869   0.10
 53677  112.48   37.93     806   2.50
 53678  112.65   38.07     897   1.50
 53679  112.54   37.75     776   2.60
 53685  113.42   38.07     953   1.00
 53687  113.63   37.78     753   1.10
 53693  114.13   38.03     255   0.01
 53698  114.36   38.07     103   0.01
 53704  105.18   37.53    1225   1.90
 53705  105.68   37.48    1183   1.70
 53707  105.25   36.93    1697   1.50
 53723  107.38   37.80    1349   5.40
 53725  107.58   37.58    1360   6.50
 53727  107.12   37.17    1712   5.80
 53730  107.48   38.18    1333   4.00
 53732  108.72   37.85    1209   7.00
 53735  108.80   37.62    1336   0.40
 53738  108.17   36.92    1331   8.00
 53740  109.23   37.93    1111   3.30
 53748  109.70   37.18    1063  10.00
 53750  110.18   37.77     931   5.00
 53751  110.05   37.60     894   7.00
 53754  110.22   37.50     929   9.00
 53756  110.72   37.52     744   3.00
 53759  110.83   36.98    1109   5.80
 53760  111.23   37.88    1212   5.80
 53763  112.17   37.92    1006   0.40
 53764  111.10   37.50     950   3.90
 53769  111.78   37.25     747   2.80
 53772  112.58   37.62     776   2.00
 53774  112.37   37.58     759   3.00
 53775  112.59   37.42     785   2.80
 53776  112.77   37.68     831   1.80
 53777  112.14   37.51     753   3.00
 53778  112.22   37.17     780   0.40
 53780  113.15   37.91    1066   1.60
 53782  113.62   37.93     767   0.20
 53783  113.72   37.60     940   2.20
 53786  113.33   37.09    1152   3.00
 53787  112.98   37.07    1041   0.30
 53788  113.57   37.33    1265   1.00
 53795  114.37   37.65     137   0.01
 53806  105.65   36.57    1854   3.00
 53810  105.90   36.97    1339   2.70
 53817  106.27   36.00    1753   1.20
 53821  107.30   36.57    1255   6.00
 53829  107.90   35.98    1093   4.00
 53832  108.77   36.77    1218   0.90
 53841  109.32   36.88    1068   0.90
 53845  109.45   36.58    1180   1.00
 53848  109.35   36.27    1005   7.30
 53850  110.18   36.88     804   9.00
 53857  110.18   36.07     840   5.20
 53861  111.38   35.88     463   7.10
 53862  111.80   36.85     811   7.00
 53863  111.95   37.07     746   4.30
 53864  111.10   36.40    1030   9.30
 53865  111.55   36.65    1011  10.00
 53868  111.50   36.07     449   6.00
 53869  111.70   36.58     550   7.30
 53871  112.85   36.83     964   3.60
 53872  112.68   36.77     960   2.80
 53873  112.87   36.10     951   5.00
 53874  111.90   36.25     648   4.20
 53875  112.35   36.52    1000   4.00
 53877  112.25   36.17     860  13.80
 53879  112.88   36.32     952   1.00
 53880  113.23   36.33     947   1.20
 53881  106.48   37.28    1382   4.80
 53882  113.03   36.07    1046   4.30
 53884  113.03   36.52     877   0.40
 53885  113.20   36.12    1122   0.30
 53888  113.43   36.20    1089   1.20
 53903  105.72   35.97    1916   1.60
 53906  105.71   35.52    1656   1.00
 53908  105.23   35.22    1768   0.10
 53910  106.20   35.67    2841   2.00
 53913  106.63   35.85    1478   0.10
 53914  106.12   35.62    2078   0.80
 53915  106.67   35.55    1346   1.10
 53916  106.32   35.50    1948   1.20
 53923  107.63   35.73    1421   3.00
 53924  107.62   35.07     966   4.00
 53925  107.18   35.68    1172   0.20
 53926  107.35   35.35    1028   2.00
 53927  106.62   35.20    1477   3.00
 53928  107.02   35.30    1149   1.80
 53929  107.80   35.20    1206   5.00
 53930  107.98   36.45    1271   5.00
 53931  109.37   36.00     984   4.00
 53934  107.98   35.78    1274   5.00
 53935  108.40   35.49    1481   6.00
 53937  107.92   35.52     979   3.00
 53938  108.30   35.17    1277   0.20
 53941  109.58   35.18     804   3.00
 53942  109.41   35.77    1155   3.30
 53944  109.25   35.57     863   2.70
 53945  109.07   35.43    1395   5.00
 53946  109.82   35.60    1091   3.00
 53947  109.07   35.08     978   5.00
 53948  109.58   34.95     499   2.00
 53949  109.92   35.18     679   2.00
 53953  110.85   35.97     965   4.70
 53954  110.97   35.62     433   0.50
 53955  110.45   35.47     458   6.00
 53956  110.83   35.40     588   1.70
 53957  110.72   35.62     459   6.00
 53958  110.78   35.17     435   1.50
 53959  111.07   35.11     375   2.20
 53962  111.70   35.73     584   8.00
 53963  111.37   35.65     433   7.10
 53964  111.22   35.62     430   5.70
 53965  111.57   35.52     761   4.10
 53966  111.83   35.98     817   5.00
 53967  111.20   35.33     468   0.40
 53968  111.67   35.28     505   5.00
 53972  112.90   35.05     117   3.00
 53973  112.95   35.77     837   9.90
 53975  112.40   35.48     659   5.10
 53976  112.87   35.50     752   9.00
 53979  113.08   35.15     120   1.70
 53981  113.27   35.78    1311   4.10
 53982  113.27   35.23     112   3.00
 53983  114.42   35.03      69   2.50
 53984  113.47   35.23      82   0.70
 53985  113.82   35.50     140   0.20
 53988  113.67   35.27      77   0.60
 53989  113.98   35.08      75   0.70
 53997  114.18   35.15      71   0.01
 53998  114.65   35.20      61   0.90
 54039  122.02   44.03     181   0.30
 54041  123.07   44.80     150   0.01
 54047  123.28   44.13     145   2.00
 54049  123.97   44.25     188   3.00
 54063  126.00   44.97     196  12.00
 54064  125.15   44.38     170   4.00
 54065  125.65   44.53     169   5.00
 54069  125.80   44.12     173   8.00
 54072  126.52   44.85     196   4.00
 54076  126.93   44.38     268  32.00
 54092  129.40   44.60     292   3.00
 54093  130.55   44.93     266  10.00
 54094  129.67   44.50     305   4.00
 54098  129.47   44.33     267   8.00
 54099  131.13   44.08     148   3.00
 54102  116.12   43.95    1003   5.00
 54117  117.53   43.25    1003   2.00
 54132  121.07   42.40     400   0.50
 54134  121.28   43.60     241   2.00
 54135  122.27   43.60     178   0.30
 54142  123.53   43.50     114   3.00
 54154  124.30   43.35     160   6.00
 54155  124.23   43.67     144   5.00
 54156  124.80   43.52     200   9.00
 54157  124.33   43.17     165  11.00
 54161  125.22   43.90     236  15.00
 54164  125.28   43.35     248  12.00
 54165  125.63   43.55     219  14.00
 54169  126.02   43.30     271  18.00
 54171  126.52   43.68     229  19.00
 54172  126.53   43.87     290  16.00
 54175  126.62   43.42     537  25.00
 54181  127.33   43.70     295   8.00
 54186  128.20   43.37     524   2.00
 54187  128.92   43.12     366   2.00
 54192  130.27   43.70     384   6.00
 54195  129.78   43.30     244   4.00
 54204  115.00   42.30    1346   3.00
 54205  116.00   42.23    1315   3.00
 54208  116.47   42.19    1245   0.90
 54231  122.35   42.97     248   2.00
 54234  121.75   42.73     297   2.70
 54243  124.12   42.78     165   9.00
 54244  123.33   42.75     118   2.00
 54245  123.40   42.50      97   2.00
 54249  123.87   42.30      85   1.30
 54252  124.75   42.73     196   0.90
 54254  124.05   42.53      98  10.00
 54259  124.87   42.07     224  14.00
 54260  125.08   42.92     252  14.00
 54261  125.47   42.67     345  10.00
 54263  126.08   42.96     351  13.00
 54266  125.63   42.53     340  11.00
 54267  125.73   42.25     362  21.00
 54273  126.75   42.98     263  19.00
 54274  125.99   42.69     306  11.00
 54276  126.80   42.40     570  17.00
 54279  126.58   42.05     544  30.00
 54284  127.50   42.15     774  35.00
 54285  128.12   42.42     721  11.00
 54301  115.67   41.67    1412   2.00
 54304  115.27   40.95    1239   3.00
 54305  115.27   41.88    1468   6.00
 54332  122.72   41.52      12   2.00
 54333  122.85   41.97      30   0.01
 54334  121.25   41.52      74   1.00
 54336  122.42   41.42       8   2.00
 54338  121.95   41.28       3   0.30
 54339  123.00   41.08      77   1.20
 54340  123.32   41.67      35   6.00
 54345  123.07   41.20      30   4.00
 54346  123.78   41.32     185  10.00
 54347  123.17   41.23      24   9.00
 54348  123.37   41.41      45  13.00
 54349  124.13   41.30     258  14.00
 54351  124.08   41.92     118  15.00
 54353  125.05   41.73     328  14.00
 54362  125.73   41.67     380  21.00
 54363  125.90   41.68     402  20.00
 54365  125.35   41.28     245   8.00
 54371  126.43   41.93     520  24.00
 54374  126.88   41.80     379  20.90
 54377  126.22   41.15     225  16.00
 54386  128.18   41.42     775  10.40
 54472  122.72   40.88      25   3.00
 54474  122.35   40.42      24   3.00
 54475  122.45   40.57      11   2.00
 54483  123.90   40.88     233   2.00
 54518  116.39   39.17       8   0.20
 54519  116.48   39.30      12   0.01
 54569  121.95   39.42      11   1.00
 54575  122.37   39.42      43   1.00
 54579  122.58   39.27      35   1.00
 54603  115.77   38.72      10   0.01
 54605  115.93   38.93       4   0.01
 54613  116.62   38.70       6   0.01
 54636  116.10   39.02      11   0.01
 54662  121.63   38.90      91   0.01
 54805  115.47   36.45      39   1.00
 54900  115.02   35.70      53   0.40
 54906  115.42   35.25      49   1.00
 54907  116.65   34.98      34   2.00
 54908  115.10   35.27      57   2.00
 54909  115.52   35.08      51   0.10
 54913  116.82   35.75      62   0.01
 54914  116.08   35.42      40   0.01
 54915  116.60   35.43      33   0.01
 54916  116.85   35.57      51   0.60
 54917  116.33   35.13      35   1.00
 54918  116.97   35.60      62   0.01
 54919  116.98   35.38      88   0.20
 54921  116.33   35.42      38   0.01
 54927  117.20   35.10      74   1.00
 54938  118.40   35.05      65   1.40
 54939  118.82   35.17     113   0.01
 55437   81.25   30.28    3900  20.00
 55655   85.97   28.18    3810  46.00
 56018   95.28   32.88    4066   4.00
 56034   97.13   33.80    4415   5.60
 56045   99.90   33.97    4050   0.80
 56046   99.65   33.75    3967   3.50
 56091  104.47   34.85    1883   0.10
 56092  104.65   35.00    1728   0.10
 56093  104.02   34.43    2315   0.01
 57002  105.65   34.85    1216   0.01
 57003  106.83   34.90     924   0.20
 57004  104.88   34.73    1495   1.00
 57007  105.18   34.18    1404   0.01
 57008  105.30   34.03    1579   0.01
 57011  106.15   34.75    1378   1.00
 57012  106.20   34.98    1664   1.00
 57016  107.13   34.35     612   1.00
 57020  107.40   34.37     563   1.00
 57021  107.13   34.65     751   3.00
 57022  107.78   34.68    1026   0.10
 57023  108.11   35.02     919   5.00
 57024  107.65   34.45     669   2.00
 57025  107.38   34.52     781   1.00
 57026  107.88   34.37     585   1.00
 57027  107.73   34.27     517   0.01
 57028  107.32   34.03    1543   0.01
 57029  108.48   34.50     543   3.00
 57030  108.15   34.70     994   4.00
 57031  108.55   34.82    1012   5.00
 57032  108.20   34.13     436   4.80
 57033  108.82   34.55     428   0.30
 57034  108.24   34.31     471   3.00
 57035  108.23   34.55     636   0.30
 57037  108.98   34.93     710   4.70
 57038  108.45   34.28     410   0.20
 57039  108.88   34.08     445   0.01
 57040  109.08   34.52     377   0.80
 57041  108.92   34.63     424   1.20
 57042  109.18   34.78     470   2.00
 57043  109.97   34.80     351   2.00
 57044  109.23   34.40     424   1.00
 57045  109.48   34.52     349   3.00
 57046  110.08   34.48    2064   5.00
 57047  109.32   34.17     540   4.00
 57048  108.72   34.40     472   2.20
 57049  109.73   34.52     341   2.00
 57052  110.45   34.88     354   2.00
 57053  110.72   34.70     505   2.00
 57055  110.13   34.59     342   1.00
 57056  110.86   34.54     484   3.10
 57057  110.15   34.10     963   7.00
 57061  111.20   34.83     410   3.30
 57063  111.77   34.77     523   3.70
 57065  112.13   34.55     317  11.30
 57066  111.67   34.40     408   5.90
 57067  111.07   34.08     658   0.40
 57071  112.43   34.82     333   6.00
 57072  112.75   34.92     127   4.00
 57074  112.40   34.42     252   7.00
 57075  112.87   34.17     203   7.80
 57076  112.78   34.73     189   4.00
 57078  112.47   34.15     336   6.80
 57079  113.03   34.95     106   2.20
 57080  112.97   34.73     165   4.20
 57081  113.43   34.80     140   3.00
 57082  113.02   34.47     427   9.80
 57083  113.65   34.72     110   4.10
 57084  113.05   34.49    1178  13.80
 57086  113.72   34.38     116   9.00
 57087  113.73   34.27     104   8.50
 57088  113.50   34.19     146   7.80
 57089  113.93   34.07      67   7.00
 57090  113.97   34.72      78   2.60
 57091  114.30   34.78      73   2.00
 57093  114.82   34.85      73   2.00
 57094  114.22   34.40      67   3.10
 57095  114.15   34.12      61   7.00
 57096  114.78   34.53      59   0.10
 57099  114.85   34.07      52   4.20
 57105  105.60   33.33    1221   0.01
 57123  108.07   34.28     506   3.20
 57131  108.97   34.43     410   1.30
 57132  108.58   34.13     411   1.40
 57137  108.32   33.32     802   0.50
 57143  109.97   33.87     742   5.00
 57153  110.33   33.70     639   5.00
 57154  110.90   33.53     523   5.50
 57156  111.50   33.30     250  10.00
 57169  111.87   33.05     159   8.00
 57173  112.88   33.75     145   2.50
 57177  113.53   33.33      89   9.00
 57178  112.49   33.10     180   5.00
 57179  113.00   33.28     160   7.00
 57180  113.20   33.98     117   8.30
 57181  113.05   33.88     136  10.00
 57182  113.52   33.85      80   8.00
 57183  113.92   33.80      60   6.40
 57184  113.30   33.63      97   6.60
 57185  113.58   33.45      91   7.00
 57186  114.05   33.60      58   8.00
 57187  112.93   33.07     118   8.80
 57188  114.03   33.37      55   3.30
 57189  113.95   33.13      64  11.10
 57190  114.40   33.75      50   3.70
 57192  114.85   33.73      45   6.30
 57193  114.52   33.78      52   3.80
 57194  114.27   33.28      59   5.00
 57195  114.62   33.62      46   2.30
 57196  114.87   33.47      42   4.60
 57197  114.35   32.97      50   9.00
 57198  114.57   33.50      44   6.70
 57233  108.50   32.90     413   0.01
 57242  109.37   32.85     285   0.10
 57248  109.33   32.40     431   0.30
 57249  109.68   32.32     448   2.00
 57251  110.42   33.00     249   4.00
 57253  110.82   32.85     201   9.00
 57254  110.12   32.82     322   5.00
 57256  110.78   32.65     286  12.00
 57257  110.23   32.23     307   0.60
 57259  110.77   32.03     426   3.30
 57260  111.52   32.57     133   9.00
 57265  111.73   32.43     132  12.00
 57268  111.62   32.27     120   4.00
 57271  112.38   32.52      87   0.80
 57273  112.85   32.68     109   4.80
 57274  112.12   32.70     107   6.00
 57278  112.08   32.00     163   6.70
 57279  112.75   32.15     125  12.20
 57281  113.30   32.70     142   9.00
 57285  113.42   32.38     153  10.00
 57290  113.91   32.94     106  12.30
 57292  114.63   32.97      44  12.00
 57293  114.98   32.73      38   4.00
 57294  114.02   32.83      83   9.00
 57295  114.35   32.62      78  10.00
 57296  114.73   32.35      48   9.00
 57297  114.05   32.13     114   9.30
 57298  114.55   32.22      55   9.00
 57299  114.90   32.02      49  15.00
 57333  108.67   31.95     798   0.80
 57343  109.53   31.90     995   0.40
 57359  110.73   31.35     336   1.00
 57361  111.27   31.88     327   4.20
 57362  110.67   31.75     935   2.00
 57363  111.83   31.80     151  10.30
 57368  111.63   31.05     141   1.00
 57370  112.22   31.73      67   6.00
 57377  112.22   31.00     191   3.90
 57378  112.57   31.17      65   3.00
 57381  113.34   31.62     116   8.90
 57385  113.82   31.62      93   5.10
 57386  114.00   31.25      51   0.20
 57387  113.13   31.00      84   0.80
 57388  113.71   31.27      53   3.00
 57389  113.75   31.03      32   2.00
 57390  114.07   31.80     733  14.90
 57396  114.85   31.63     128   1.00
 57398  114.62   31.28      74   3.00
 57453  111.32   30.77     115   0.01
 57464  111.18   30.47     142   1.00
 57466  111.75   30.43      50   1.00
 57469  111.77   30.18      69   1.00
 57477  112.22   30.07      38   0.40
 57482  113.95   30.90      25   1.00
 57483  113.13   30.67      31   1.00
 57484  112.55   30.74      57   1.00
 57564  111.13   29.43     103   0.01
 58001  115.10   34.43      56   3.00
 58002  115.58   34.85      49   2.00
 58003  115.88   34.95      45   0.10
 58005  115.54   34.44      50   0.10
 58006  115.88   34.38      46   1.00
 58007  115.30   34.07      47   0.50
 58008  115.33   34.47      54   1.80
 58017  116.13   34.25      41   1.20
 58020  117.13   34.80      35   3.00
 58021  117.28   34.78      80   0.30
 58022  117.57   34.75      48   3.00
 58024  117.58   34.87      77   3.00
 58025  117.73   34.57      27   3.00
 58026  118.02   34.39      25   2.00
 58030  118.02   34.88      44   4.00
 58032  118.65   34.95      90   2.10
 58034  118.32   34.60      36   4.00
 58036  118.71   34.54      32   4.00
 58038  118.78   34.08      10   4.00
 58040  119.13   34.86       5   2.00
 58041  119.43   34.78      26   1.50
 58044  119.23   34.55       4   2.50
 58045  119.60   34.20       4   2.00
 58047  119.24   34.26       4   4.10
 58048  119.35   34.12       4   3.00
 58049  119.80   34.02       4   2.90
 58100  115.17   33.65      41   3.00
 58101  115.48   33.87      41   0.30
 58111  116.45   33.97      32   0.10
 58116  116.83   33.98      31   0.20
 58132  118.68   33.72      14   4.70
 58135  118.22   33.48      16   2.30
 58139  118.91   33.31      10   3.50
 58140  119.30   33.77       9   3.30
 58143  119.85   33.80       4   3.20
 58145  119.15   33.50       7   4.90
 58146  119.77   33.47       3   5.00
 58148  119.34   33.27       3   6.10
 58150  120.30   33.75       1   2.00
 58154  120.20   33.43       2   5.50
 58158  120.48   33.20       3   7.30
 58205  115.43   32.47      34   9.00
 58207  115.05   32.17      42   9.00
 58222  117.55   32.85      24   4.00
 58225  117.67   32.53      69   0.50
 58235  118.85   32.37      10   6.00
 58237  118.59   32.07      46   4.30
 58241  119.45   32.79       5   6.20
 58242  119.16   32.30      22   5.00
 58244  119.59   32.45       5   5.80
 58245  119.42   32.41       9   5.80
 58246  119.99   32.56       2   3.50
 58250  120.16   32.51       6   3.50
 58251  120.28   32.85       3   9.00
 58255  120.57   32.37       6   1.00
 58264  121.18   32.33       3   2.00
 58340  119.03   31.66      25   6.30
 58342  119.55   31.72       6   1.00
 58343  119.98   31.88       4   1.00
 58344  119.20   31.96      36   2.80
 58345  119.50   31.43       5   2.00
 58346  119.81   31.34      16   1.50
