diamond  3 2015年02月04日02时最高温度                        
  15  02  04  02 1000  1  35  1  0  0  1  2401
 51468   86.83   43.10    3539   -7.7
 59106  115.90   24.58     152   22.0
 58012  116.66   34.67      42    6.3
 58013  116.91   34.75      36    6.5
 51328   80.42   44.20     770   -2.0
 58027  117.16   34.29      41    7.2
 58130  117.95   33.93      23    8.1
 58243  119.82   32.95       3    6.0
 53599  114.68   39.37     884    2.2
 54607  115.12   38.72      45    7.9
 53893  114.95   36.77      39    7.0
 53897  114.38   36.38      69    8.5
 54621  115.18   38.18      38    7.7
 54812  116.75   36.78      22    5.5
 50137  122.37   53.47     296  -14.4
 56641   98.87   26.90    1189   23.2
 56645   99.42   26.42    2344   16.4
 56748   99.18   25.12    1652   19.0
 56844   98.58   24.43     913   24.9
 56854  100.13   24.45    1108   25.0
 56969  101.57   21.47     633   28.1
 54710  116.17   37.87      18    5.6
 57362  110.67   31.75     935    5.6
 52836   98.10   36.30    3189    2.5
 57545  109.42   29.53     502    6.2
 57278  112.08   32.00     163    5.6
 58404  115.22   30.47      61    4.9
 57483  113.13   30.67      31    6.0
 59289  113.73   22.97      56   21.5
 51722   80.40   40.65    1044   -1.0
 53944  109.25   35.57     863    7.0
 53289  113.83   42.23    1322   -8.1
 56199  104.68   31.03     423   12.1
 56496  105.23   28.32     358   10.0
 56390  104.07   29.67     404    9.3
 57411  106.10   30.78     309   11.8
 56018   95.28   32.88    4066   -3.6
 50971  131.02   45.77     223   -8.8
 50852  126.45   46.82     169   -6.8
 50755  126.07   47.62     249   -7.3
 51629   80.23   41.27    1132   -1.5
 56045   99.90   33.97    4050    0.1
 57409  105.80   30.18     297   11.8
 58549  119.65   29.12      62    6.8
 56382  103.55   29.75     475    8.3
 56674  101.73   26.50    1108   25.8
 57417  106.28   30.35     315    9.8
 56144   98.58   31.80    3184    9.1
 57162  112.07   34.13     440    6.8
 57185  113.58   33.45      91    7.7
 57084  113.05   34.49    1178    1.7
 57178  112.49   33.10     180    7.3
 53898  114.14   36.05     194    8.8
 57056  110.86   34.54     484    6.4
 57184  113.30   33.63      97    8.3
 54305  115.27   41.88    1468   -8.8
 59838  108.62   19.10       7   25.9
 59941  109.52   18.77     328   25.5
 59954  110.03   18.55      35   23.6
 59757  110.37   20.00       9   21.1
 54328  119.72   41.08     296    5.4
 54330  121.33   41.13      45    2.8
 54331  121.75   41.60     113    2.5
 54333  122.85   41.97      30    2.4
 54334  121.25   41.52      74    3.5
 54335  122.08   41.68      37    2.7
 54338  121.95   41.28       3    3.0
 54342  123.52   41.73      49    1.2
 54345  123.07   41.20      30    1.7
 54346  123.78   41.32     185    2.8
 54349  124.13   41.30     258    2.9
 54353  125.05   41.73     328    4.7
 57464  111.18   30.47     142    6.3
 57573  112.90   29.83      30    6.4
 59664  111.00   21.55      31   22.9
 54284  127.50   42.15     774    1.0
 54285  128.12   42.42     721   -1.4
 54286  129.00   42.53     475   -0.3
 54290  129.40   42.77     241    0.1
 54291  130.28   42.90      36    1.8
 54292  129.50   42.87     257   -0.1
 54293  129.83   42.95     142    1.0
 54363  125.90   41.68     402    1.9
 54374  126.88   41.80     379   -1.3
 54377  126.22   41.15     225    1.6
 54386  128.18   41.42     775   -2.3
 54606  115.73   38.23      19    6.1
 54609  115.59   38.23      22    6.4
 54610  116.10   38.73       8    7.1
 54612  116.46   38.85       4    6.8
 54614  116.06   38.42      10    5.8
 54615  116.85   38.58       8    6.4
 54616  116.85   38.35       8    6.0
 54618  116.55   38.08      13    5.9
 54620  115.57   38.48      18    7.2
 54624  117.32   38.41       4    5.8
 54626  115.82   38.42      13    6.4
 54627  117.23   38.03       8    5.5
 58048  119.35   34.12       4    8.3
 58138  118.52   32.98      40    8.0
 58139  118.91   33.31      10    7.7
 58145  119.15   33.50       7    8.2
 58146  119.77   33.47       3    6.9
 58147  118.97   32.98      24    8.0
 58154  120.20   33.43       2    6.4
 58235  118.85   32.37      10    6.4
 58237  118.59   32.07      46    5.6
 58238  118.90   31.93      35    5.6
 52869  101.58   36.50    2667   -0.9
 58331  118.37   31.73      22    6.0
 58645  119.49   28.46     149    8.7
 51720   79.05   40.50    1161   -0.7
 56192  104.67   32.95    1014   12.0
 57870  112.10   26.80     151    4.4
 54716  116.80   37.67      16    5.5
 57268  111.62   32.27     120    7.9
 58409  115.93   30.10      32    5.3
 50958  126.93   45.53     168   -3.9
 57481  113.57   30.95      30    5.6
 59843  110.00   19.73      31   23.4
 56479  102.85   28.00    2132    6.6
 57407  105.03   30.28     462   11.1
 57600  105.06   28.71     420    9.4
 56147   98.83   31.22    3260   13.3
 56197  104.17   31.15     535   11.5
 57315  106.40   31.53     655    9.2
 56263  101.88   30.88    1949   18.8
 57413  106.97   30.85     295    9.8
 57320  107.22   31.93     482    8.6
 57217  106.28   32.23     485   10.3
 56474  102.17   28.55    1774   19.0
 56285  103.52   30.60     523    9.8
 53930  107.98   36.45    1271    3.0
 56751  100.18   25.70    1990   17.5
 56767  101.28   25.18    1857   19.4
 56790  104.25   25.68    1925   17.8
 56835   97.82   24.07     959   24.6
 56838   97.85   24.00     762   25.0
 56840   98.30   24.82    1012   22.9
 56849   99.23   24.03    1606   20.3
 56851  100.53   25.04    1377   21.6
 56856  100.87   24.47    1162   23.7
 56882  102.83   24.91    1976   18.2
 56885  103.45   24.40    1415   23.5
 56886  103.77   24.53    1704   20.2
 57902  105.18   25.43    1378    7.5
 57583  113.97   29.92      61    4.8
 57466  111.75   30.43      50    7.4
 56434   97.47   28.65    2327   15.5
 59255  110.38   23.55      32   15.7
 59061  111.27   24.82     193    7.2
 59256  110.90   23.37     105   15.5
 59055  110.40   24.50     165    7.2
 59015  106.57   24.35     437   13.9
 59065  111.50   24.42     148    8.5
 59034  108.67   24.48     150    7.6
 57251  110.42   33.00     249   10.1
 57345  109.62   31.40     337    8.1
 57517  106.25   29.28     261   11.8
 57349  109.86   31.08     606    5.1
 52993  105.07   35.68    1739    3.5
 50871  129.88   46.73      95   -9.4
 50987  131.09   45.26     219   -7.4
 50778  132.53   47.67      57  -10.1
 50862  127.98   46.98     206   -7.0
 57493  114.33   30.35      73    5.4
 57386  114.00   31.25      51    5.1
 57381  113.33   31.62     116    7.0
 54737  118.15   37.15       9    5.3
 54917  116.33   35.13      35    6.5
 54829  117.87   36.77      85    5.3
 58021  117.28   34.78      80    6.6
 54922  117.78   35.88     224    6.2
 54913  116.82   35.75      62    6.2
 54943  120.00   35.88      10    6.3
 59470  112.20   22.70      57   22.0
 59012  106.55   24.78     972    8.4
 59265  111.30   23.48     114   16.4
 53553  111.22   39.87    1221   -2.1
 57339  108.68   30.95     297    9.2
 57510  106.07   29.85     326   11.4
 56290  104.18   30.78     514   12.3
 54837  118.84   36.68      78    4.9
 54909  115.52   35.08      51    6.9
 58002  115.58   34.85      49    6.1
 53990  114.32   35.72      79    6.7
 57087  113.73   34.27     104    8.3
 57191  114.47   34.51      64    6.9
 58008  115.33   34.47      54    7.2
 52765  101.62   37.38    2850    1.0
 52875  102.10   36.50    2125    2.8
 52657  100.25   38.18    2787   -1.4
 57458  110.67   30.20     619    4.2
 57256  110.78   32.65     286   10.5
 52118   94.70   43.27    1728   -4.3
 51639   82.78   41.23     980    0.9
 51357   85.62   44.33     522  -12.2
 53324  107.05   41.07    1035    0.4
 59320  117.13   23.75      37   20.6
 58821  117.47   26.73     173   14.3
 57309  105.88   30.98     378   11.6
 57612  106.65   29.00     474    9.6
 59471  112.05   22.93     101   21.5
 59635  108.35   21.62      31   17.7
 59242  109.23   23.75      84    9.3
 59241  109.68   23.97      90    9.2
 57957  110.30   25.32     164    6.8
 59452  110.53   22.83     131   16.2
 57958  110.32   25.08     151    6.5
 56497  104.23   28.10     448    8.6
 56582  103.90   27.75    1176    4.8
 56586  103.72   27.35    1949   10.5
 59981  112.33   16.83       4   26.0
 51810   77.63   38.92    1178   -0.2
 59313  116.98   23.68      44   19.5
 57960  111.07   25.93     195    4.8
 59427  107.07   22.12     163   15.1
 59017  106.27   24.27     278   14.5
 59441  109.25   22.70      78   13.6
 59022  107.55   24.98     749    5.9
 59457  110.27   22.32     121   19.7
 59454  110.99   22.95     202   17.9
 57859  110.63   26.03     408    3.9
 59419  106.74   22.06     348   13.8
 54365  125.35   41.28     245    2.9
 54452  119.82   40.80     365    4.4
 54453  120.96   40.87      38    3.1
 54454  120.30   40.33      29    3.7
 54470  122.07   41.02       5    2.9
 54472  122.72   40.88      25    2.0
 54475  122.45   40.57      11    2.6
 54483  123.90   40.88     233    5.7
 54494  124.07   40.47      72    4.9
 54563  122.02   39.63     118    3.6
 54568  121.75   39.05      90    2.7
 54575  122.37   39.42      43    4.9
 54428  117.40   40.03      15    9.2
 54208  116.47   42.19    1245   -6.1
 50741  123.50   47.93     185   -7.7
 50854  125.32   46.38     149   -5.9
 54084  127.60   44.73     331   -4.5
 57071  112.43   34.82     333    7.5
 59663  111.97   21.84      89   22.1
 51829   80.17   37.08    1347   -0.1
 51704   76.17   39.72    1298   -2.6
 52101   93.05   43.60    1679  -10.0
 53469  111.82   40.40    1166   -2.0
 59097  114.20   24.05     198   19.0
 54320  119.30   41.60     544    1.8
 52787  102.87   37.20    3045   -8.5
 54714  116.33   37.45      23    5.5
 59031  108.26   24.81     342    8.0
 54628  117.48   38.15       6    5.8
 54631  115.15   37.07      32    6.9
 54632  115.03   37.07      34    6.9
 54633  115.23   37.52      26    6.5
 54636  116.10   39.02      11    6.8
 54640  114.87   36.92      36    6.6
 54644  117.12   38.05      10    5.6
 54700  115.93   38.03      16    6.0
 54701  115.20   37.93      35    7.3
 54702  115.70   37.73      20    6.4
 54704  115.57   37.52      24    6.2
 54705  115.38   37.37      27    5.6
 58241  119.45   32.79       5    5.8
 52675  102.20   38.53    1508    0.1
 53947  109.07   35.08     978    5.3
 53948  109.58   34.95     499    6.8
 53950  110.15   35.23     708    5.2
 57021  107.13   34.65     751    7.4
 57054  110.23   34.55     556    6.1
 53850  110.18   36.88     804    4.1
 57248  109.33   32.40     431   10.1
 57042  109.18   34.78     470    6.9
 57913  106.98   26.45    1093    4.9
 57807  105.47   26.21    1361    6.5
 57800  105.37   26.77    1457    4.2
 53861  111.38   35.88     463    5.0
 53937  107.92   35.52     979    5.3
 57011  106.15   34.75    1378    5.5
 52996  105.02   35.38    2450   -3.8
 53923  107.63   35.73    1421    1.9
 56093  104.02   34.43    2315    6.2
 56084  103.23   34.07    2374   10.8
 59099  114.93   24.45     173   17.8
 57905  105.61   25.40    1184    6.9
 57921  107.34   25.85     821    4.9
 57916  106.77   25.43     440   11.0
 57806  105.90   26.25    1431    5.1
 57719  106.97   27.07    1275    1.6
 56950   99.80   23.47    1044   25.5
 56951  100.08   23.88    1502   22.1
 56958  100.47   21.96    1222   24.3
 56976  102.85   23.22     312   23.5
 56978  102.42   23.00    1642   19.8
 56982  103.29   23.70    1117   25.1
 56987  103.23   22.78    1260   19.7
 56991  104.33   23.62    1561   21.9
 59007  105.07   24.07    1249   14.0
 59435  108.48   22.77      74   12.0
 58934  118.27   25.33     183   20.1
 58912  116.73   25.72     404   15.4
 59321  117.50   23.78      53   16.7
 59126  117.65   24.50      28   21.0
 58132  118.68   33.72      14    7.8
 58251  120.28   32.85       3    6.1
 58356  121.00   31.40       3    6.8
 58358  120.43   31.07      16    5.0
 51359   86.20   44.32     471  -11.7
 51826   80.80   37.02    1336   -0.9
 51288   90.53   45.37    1653   -2.8
 57834  108.30   26.68     641    3.6
 57710  106.40   27.80     890    7.0
 57908  105.48   25.12    1394    7.6
 57835  108.43   26.72     527    4.4
 56691  104.28   26.87    2237   10.6
 57923  107.87   25.98     419    7.3
 56792  104.97   25.78    1649    5.8
 53679  112.54   37.75     776    2.2
 53594  114.18   39.45     938    2.5
 53866  111.67   36.23     462    5.3
 53674  112.70   38.40     869    2.6
 59421  107.20   22.83     255   13.8
 59432  108.40   22.80     194   12.0
 59249  109.62   23.12      51   13.3
 56183  103.62   31.50    1370    7.9
 58932  118.93   25.87      85   17.6
 58839  118.85   26.23      40   17.2
 59133  118.92   24.90      21   15.8
 58820  117.17   26.90     342   10.0
 58942  119.38   25.72      39   15.0
 53890  114.10   36.67     280    7.2
 57822  107.90   26.90     835    3.2
 57829  107.80   26.20     963    2.0
 57741  109.18   27.73     353    5.1
 57712  106.95   27.73     983    4.1
 57839  109.15   26.23     568    2.8
 57707  105.29   27.30    1510    3.1
 54236  122.56   42.39      79    2.5
 54237  121.75   42.07     167    2.4
 54248  123.53   42.03      61    1.3
 54254  124.05   42.53      98   -0.3
 54323  120.78   41.82     253    2.4
 58754  120.20   27.33      36   13.7
 58824  117.15   26.40     357   15.0
 58828  117.62   26.27     208   15.5
 59125  117.30   24.38     108   21.3
 58819  116.82   26.18     336   13.9
 53727  107.12   37.17    1712   -2.9
 53610  106.35   38.57    1106    0.7
 56158  100.67   31.40    3250   11.5
 56257  100.27   30.00    3948    5.6
 57508  105.37   29.15     301   10.0
 56580  102.80   27.72    2460   15.2
 57318  106.55   31.07     338   11.2
 57415  106.63   30.53     394    9.1
 56596  105.05   27.85    1177    4.8
 56646   99.92   26.53    2191   18.2
 56652  100.75   26.68    2130   16.4
 56688  103.17   26.10    1254   26.6
 56752  100.57   25.83    1438   23.4
 56756  100.58   25.48    1992   17.7
 56764  101.23   25.53    1873   19.2
 56777  102.10   25.11    1671   20.0
 56778  102.65   25.00    1888   19.1
 56782  103.55   25.42    2067   18.4
 56846   99.93   24.58    1569   19.8
 56862  101.60   24.68    1968   16.7
 56863  102.48   24.93    1848   19.8
 59044  109.38   24.46      97    8.0
 57679  112.79   28.11     115    4.3
 57853  110.63   26.73     341    4.0
 57868  111.86   26.59     113    4.5
 57882  113.55   26.79     136    5.0
 53763  112.17   37.92    1006    3.1
 53662  111.58   38.72    1396   -3.4
 53859  110.67   36.10     851    3.8
 57052  110.45   34.88     354    7.1
 53968  111.67   35.28     505    6.4
 53564  111.21   39.37    1036   -0.3
 54579  122.58   39.27      35    4.7
 54662  121.63   38.90      91    4.1
 54027  119.40   43.98     486    0.0
 54132  121.07   42.40     400   -1.3
 57825  107.98   26.60     720    3.7
 53083  114.15   44.62    1181   -8.2
 57737  108.12   27.03     547    5.6
 59269  111.78   23.17      47   20.7
 53925  107.18   35.68    1172    4.5
 52988  103.72   35.37    2015    3.5
 54738  118.40   37.05      15    5.7
 54730  118.14   37.69       6    5.8
 51656   86.13   41.75     931    1.9
 51482   90.28   43.83    1271   -5.2
 51238   82.07   44.90     532   -7.6
 51232   82.57   45.18     336  -13.1
 51827   79.63   37.17    1348   -0.3
 51330   81.02   44.97    1357   -7.2
 51353   86.10   45.02     346  -14.2
 51087   89.52   46.98     807   -5.0
 51352   85.25   44.85     337  -14.5
 54706  115.67   37.08      31    5.8
 54707  115.98   37.35      27    5.6
 54708  115.73   37.50      23    6.1
 54711  116.28   37.70      18    5.7
 54713  116.53   37.88      14    5.7
 54717  116.40   37.63      17    5.5
 54719  116.68   38.03      11    5.8
 54800  115.25   37.00      33    6.2
 54801  115.48   36.85      35    6.2
 54809  115.28   36.55      41    6.7
 54820  115.17   36.82      36    6.7
 51477   88.32   43.35    1103   -0.5
 59137  118.57   24.82      56   18.0
 58844  119.15   26.15      57   17.7
 53962  111.70   35.73     584    4.0
 59037  108.10   23.93     170   10.1
 57313  106.77   31.87     417    9.8
 56284  103.43   30.45     518    9.8
 56383  103.87   29.83     455    8.8
 58626  117.23   28.30      60    6.2
 58524  117.22   29.37      87    6.2
 58600  115.37   28.87      78    6.9
 58607  115.95   28.55      31    7.1
 58806  116.01   26.48     209   10.3
 51346   84.67   44.43     478  -11.6
 57840  109.20   26.90     401    4.4
 57762  111.70   27.69     165    4.6
 57872  112.61   26.89     104    4.1
 50639  122.73   48.00     306   -6.6
 59849  109.83   19.03     250   20.0
 59854  110.10   19.37     118   21.9
 57416  106.93   30.33     391    9.7
 56281  103.50   30.18     510    8.7
 56378  102.35   29.23     890   12.8
 57414  106.45   30.52     403    9.0
 57307  105.08   31.10     404   12.6
 56278  102.77   30.07     755    6.5
 51431   81.33   43.95     662   -1.3
 56459  101.27   27.93    2426   16.9
 57216  106.83   32.35     579    8.5
 56092  104.65   35.00    1728    5.0
 59654  110.30   21.63      29   23.3
 59278  112.45   23.03      41   20.5
 59476  113.03   22.53      36   22.2
 57988  113.35   25.11     143   11.8
 59475  112.65   22.40      27   22.3
 59290  114.25   23.78      85   21.4
 57060  111.23   35.17     402    6.4
 53490  114.05   40.43    1014    0.0
 53880  113.23   36.33     947    3.6
 53967  111.20   35.33     468    5.5
 53673  112.72   38.73     828    2.6
 53965  111.57   35.52     761    4.1
 53575  112.20   39.10    1525   -5.2
 53869  111.70   36.58     550    7.3
 53665  111.65   38.28    1185    1.1
 53956  110.83   35.40     588    6.3
 59318  116.58   23.27       5   19.4
 58730  118.03   27.77     222   12.2
 58845  119.53   26.50      60   14.5
 58834  118.17   26.63     152   13.1
 58737  118.32   27.05     154   11.9
 58918  116.42   25.05     198   18.9
 51705   75.25   39.72    2175   -5.4
 52112   94.98   43.76     479    2.1
 51377   87.92   44.17     547  -14.3
 51469   87.18   43.45    1930   -3.6
 54919  116.98   35.38      88    6.3
 59673  112.77   21.73      21   20.1
 54325  120.35   41.18     183    4.3
 54332  122.72   41.52      12    2.8
 54336  122.42   41.42       8    3.2
 54337  121.12   41.13      65    3.9
 54339  123.00   41.08      77    1.9
 54348  123.37   41.41      45    0.4
 54351  124.08   41.92     118    1.3
 54455  120.65   40.62      20    3.0
 54471  122.17   40.65       3    2.8
 54474  122.35   40.42      24    2.6
 54476  122.14   40.17      20    3.9
 54486  123.28   40.34      97    5.7
 57314  106.07   31.35     405   11.6
 56462  101.50   29.00    2925   14.9
 57425  107.33   30.33     433   10.0
 59658  110.30   21.15      53   21.9
 50934  121.58   45.38     311   -1.4
 53892  114.47   36.62      66    8.2
 53894  114.20   36.40     149    8.6
 54301  115.67   41.67    1412   -7.0
 54308  116.63   41.20     735    1.8
 54404  115.83   40.88     867   -0.2
 54430  118.21   40.78     330    5.3
 54432  118.47   40.61     369    5.3
 56871  102.60   24.65    1893   19.0
 56875  102.55   24.33    1716   19.0
 56876  102.77   24.28    1731   19.7
 56880  103.17   24.92    1532   22.2
 56881  103.27   24.75    1695   21.1
 56891  104.32   24.98    1482    9.9
 56948   99.60   22.63    1155   24.3
 56962  101.67   23.42    1314   23.1
 57774  112.17   27.45     100    3.9
 57646  109.95   28.62     302    7.2
 57743  109.80   27.88     176    6.2
 57657  110.21   28.23     186    5.1
 57558  110.47   29.13     183    6.4
 53677  112.48   37.93     806    3.0
 53868  111.50   36.07     449    5.2
 53780  113.15   37.91    1066    2.7
 53959  111.07   35.11     375    6.7
 53760  111.23   37.88    1212   -0.2
 53878  113.38   36.52     767    5.3
 53068  111.93   43.62     963   -7.1
 53916  106.32   35.50    1948    0.1
 57461  111.36   30.74     256    5.3
 57398  114.62   31.28      74    4.3
 57589  113.87   29.27     146    5.7
 53352  110.43   41.70    1376   -8.5
 54214  118.42   42.58     960   -0.3
 54811  116.62   36.93      20    5.3
 52980  103.30   35.97    1648    5.5
 56046   99.65   33.75    3967    0.5
 50136  122.52   52.97     438  -11.9
 50873  130.30   46.78      82   -7.9
 53578  112.43   39.37    1114    0.6
 53617  106.08   38.03    1118    0.3
 59945  109.70   18.65      68   26.2
 59851  110.34   19.67      53   23.4
 59087  113.52   23.88      97   18.5
 53337  108.47   41.09    1023   -2.0
 51433   82.52   43.80    1105    1.3
 54327  119.35   41.23     417    3.3
 54590  124.17   39.88       4    3.5
 53512  106.80   39.80    1105    1.7
 57298  114.55   32.22      55    5.7
 58208  115.62   32.17      42    5.6
 54012  117.63   44.57    1001   -8.6
 50838  122.05   46.08     274   -3.8
 54155  124.23   43.67     144   -0.1
 58246  119.99   32.56       2    5.9
 58249  120.05   32.16       6    5.6
 58351  120.30   31.90       4    5.9
 58354  120.35   31.62       3    6.1
 59228  107.58   23.32     108   12.5
 58457  120.17   30.23      41    5.6
 58546  119.88   29.47     115    6.8
 51358   85.82   44.28     468  -12.6
 51356   86.05   44.32     442  -13.0
 53533  108.71   39.81    1414   -4.7
 57643  109.83   29.00     268    7.7
 54817  115.87   35.98      42    6.3
 53478  112.45   40.00    1345   -3.0
 53954  110.97   35.62     433    5.7
 58713  117.07   27.72     225    6.1
 58623  117.92   28.47      90    6.8
 58627  117.06   28.31      56    6.1
 56487  103.13   28.33    1943   10.9
 57564  111.13   29.43     103    6.2
 57649  109.68   28.24     254    6.3
 57544  109.45   29.47     488    6.8
 56286  104.26   30.61     505   11.6
 57326  107.72   31.37     389    8.0
 52267  101.07   41.95     940   -0.1
 50756  126.87   47.45     247   -7.3
 50673  130.40   48.88      90  -16.3
 50964  128.80   45.83     119   -7.4
 50979  130.23   45.27     274   -5.6
 50878  130.72   47.00      78  -10.6
 50566  128.47   49.55     116  -15.9
 58450  120.05   30.87       7    5.2
 58452  120.77   30.73       4    6.1
 58453  120.50   30.07       7    6.0
 59109  115.73   24.15     123   20.8
 50514  117.32   49.58     661   -9.6
 57338  108.42   31.18     216    9.8
 59082  113.60   24.67     121   13.8
 54134  121.28   43.60     241   -3.3
 54122  120.03   43.86     428   -1.3
 53433  108.65   40.73    1020   -2.4
 53195  113.63   43.85    1036  -11.4
 57063  111.77   34.77     523    6.1
 57295  114.35   32.62      78    6.1
 57186  114.05   33.60      58    7.4
 58017  116.13   34.25      41    7.2
 59094  114.12   24.35     184   17.3
 59297  114.28   23.17      17   21.9
 59655  110.62   21.65      32   23.5
 59284  113.24   23.42      38   21.0
 59653  110.85   21.93      31   22.8
 59656  110.82   21.40      27   23.1
 59075  112.63   24.48      70   13.3
 59493  114.00   22.53      63   22.5
 59659  110.92   21.75      33   23.4
 59287  113.48   23.22      70   21.6
 57989  113.77   25.07     112   15.4
 59293  114.73   23.80      70   20.4
 59271  112.43   23.63      57   20.9
 59279  112.87   23.18      24   19.6
 59480  113.25   22.85      21   22.3
 57006  105.75   34.58    1141    5.9
 57008  105.30   34.03    1579    3.8
 57002  105.65   34.85    1216    7.0
 52546   99.83   39.37    1332    0.9
 59477  112.23   22.27      68   22.2
 59264  111.50   23.40      83   17.3
 54925  117.63   35.52     167    6.2
 54814  116.25   36.53      29    6.0
 54821  117.20   37.00      20    5.3
 50880  131.12   46.73     102  -11.0
 55591   91.13   29.67    3648    9.4
 53913  106.63   35.85    1478    3.1
 58747  119.35   27.15     899    9.9
 59140  118.32   24.55      17   18.0
 59129  117.60   24.13      53   19.4
 58735  118.75   27.52     260    9.6
 58941  119.50   25.97      25   14.8
 58931  118.10   25.72    1653   10.0
 53272  112.63   42.75    1104   -7.7
 53149  110.13   42.53    1225   -7.4
 54493  124.78   40.72     260    4.0
 54497  124.33   40.05      13    3.7
 54565  121.47   39.60      70    2.5
 54569  121.95   39.42      11    4.8
 54584  122.95   39.72      34    4.5
 54660  121.23   38.82      66    4.3
 53786  113.33   37.09    1152    2.5
 53787  112.98   37.07    1041    2.7
 53981  113.27   35.78    1311    1.2
 53486  113.77   40.37    1050    0.3
 57633  108.77   28.82     826    4.5
 59324  117.03   23.43       7   19.8
 59288  113.02   23.15      29   20.1
 59481  113.32   22.94      12   22.4
 58301  115.38   31.82      92    3.9
 57181  113.05   33.88     136    8.7
 57502  105.70   29.70     394   11.3
 50956  126.77   46.08     134   -6.6
 50739  123.24   47.30     209   -7.3
 50742  124.48   47.80     162   -7.5
 50881  131.78   46.78      70  -10.0
 52853  100.98   36.90    3010    0.4
 52982  103.55   35.48    1953    3.8
 57014  105.87   34.57    1085    6.4
 57387  113.13   31.00      84    7.6
 52968  101.47   35.03    3662    3.2
 52633   98.42   38.82    3367   -5.1
 54093  130.55   44.93     266   -4.3
 54098  129.47   44.33     267   -5.4
 50842  124.42   46.83     145   -6.9
 54939  118.82   35.17     113    7.4
 54851  120.56   36.90      76    5.3
 54731  118.22   37.48      11    6.0
 54940  119.20   35.75     148    6.0
 59023  108.03   24.70     260    9.1
 59235  108.62   23.43     115   10.3
 57955  110.67   25.62     224    4.9
 59425  107.35   22.40     107   14.6
 59045  109.75   24.48      94    8.7
 59033  108.90   24.78     328    7.2
 59052  110.82   24.83     169    7.8
 59446  109.30   22.42      66   15.7
 57460  111.78   30.82      91    7.3
 57363  111.83   31.80     151    8.3
 57494  114.05   30.60      23    5.3
 59081  113.29   24.78     131   12.1
 50832  122.08   46.72     332   -5.1
 57475  112.90   30.40      31    6.7
 57540  109.15   29.68     776    4.9
 53505  105.40   37.88    1380   -0.8
 52495  104.80   40.17    1323   -3.8
 57484  112.55   30.74      57    6.1
 58500  115.20   29.85      45    5.8
 53362  111.68   41.53    1490   -9.3
 57482  113.95   30.90      25    5.1
 57476  112.15   30.35      31    6.8
 54192  130.27   43.70     384   -2.5
 52645   99.60   38.43    3314   -6.0
 52866  101.75   36.73    2295    3.1
 54169  126.02   43.30     271   -1.9
 54186  128.20   43.37     524   -2.6
 54267  125.73   42.25     362   -3.2
 54279  126.58   42.05     544    3.9
 54371  126.43   41.93     520    1.6
 59237  108.28   23.17     111   12.2
 59058  110.52   24.20     181    7.6
 50915  116.97   45.52     838   -7.6
 52818   94.92   36.42    2807    2.9
 52856  100.62   36.27    2835    3.8
 58349  120.56   31.41       8    6.1
 58352  120.77   31.65       4    6.5
 58359  120.62   31.13       4    6.1
 58377  121.11   31.51       5    6.6
 51572   89.25   42.83     -48    5.2
 51133   83.00   46.73     534   -0.9
 51465   87.10   43.48    1871   -5.0
 51334   82.82   44.57     329  -10.8
 52943   99.98   35.58    3323    6.5
 54096  131.17   44.38     567   -7.8
 58366  121.49   31.67       4    6.8
 58463  121.50   30.88       4    7.1
 58362  121.45   31.40       5    6.7
 58369  121.78   31.05       5    7.0
 58361  121.37   31.10       5    7.0
 57818  106.45   26.03    1140    6.3
 57606  106.83   28.13     972    6.6
 53775  112.59   37.42     785    4.4
 57053  110.72   34.70     505    6.9
 53764  111.10   37.50     950    2.4
 53863  111.96   37.07     746    5.4
 53687  113.63   37.78     753    5.3
 53777  112.14   37.51     753    3.2
 57956  110.32   25.42     167    6.4
 59632  108.62   21.95       4   16.1
 59626  107.95   21.56      56   19.0
 59429  108.01   22.18     216   12.6
 58542  119.68   29.82      46    6.0
 58550  120.25   29.70      39    6.0
 58553  120.82   30.05       6    5.9
 58555  120.88   29.52     113    6.0
 58556  120.82   29.60     104    6.1
 58558  120.22   29.27      89    6.8
 58568  121.38   29.12      34    9.3
 58648  119.64   27.99     246    9.8
 58667  121.27   28.08      95   11.1
 58750  120.08   27.78     105   12.8
 53481  113.22   40.80    1316   -1.9
 55248   84.42   32.15    4414   -2.0
 51145   83.65   46.55     521    0.8
 51186   90.38   46.67    1218   -9.2
 51559   86.40   42.32    1100    1.4
 57083  113.65   34.72     110    8.3
 57188  114.03   33.37      55    6.9
 57297  114.05   32.13     114    5.4
 58001  115.10   34.43      56    6.7
 54526  117.33   39.08       1    7.2
 54622  117.37   38.98       3    7.0
 57936  108.91   25.76     258    6.9
 57832  108.67   26.97     626    2.9
 57809  105.75   26.07    1251    7.0
 53964  111.22   35.62     430    6.3
 58427  117.50   30.65      15    4.5
 58474  122.05   30.63      54    6.7
 58462  121.23   31.03       4    7.0
 54900  115.02   35.70      53    7.4
 56280  103.12   30.08     691    6.8
 57304  105.17   31.67     516   11.2
 57351  111.00   30.83     206    6.2
 58005  115.54   34.44      50    6.7
 57536  108.76   29.52     786    4.8
 57723  107.72   27.98     710    5.9
 57522  107.27   29.74     372   10.1
 57408  105.35   30.12     338   10.8
 56196  104.73   31.45     522   12.3
 56490  103.90   28.95     424    8.8
 56168  102.07   31.48    2168   13.1
 59631  108.35   21.78      32   15.7
 59451  110.35   22.70      98   18.4
 59046  109.40   24.34      96    8.0
 57086  113.72   34.38     116    8.6
 54117  117.53   43.25    1003   -5.6
 53864  111.10   36.40    1030    2.1
 57477  112.22   30.07      38    6.7
 51379   89.57   44.02     793  -11.5
 51367   86.85   44.17     575  -12.5
 51368   87.32   44.12     515  -13.7
 51365   87.53   44.20     440  -16.5
 51435   82.23   43.47     774   -2.3
 52203   93.52   42.82     737    5.6
 51053   86.40   48.05     532   -5.9
 53770  112.35   37.35     768    4.5
 53788  113.57   37.33    1265    2.3
 52447   98.88   40.00    1270    0.3
 56091  104.47   34.85    1883    4.4
 52424   95.78   40.53    1170    2.3
 52986  103.87   35.37    1893    3.9
 58605  115.38   28.42      46    7.8
 58635  118.20   28.43      95    7.1
 57789  113.95   27.13     194    6.8
 56190  104.55   31.55     519   12.2
 56125   96.47   32.20    3643    6.8
 58602  115.55   28.85      40    7.5
 50928  120.33   45.07     628   -3.1
 53483  113.83   40.87    1268   -2.9
 53502  105.75   39.78    1031    0.7
 53357  110.05   41.03    1360   -5.2
 59025  107.38   24.53     248   11.1
 54918  116.97   35.60      62    6.4
 54831  118.50   36.65     102    5.2
 54848  119.42   35.98      82    5.8
 54736  118.67   37.43       6    5.9
 54718  116.47   37.15      22    4.7
 54824  117.95   36.63      95    5.3
 54849  120.03   36.22      84    5.7
 54935  118.43   35.53     119    7.4
 57155  109.87   33.55     660    9.1
 57735  108.82   27.18     404    4.1
 57729  107.88   27.23     622    5.8
 57910  106.08   25.77    1197    6.8
 57777  112.87   27.23      63    4.4
 53487  113.42   40.08    1052   -0.4
 58049  119.80   34.02       4    7.8
 58131  118.22   33.97      25    7.0
 58135  118.22   33.48      16    9.0
 58257  120.26   31.99       4    5.9
 58041  119.43   34.78      26    6.6
 58928  117.53   25.02     166   22.5
 58736  118.82   27.38     262   10.6
 58843  120.02   26.88      56   12.0
 59122  117.75   24.62      43   21.3
 58836  118.73   26.58     361   15.1
 58823  117.80   26.80     175   13.5
 58826  117.80   26.40     120   15.1
 58818  116.63   26.23     358   12.6
 57355  110.37   31.03     334    6.8
 57257  110.23   32.23     307   10.0
 57499  114.88   30.07      40    5.0
 57377  112.22   31.00     191    7.0
 57543  110.03   29.90     539    6.3
 59088  113.42   24.18      74   17.2
 54031  121.82   44.90     198   -2.7
 59298  114.37   23.07     108   21.5
 59074  112.15   24.57     300   11.5
 53704  105.18   37.53    1225    1.7
 53612  106.18   37.98    1128    0.6
 57803  106.02   27.04    1231    4.5
 58035  118.35   34.33      29    7.9
 58148  119.34   33.27       3    7.3
 58341  119.59   31.98       6    5.1
 58343  119.98   31.88       4    5.2
 58345  119.50   31.43       5    4.6
 58346  119.81   31.34      16    4.5
 58143  119.85   33.80       4    7.5
 58158  120.48   33.20       3    7.0
 58353  120.57   31.86      11    6.2
 57385  113.82   31.62      93    5.9
 53455  110.53   40.55     998    0.2
 59754  110.18   20.33      55   21.9
 56569  102.18   27.42    1380   24.2
 52955  100.73   35.58    3120    4.7
 57128  107.33   33.17     486    8.3
 57462  111.08   30.87     139    7.0
 58015  116.33   34.45      44    7.1
 58102  115.73   33.78      39    7.3
 58118  116.52   33.27      26    7.9
 58125  117.52   33.58      22    7.9
 50892  134.00   46.80      54  -12.2
 54902  115.12   35.90      49    7.2
 57176  112.42   33.48     231    7.7
 57183  113.92   33.80      60    7.3
 57171  113.12   33.77     142    8.7
 59940  109.16   18.75     155   28.7
 57796  114.88   27.83     189    5.6
 58704  115.35   27.58     104    6.2
 58508  115.77   29.33      41    6.0
 57786  113.85   27.63     117    5.1
 57699  114.92   28.23      66    7.6
 58693  115.83   28.70      40    8.0
 56312   94.33   29.67    2991   11.1
 53664  111.13   38.47    1012    0.3
 53669  111.80   38.08    1150    2.1
 53576  112.82   39.50    1045    1.1
 53884  113.03   36.52     877    3.8
 53666  111.93   38.35    1212    1.0
 53865  111.55   36.65    1011    4.5
 53953  110.85   35.97     965    4.4
 53875  112.35   36.52    1000    4.8
 53579  112.90   39.02     859    2.9
 57067  111.07   34.08     658    6.1
 56393  104.85   29.77     369   11.8
 57328  107.51   31.21     344    9.2
 56444   98.92   28.48    3319    7.3
 56483  103.95   28.58     496    8.8
 56533   98.67   27.75    1583   18.0
 56543   99.70   27.83    3276    7.6
 56548   99.28   27.17    2326   13.6
 56585  103.56   27.19    1952   13.2
 56649   99.96   26.11    2059   18.0
 56654  100.18   26.58    2195   18.6
 56867  101.12   23.98    1105   24.6
 58107  115.28   33.02      35    6.6
 58112  116.45   30.73     968   -0.9
 50960  127.38   45.73     184   -7.2
 50850  125.13   46.57     147   -5.1
 57075  112.87   34.17     203    8.3
 57290  113.91   32.94     106    6.5
 56065  101.60   34.73    3500    4.8
 52868  101.37   36.02    2273    5.7
 59487  113.30   22.23      23   21.3
 59117  116.07   24.28     116   21.0
 59502  115.65   22.95       5   20.6
 50888  132.17   46.39      79   -9.9
 50246  124.72   52.35     361   -8.1
 50655  126.18   48.50     266  -12.1
 58365  121.25   31.37       4    6.9
 58370  121.53   31.23       4    7.3
 58460  121.35   30.73       5    7.0
 58367  121.43   31.20       4    6.9
 58461  121.12   31.13       4    6.8
 56291  104.28   30.93     469   12.4
 56494  104.33   28.84     386    9.6
 56441   99.28   28.72    2422   15.9
 56180  103.85   31.68    1590    5.7
 56198  104.50   31.32     525   12.4
 56675  102.58   26.65    1694   20.1
 56273  102.82   30.39    1022    4.9
 56297  104.15   30.02     436    9.7
 56578  102.75   27.07     993   21.9
 57204  105.22   32.57     782    7.1
 56493  104.97   28.85     292   11.1
 56167  101.12   30.98    2957   12.5
 56251  100.32   30.93    3000   12.9
 56187  103.86   30.75     547   11.0
 58317  116.37   30.87     434    2.9
 56386  103.76   29.56     424    9.0
 53522  107.83   40.05    1180   -2.3
 51707   76.73   39.50    1208   -1.0
 58609  115.82   28.22      27    7.8
 54853  120.42   36.17      42    7.0
 58024  117.58   34.87      77    6.7
 54836  118.17   36.18     305    4.9
 54871  122.48   36.93       9    5.5
 54927  117.20   35.10      74    6.4
 57292  114.63   32.97      44    6.6
 57514  106.22   29.58     331   11.0
 57253  110.82   32.85     201    8.9
 57361  111.27   31.88     327   10.1
 57465  111.45   30.38      74    7.0
 54517  117.20   39.07       2    7.7
 54596  116.19   39.77      48    8.3
 53975  112.40   35.48     659    6.4
 57061  111.20   34.83     410    7.2
 53782  113.62   37.93     767    5.2
 53660  111.08   39.02     894    1.1
 53419  107.00   40.33    1055   -0.8
 53707  105.25   36.93    1697   -0.5
 59985  111.62   16.53       4   26.0
 58443  119.89   31.02      25    5.0
 58444  120.29   30.42     101    5.0
 58451  120.93   30.83       2    6.4
 58454  119.98   30.53     102    5.2
 58455  120.65   30.52       8    6.0
 59124  117.38   24.52      53   21.9
 58917  116.10   25.08     307   17.4
 58822  116.85   26.83     342    7.2
 58748  119.65   27.10      50   15.6
 50618  118.27   48.22     642  -11.5
 53603  106.37   38.83    1095    0.9
 53615  106.70   38.80    1101    1.0
 56182  103.60   32.67    2881   12.0
 57306  105.97   31.58     382   12.3
 56038   98.10   32.98    4200   -0.4
 56171  101.70   32.90    3275   10.1
 56193  104.52   32.42     893    7.5
 53705  105.68   37.48    1183    1.1
 52833   98.48   36.93    2950    3.0
 58269  121.65   31.78       3    7.1
 58360  121.20   31.92       3    6.5
 54920  117.28   35.65     110    6.1
 54861  121.53   36.93      45    6.1
 58926  117.42   25.30     205   22.1
 58848  119.55   26.20      13   13.8
 58944  119.78   25.52      32   12.5
 58921  117.35   25.97     206   17.1
 59113  116.72   24.73     226   22.3
 58938  118.98   25.23      23   18.6
 58927  117.02   25.05     376   21.2
 58734  118.12   27.33     196   12.4
 51076   88.08   47.73     735   -4.0
 51627   79.23   41.22    1395   -2.0
 51058   87.97   47.10     563   -8.9
 59229  107.70   23.17     125   12.3
 59131  118.37   24.97      45   20.7
 58126  117.87   33.47      19    8.8
 58202  115.57   32.67      31    6.9
 58203  115.73   32.87      32    7.2
 58214  116.30   32.37      27    5.8
 58215  116.78   32.43      25    6.9
 58221  117.30   32.85      26    8.3
 58224  117.02   32.65      32    7.7
 58236  118.25   32.35      33    6.8
 58311  116.50   31.73      74    3.7
 58314  116.32   31.40      86    3.8
 58319  116.95   31.07      85    5.0
 58320  117.13   31.73      21    4.8
 58907  115.40   25.15     305   13.8
 58707  115.13   27.22      66    6.2
 57966  111.96   25.59     244    5.2
 57876  112.83   26.43     135    3.9
 57574  112.40   29.37      36    5.3
 57575  112.55   29.52      31    6.0
 57761  111.30   27.75     211    4.4
 58510  116.23   29.73      40    4.9
 58616  116.82   28.20      40    6.1
 58503  115.67   29.70      41    5.6
 58612  116.68   28.70      21    6.6
 57792  114.68   27.82      93    6.5
 57883  114.28   26.75     253    6.2
 57089  113.93   34.07      67    7.0
 57197  114.35   32.97      50    6.0
 53974  114.23   35.61      70    7.2
 51717   76.78   39.25    1206   -1.0
 53730  107.48   38.18    1333   -1.0
 53543  109.98   39.83    1461   -4.4
 53192  114.95   44.02    1126  -10.7
 54102  116.12   43.95    1003   -6.7
 54225  119.94   42.29     579    0.0
 53547  109.03   39.10    1312   -2.5
 50834  121.22   46.60     499   -1.9
 59469  111.78   22.17      37   22.9
 56684  103.25   26.40    2188   16.5
 56697  104.08   26.22    1984   20.8
 56742   99.37   25.90    1658   22.0
 56745   99.95   25.68    1626   21.0
 56746   99.52   25.47    1616   20.2
 56755  100.40   25.39    1711   18.5
 56757  100.28   25.27    1742   19.8
 56763  101.87   25.73    1120   26.8
 56766  101.52   25.31    1822   19.8
 56768  101.55   25.03    1824   19.6
 56772  102.50   25.23    1692   21.0
 56774  102.42   25.53    1710   19.2
 58113  116.75   33.93      31    7.6
 58114  116.18   33.48      31    6.9
 58129  117.83   33.15      14    8.3
 58212  116.77   32.72      23    7.9
 58306  115.88   31.68      95    4.0
 58329  117.87   31.33       9    4.8
 56593  104.92   28.58     279   10.7
 58116  116.83   33.98      31    8.1
 58127  117.20   32.98      21    8.9
 58230  118.28   32.12      26    6.4
 50564  127.35   49.43     234  -11.9
 57794  114.02   27.63     177    6.0
 57990  114.30   25.70     246   12.2
 58905  115.42   25.97     133   12.5
 58519  116.68   29.00      40    6.3
 58906  115.80   25.60     167   13.5
 57783  113.82   27.88     118    5.6
 58814  116.35   26.35     247   10.2
 58637  117.98   28.45     118    6.5
 57437  108.03   30.30     325   10.4
 53874  111.90   36.25     648    4.5
 56693  104.87   26.58    1815    6.8
 50557  125.23   49.17     242  -10.9
 50963  128.73   45.97     108   -5.6
 50877  129.58   46.30     100   -7.2
 58117  116.20   33.13      27    8.2
 58122  116.98   33.63      25    7.7
 58220  117.15   32.47      28    7.5
 58316  116.92   31.47      23    3.5
 58321  117.30   31.78      27    5.3
 58338  118.60   31.12      40    4.7
 58419  117.02   30.10      17    4.7
 57317  106.42   31.03     324   11.6
 57507  105.30   29.33     385    9.7
 56189  103.93   30.98     581   11.2
 56296  104.43   30.85     448   13.0
 56181  103.70   30.68     541   10.1
 56146  100.00   31.62    3393    9.2
 56272  103.88   30.82     558   12.2
 56473  102.77   28.95    1060   13.1
 56671  102.25   26.65    1787   19.3
 56267  101.02   30.03    2600   16.3
 56287  103.00   29.98     627    7.4
 56391  103.82   30.08     415    9.1
 56575  102.55   27.37    1428   20.0
 56380  103.35   29.88     571    8.3
 57274  112.12   32.70     107    7.4
 58330  118.08   31.75      26    6.3
 54412  116.63   40.73     331    7.1
 54421  117.12   40.65     293    6.8
 54410  116.13   40.60    1224   -2.0
 57113  106.55   33.93     984    7.5
 53751  110.05   37.60     894    2.9
 53754  110.22   37.50     929    2.4
 57047  109.32   34.17     540    5.9
 57127  107.03   33.07     509    8.3
 57231  108.53   32.53     503    8.0
 57242  109.37   32.85     285   10.7
 57254  110.12   32.82     322   10.3
 57026  107.88   34.37     585    6.1
 58456  120.52   30.63       6    5.7
 58464  121.12   30.65       4    6.4
 58472  122.45   30.73      79    7.7
 58477  122.10   30.03      35    8.3
 58484  122.20   30.25      37    8.2
 58543  119.02   29.62     171    6.2
 58544  119.27   29.48      88    6.5
 58547  119.18   29.03      66    7.4
 58557  120.08   29.33      90    6.6
 58559  120.97   29.15     107    7.9
 58566  121.88   29.47       6    8.2
 56478  102.43   28.30    1818   19.6
 53475  112.47   40.52    1268   -2.1
 57996  114.25   25.08     149   14.2
 53602  105.67   38.83    1561   -1.9
 53466  111.70   40.75    1045   -1.1
 54205  116.00   42.23    1315   -7.7
 54911  116.40   35.93      44    6.4
 58003  115.88   34.95      45    6.7
 54729  117.87   37.17      11    5.3
 54822  117.73   36.87      47    5.5
 54916  116.85   35.57      51    6.2
 54936  118.83   35.57     107    6.6
 54863  121.18   36.78      40    6.3
 54431  116.63   39.92      43    8.1
 54594  116.35   39.72      37    8.9
 54231  122.35   42.97     248    0.3
 57948  109.25   25.08     122    6.7
 59254  110.08   23.40      42   15.3
 58502  116.02   29.67      74    4.4
 50745  123.92   47.38     147   -6.9
 52885  103.25   36.75    2118    0.9
 52797  104.05   37.18    1630    0.6
 51068   87.48   47.12     497  -13.7
 51931   81.65   36.85    1422   -0.7
 58044  119.23   34.55       4    8.1
 58140  119.30   33.77       9    7.8
 58268  121.08   32.10       4    6.4
 58101  115.48   33.87      41    7.1
 53983  114.42   35.03      69    7.1
 57085  113.33   34.53     259    7.6
 58837  118.15   26.15     204   15.6
 50853  126.97   46.62     179   -5.4
 58326  117.83   31.58      30    4.9
 58334  118.37   31.38       9    5.5
 58336  118.57   31.70      80    5.4
 58414  116.32   30.43     105    4.5
 58424  116.97   30.62      62    4.0
 58426  118.13   30.30     193    4.5
 58428  117.50   30.22     118    4.3
 58429  117.85   30.98      11    4.3
 58431  118.32   30.90      39    4.8
 58433  118.75   30.93      31    4.8
 58435  118.53   30.30     220    4.4
 58436  118.98   30.62      87    4.8
 58512  116.55   29.90      71    4.5
 53927  106.62   35.20    1477    2.5
 57012  106.20   34.98    1664    4.6
 52661  101.08   38.80    1765   -1.0
 56074  102.08   34.00    3471    5.2
 53926  107.35   35.35    1028    5.7
 54419  116.63   40.37      75    7.8
 53457  110.03   40.40    1011    0.0
 56228   96.92   30.05    3260   10.5
 55437   81.25   30.28    3900   -4.5
 56094  104.37   33.78    1400    9.8
 59847  109.05   19.27      98   28.7
 59842  109.68   19.90      31   22.4
 54039  122.02   44.03     181   -3.5
 59488  113.57   22.28      51   20.1
 58923  117.83   25.70     400   18.2
 52378  102.37   41.37     960   -0.1
 53484  113.15   40.45    1191   -0.6
 59090  114.07   24.95     103   14.8
 59107  115.28   24.12     179   18.4
 53472  112.57   40.87    1451   -4.1
 53821  107.30   36.57    1255    1.9
 56775  102.45   25.55    1750   19.8
 56783  103.80   25.50    1906   20.4
 56785  103.08   25.36    1915   19.5
 56786  103.83   25.58    1898   19.6
 56788  103.62   24.98    1857   19.5
 56836   97.95   24.70     826   24.4
 56839   98.82   23.77     995   25.8
 56841   98.68   24.60    1528   19.0
 56842   99.18   24.73    1471   21.2
 56843   99.62   24.83    1650   19.1
 56869  101.97   24.07    1497   20.1
 56870  102.18   24.66    1600   20.6
 57827  107.53   26.32     969    3.1
 58240  119.02   32.68      21    6.7
 58418  116.67   30.13      60    4.3
 58441  119.42   30.87      43    5.0
 50962  128.03   45.95     112   -6.6
 58719  116.93   27.30     131    6.3
 58601  115.38   28.70      53    7.6
 50442  124.12   50.40     371  -11.3
 54092  129.40   44.60     292   -4.3
 57469  111.77   30.18      69    6.8
 57352  111.00   30.80     185    6.8
 53957  110.72   35.62     459    7.5
 53580  113.10   39.82    1044    0.9
 53585  113.27   39.17     933    1.2
 53574  112.27   39.52    1409   -3.1
 53783  113.72   37.60     940    3.6
 53958  110.78   35.17     435    7.3
 53963  111.37   35.65     433    6.1
 53678  112.65   38.07     897    1.1
 57370  112.22   31.73      67    7.7
 52981  103.38   35.68    2421   -0.6
 53924  107.62   35.07     966    6.2
 57511  106.45   29.85     240   11.5
 55585   90.17   29.43    3809    7.8
 50950  125.25   45.70     148   -4.7
 57046  110.08   34.48    2064   -5.7
 53732  108.72   37.85    1209   -0.2
 53676  112.98   38.50     759    4.4
 57439  108.93   30.28    1074    3.4
 58108  115.33   33.23      34    6.8
 58128  117.35   33.33      21    8.6
 56376  102.63   29.33    1098    9.2
 56279  102.93   30.15     682    7.7
 56373  102.85   29.78     763    7.0
 52985  103.33   35.42    2162    1.4
 56080  102.90   35.00    2910    4.6
 59238  108.80   23.22     122   10.0
 59453  110.12   22.67     121   17.7
 59215  106.63   23.33     680   13.5
 59647  109.10   21.03      55   22.9
 57941  109.60   25.78     197    6.7
 59051  110.50   24.77     136    6.9
 59640  109.18   21.67       5   21.5
 58415  116.55   30.67      64    4.8
 58416  116.82   30.75      35    5.0
 58417  116.13   30.17      54    5.6
 58421  117.87   30.63      31    4.5
 53860  111.17   36.98    1406    1.1
 57688  113.63   28.16     101    5.9
 58408  115.43   30.23      35    5.1
 52957  100.60   35.25    3148    8.5
 58624  117.43   28.40      70    6.9
 57129  107.72   32.98     446    9.5
 57037  108.98   34.93     710    7.3
 53845  109.45   36.58    1180    2.7
 53938  108.30   35.17    1277    2.6
 57020  107.40   34.37     563    9.1
 57232  108.27   33.05     484    9.6
 57343  109.53   31.90     995    5.1
 57426  107.80   30.68     454    9.7
 59209  105.83   23.42     794   15.3
 57949  110.00   24.98     156    6.4
 59027  107.25   24.13     254   11.7
 57947  109.40   25.21     121    6.9
 58570  122.30   29.95      85    8.2
 58631  118.50   28.90     137    7.2
 58632  118.60   28.72     126    6.5
 58633  118.90   29.00      82    7.3
 58643  120.03   28.90     102    7.1
 58644  119.28   28.60     237    8.1
 58647  119.13   28.08     222    9.4
 58654  120.08   28.67     184    7.0
 58656  120.97   28.07      60   11.6
 58657  120.28   28.15      57   10.8
 58658  120.68   28.15      34   11.8
 58664  121.37   28.37      35    9.4
 54753  120.34   37.64       4    3.9
 57445  109.72   30.60     609    5.8
 57586  114.03   29.53      78    5.8
 58527  117.20   29.30      61    6.3
 58506  115.98   29.57    1164   -0.5
 52607  106.65   39.43    1252   -0.5
 53513  107.37   40.73    1041   -1.1
 50758  125.90   47.18     246   -7.3
 51716   78.57   39.80    1116   -1.4
 51568   86.80   42.25    1085    0.5
 51811   77.27   38.43    1231   -1.8
 52679  102.67   37.92    1531   -0.5
 52784  102.90   37.47    2072   -5.5
 59072  112.37   24.80     131   10.3
 59314  116.13   23.30      29   20.9
 59317  116.30   23.03      14   20.7
 59456  110.94   22.36     141   22.6
 53619  106.30   38.12    1115    0.6
 53810  105.90   36.97    1339    1.3
 53881  106.48   37.28    1382   -0.5
 53817  106.27   36.00    1753    1.0
 53518  106.35   39.03    1117    0.0
 53467  111.18   40.27    1016   -0.4
 53276  112.90   42.40    1150   -7.0
 54204  115.00   42.30    1346   -8.5
 53392  114.60   41.85    1422   -8.6
 53397  113.98   41.10    1376   -5.3
 57485  113.47   30.28      23    5.8
 57661  111.48   28.92      48    5.5
 58437  118.15   30.13    1840    1.1
 58520  117.72   29.85     142    6.3
 58530  118.43   29.87     168    5.9
 58531  118.28   29.72     142    6.2
 50985  131.87   45.55     151   -6.9
 52876  102.83   36.33    1813    2.9
 56128   96.60   31.22    3810    4.9
 55294   91.10   32.35    4800   -3.8
 56342   98.60   29.68    3870    6.0
 56116   95.60   31.42    3873    4.2
 56137   97.17   31.15    3315    9.6
 55589   90.98   29.30    3555   10.7
 57523  107.73   29.85     290   11.6
 59270  112.18   23.92      84   18.7
 59285  113.62   23.57      38   21.0
 57520  107.07   29.83     377   10.9
 54752  120.77   37.80      60    3.7
 54938  118.40   35.05      65    7.2
 52984  103.18   35.58    1917    3.0
 52983  104.15   35.87    1874    1.7
 53972  112.90   35.05     117    8.7
 53979  113.08   35.15     120    9.2
 57088  113.50   34.19     146    6.8
 57156  111.50   33.30     250    9.4
 57173  112.88   33.75     145    9.6
 57294  114.02   32.83      83    7.0
 57066  111.67   34.40     408    8.5
 57179  113.00   33.28     160    7.4
 53986  113.88   35.32      73    7.6
 53995  114.50   35.55      62    7.0
 52575  102.78   39.42    1239    0.8
 53889  113.82   36.07     306    8.6
 57091  114.30   34.78      73    6.5
 57571  112.40   29.70      35    5.6
 53776  112.77   37.68     831    3.3
 53871  112.85   36.83     964    3.8
 56872  102.62   24.95    2358   16.4
 56873  102.92   24.68    1796   20.0
 56878  102.75   24.13    1801   18.3
 56879  102.91   24.19    1702   19.6
 56883  103.98   24.82    1900   18.2
 56889  104.17   24.05    1518   23.1
 58225  117.67   32.53      69    6.8
 58420  117.23   30.72      58    4.2
 58560  120.43   29.05     304    5.7
 54340  123.32   41.67      35    1.8
 54347  123.17   41.23      24    2.2
 53658  110.48   38.03     894    1.4
 53757  110.12   37.12     938    2.4
 53955  110.45   35.47     458    6.4
 57040  109.08   34.52     377    7.5
 57055  110.13   34.59     342    8.0
 53740  109.23   37.93    1111    0.5
 57043  109.97   34.80     351    7.3
 52896  104.15   36.55    1738    2.1
 52978  102.49   35.19    2948    6.4
 54929  117.97   35.27     121    6.5
 54825  117.85   36.52     189    5.0
 54816  116.80   36.52      98    4.5
 54749  119.95   37.18      48    4.2
 54765  121.43   37.48      82    5.0
 54764  121.23   37.48      53    5.1
 54915  116.60   35.43      33    5.8
 58020  117.13   34.80      35    6.8
 57193  114.52   33.78      52    6.4
 58006  115.88   34.38      46    7.2
 57051  111.20   34.80     409    7.1
 58210  116.23   32.65      25    7.7
 58222  117.55   32.85      24    8.3
 58223  117.98   32.80      31    8.1
 58234  118.42   32.47      40    7.1
 58423  117.78   30.48     647   -0.1
 58432  118.40   30.68      57    4.5
 58438  118.58   30.08     191    5.9
 58442  119.18   31.17      16    4.4
 58523  117.93   29.93     227    5.7
 58534  118.18   29.78     170    5.5
 50965  128.27   45.43     167   -7.8
 59001  105.33   24.78     672   12.3
 57781  113.50   27.65      74    4.9
 57740  109.60   27.95     349    4.7
 57973  112.72   25.75     329    3.5
 57857  110.32   26.37     477    3.4
 53545  109.71   39.56    1367   -3.5
 57123  108.07   34.28     506    6.4
 57124  106.93   33.63    1032    8.9
 57132  108.58   34.13     411    6.1
 57140  109.12   33.67     818    8.5
 57143  109.97   33.87     742    7.5
 57793  114.38   27.80     131    7.5
 58625  117.60   28.42      79    6.8
 59093  115.03   24.78     253   16.9
 57537  108.17   29.30     322   10.1
 53778  112.22   37.17     780    4.6
 50859  126.28   46.29     169   -6.7
 54905  115.93   35.58      46    6.7
 57513  106.62   29.73     464    9.3
 58619  116.37   28.00      49    6.1
 58505  115.90   29.62      63    5.6
 59059  110.80   24.18     105    9.3
 59224  107.12   23.60     111   13.4
 59448  109.55   22.27      69   21.3
 59644  109.13   21.45      12   23.3
 59004  105.10   24.50     725   14.1
 52745   99.02   37.30    3417    0.9
 57895  114.78   26.47     101    6.7
 58614  116.27   28.38      34    6.6
 57708  105.60   27.15    1700    2.0
 57718  106.72   27.10    1112    3.5
 57647  109.18   28.15     406    6.5
 58666  121.90   28.45      86    8.7
 58742  119.56   28.11     163    9.2
 58746  119.70   27.55     538   10.6
 58751  120.57   27.67     254   10.9
 58755  120.39   27.50     118   11.7
 58760  121.15   27.83      68   10.2
 52515   94.87   39.52    2137    4.1
 58846  119.52   26.67      32   13.6
 57584  113.09   29.38      53    5.5
 57666  112.13   28.52      52    4.9
 57860  111.28   27.00     283    3.9
 57778  112.95   27.09      70    4.0
 54135  122.27   43.60     178   -2.7
 50525  119.75   49.15     620  -14.8
 50431  121.52   50.78     717  -10.8
 54223  120.65   42.85     362   -4.5
 50632  121.92   48.77     739   -6.1
 50548  123.72   49.20     286   -9.3
 53391  114.00   41.90    1482   -8.8
 50913  118.83   45.72     865   -9.9
 53367  111.23   41.32    1602  -10.8
 54834  118.28   36.87      46    5.7
 54907  116.65   34.98      34    7.0
 50527  119.70   49.25     649  -14.7
 53806  105.65   36.57    1854   -1.0
 53618  106.25   38.28    1113    0.6
 59134  118.07   24.48     139   18.7
 58933  118.98   26.92     869   11.1
 58850  120.23   26.92      92   11.7
 58847  119.28   26.08      84   15.8
 58725  117.47   27.33     218   10.9
 53590  114.27   39.75     977    1.0
 58026  118.02   34.39      25    7.8
 58935  118.23   25.48     521   17.2
 58936  118.70   25.37      77   19.8
 53399  114.70   41.15    1393   -6.9
 53491  114.38   40.67     837    1.3
 53492  114.15   40.10     937    1.3
 53498  115.03   40.57     629    2.1
 53499  114.73   40.77     755    1.5
 53593  114.57   39.83     909    0.9
 53596  115.13   38.85      52    7.6
 53680  114.38   38.30     108    8.4
 53682  114.68   38.63     104    8.2
 53688  114.55   38.42     100    8.1
 53689  115.07   38.02      42    7.8
 53690  114.18   38.85     281    8.7
 56004   92.43   34.22    4533   -2.5
 53753  110.88   37.43     860    2.2
 58710  116.05   27.77      78    5.8
 57247  108.90   32.32     438    9.6
 58501  115.63   29.92      23    5.4
 53573  112.70   40.00    1336   -2.6
 57525  107.75   29.32     277   11.2
 58900  114.95   25.85     123   10.5
 57134  107.98   33.52     827    8.6
 57049  109.73   34.52     341    8.6
 59478  112.78   22.25      32   21.8
 58749  119.88   27.23     684   11.1
 58038  118.78   34.08      10    8.4
 57926  107.88   25.42     428    8.0
 57637  108.10   28.25     629    6.5
 57636  108.50   28.57     334    8.7
 57623  107.60   28.88     685    8.2
 57907  104.90   25.08    1299    8.8
 53378  112.62   41.28    1737   -9.8
 57694  114.38   28.53     259    6.0
 57072  112.75   34.92     127    8.5
 57390  114.07   31.80     733    2.0
 57900  105.22   25.83    1552    5.8
 57728  107.47   27.07    1096    3.0
 57808  105.75   26.32    1274    6.6
 57821  107.50   26.70     925    4.2
 54830  117.93   36.82      34    5.3
 54744  118.55   37.58       8    6.3
 54755  120.39   37.33     117    4.3
 54776  122.70   37.40      47    3.5
 57678  112.55   28.25      74    4.5
 57749  110.00   27.57     257    3.5
 54313  118.70   41.93     733    1.5
 54833  118.08   36.97      15    5.9
 56898  102.41   24.18    1600   19.7
 56944   99.27   23.15    1278   23.3
 56946   99.40   23.55    1104   24.7
 56949   99.60   22.32     945   26.1
 56952  100.70   23.50     913   25.8
 56954   99.93   22.57    1054   25.1
 56959  100.78   22.00     582   28.5
 56961  101.05   23.03    1336   21.8
 56964  100.97   22.78    1302   23.1
 56966  101.98   23.60     400   25.5
 56970  102.48   23.70    1419   21.4
 56973  102.83   23.62    1309   22.5
 56975  102.43   23.37     974   19.1
 57233  108.50   32.90     413    8.8
 58813  116.33   26.85     143    8.2
 58718  116.53   27.22     111    7.2
 58517  116.20   29.27      35    6.1
 58618  116.60   28.27      82    6.0
 57886  113.80   26.48     268    5.9
 57713  106.88   27.70     843    5.4
 56172  102.23   31.90    2664   14.7
 56499  104.78   28.38     368   10.0
 58007  115.30   34.07      47    7.3
 57189  113.95   33.13      64    6.9
 52974  102.02   35.52    2491    3.9
 54818  116.42   36.25      79    4.5
 54855  120.38   36.40      47    5.8
 58030  118.02   34.88      44    7.4
 54826  117.10   36.25    1533   -3.9
 54832  118.80   36.86      23    5.6
 54774  122.13   37.47      65    3.5
 54841  119.42   36.86      23    5.7
 54807  115.77   36.15      41    6.2
 54808  115.63   36.23      37    6.1
 59310  116.18   23.77      45   23.3
 57516  106.47   29.58     259   11.4
 57744  109.17   27.37     355    4.2
 53970  112.20   35.70     887    5.1
 47035  124.40   40.10       5    0.4
 53768  111.75   37.15     773    5.4
 57208  105.52   32.28     544   11.0
 57144  109.15   33.43     693    9.4
 57153  110.33   33.70     639    8.4
 57154  110.90   33.53     523    8.0
 57211  106.25   32.83     836    6.2
 57213  106.93   33.00     536    8.5
 57238  107.90   32.53     693    8.7
 53848  109.35   36.27    1005    4.9
 53857  110.18   36.07     840    5.6
 53945  109.07   35.43    1395    2.0
 57024  107.65   34.45     669    5.8
 57041  108.92   34.63     424    7.3
 57022  107.78   34.68    1026    5.7
 57779  113.35   27.00     102    4.8
 56449   99.73   28.02    3554    6.5
 56489  103.63   28.23     877    8.7
 56594  104.05   27.63     880    9.0
 56595  104.87   27.42    1645    2.3
 56669  101.67   26.05    1531   22.2
 56673  102.92   26.92     893   21.8
 56761  101.32   25.72    1878   19.0
 56781  103.27   25.55    1873   20.7
 56977  101.85   22.58    1120   23.6
 57915  106.77   26.63    1104    5.1
 54113  118.65   43.53     621    0.4
 59280  113.08   23.72      79   19.8
 56071  102.50   34.59    3190    7.0
 52323   97.03   41.80    1770   -4.1
 53420  107.12   40.85    1024   -0.4
 59650  110.25   21.40      29   23.8
 57094  114.22   34.40      67    7.1
 53998  114.65   35.20      61    7.8
 57932  108.53   25.97     285    7.5
 57824  107.23   26.58    1001    4.8
 56598  104.73   27.13    1535    5.0
 57965  111.60   25.53     192    6.0
 57554  110.16   29.40     322    5.8
 57673  112.89   28.69      53    5.1
 57642  109.65   28.70     325    7.0
 57655  110.40   28.47     151    5.6
 57671  112.37   28.85      37    5.2
 57565  111.73   29.67      38    5.6
 57766  111.45   27.18     311    3.7
 57780  113.17   27.87      74    4.5
 57662  111.68   29.12     150    4.8
 57981  113.22   25.97     139    4.8
 57663  111.95   28.92      31    5.3
 54715  116.52   37.31      17    4.7
 54726  117.18   37.70      11    5.8
 54528  117.13   39.23       3    7.6
 53611  106.55   38.88    1098    1.0
 53517  106.33   39.27    1464   -2.5
 59053  110.64   24.65     157    7.2
 57942  110.00   25.80     268    6.8
 59230  108.17   23.72     168   10.4
 57954  110.18   25.23     157    7.4
 54226  120.70   42.33     400    0.5
 54024  119.30   44.45     710   -3.3
 59856  110.75   19.62      21   24.3
 58946  119.00   25.45      81   17.6
 55773   89.08   27.73    4300    3.6
 56389  103.95   29.20     387    9.6
 52313   94.67   41.53    1573    0.4
 51241   83.60   45.93    1094   -2.3
 51777   88.17   39.03     887   -0.4
 53691  114.57   38.15      71    8.7
 53692  114.98   38.73      66    8.3
 53693  114.13   38.03     255    7.8
 53694  114.22   38.27     131    7.5
 53695  114.68   38.35      70    8.7
 53696  115.02   38.55      41    7.7
 53697  114.83   38.03      53    8.2
 53698  114.36   38.07     103    8.5
 53699  114.95   38.18      45    7.9
 53773  114.62   36.33      64    8.0
 53781  114.47   36.87      67    7.4
 53784  114.78   37.75      38    7.3
 56565  101.52   27.43    2545   15.5
 51628   80.23   41.17    1103   -1.9
 51438   81.77   43.18    1210   -0.3
 51573   89.20   42.93      34    5.1
 51059   85.87   47.43     984    0.8
 53756  110.72   37.52     744    3.0
 57031  108.55   34.82    1012    4.0
 58606  115.92   28.60      46    7.4
 57894  114.17   26.58     843    3.7
 58514  116.05   29.45      37    6.4
 57492  114.84   30.84      40    5.0
 56173  102.55   32.80    3491    6.1
 57605  105.82   28.03     537   10.2
 57329  107.85   31.10     467    8.4
 56374  101.97   30.05    2615    9.7
 50647  123.48   48.13     236   -7.5
 57971  112.20   25.92     224    5.1
 54619  116.92   38.92       5    7.2
 57333  108.67   31.95     798    5.9
 58744  119.42   27.45     815   10.7
 59127  117.83   24.43      32   19.7
 59758  110.25   20.00      63   21.4
 59848  109.43   19.23     215   24.6
 50603  116.81   48.68     542   -8.6
 57505  105.58   29.42     338   10.4
 54759  120.85   37.32     205    4.9
 56984  103.15   23.38    1720   17.2
 56985  103.38   23.38    1300   23.8
 56986  103.68   22.98    1414   16.5
 56989  103.95   22.50     137   20.5
 56992  104.70   23.45    1507   12.8
 56994  104.28   23.33    1293   17.7
 56996  104.70   23.13    1093   14.8
 53231  106.40   41.40    1510   -7.4
 50727  119.93   47.17     997   -9.9
 50353  126.63   51.73     173   -9.0
 50468  127.45   50.25     166  -15.3
 50247  123.57   52.03     514   -6.7
 54932  118.65   35.77     186    6.7
 57506  105.90   29.37     353   10.3
 52908   93.08   35.22    4612   -3.7
 57841  109.67   26.57     320    3.9
 59485  113.40   22.50      33   22.5
 54115  118.04   43.64     825   -0.7
 58507  115.12   29.25     116    5.4
 53480  113.07   41.03    1419   -4.6
 52884  103.95   36.35    1668    2.8
 57717  106.83   27.53     974    4.6
 57814  106.27   26.42    1298    4.9
 57903  105.60   25.94    1142    8.3
 57720  107.17   27.88     889    5.4
 57609  105.70   28.58     317   10.4
 57922  107.54   25.83    1013    3.7
 57906  106.08   25.18     566   11.4
 53735  108.80   37.62    1336   -0.2
 53854  110.07   36.58     804    4.6
 57003  106.83   34.90     924    6.5
 57016  107.13   34.35     612    8.8
 57025  107.38   34.52     781    7.2
 57030  108.15   34.70     994    3.6
 57032  108.20   34.13     436    6.2
 57034  108.24   34.31     471    6.1
 57039  108.88   34.08     445    5.8
 57044  109.23   34.40     424    7.0
 57106  106.15   33.32     794    8.2
 57245  109.03   32.72     290    9.4
 56995  104.42   23.03    1332   18.4
 59205  105.63   23.65     685   19.8
 57431  108.35   30.83     257    9.8
 58715  116.65   27.58      80    5.7
 57798  114.60   27.40      85    7.9
 57993  115.00   25.87     137   11.2
 58714  116.23   27.55     120    5.4
 59276  112.65   23.35      40   19.8
 53852  110.63   36.77     916    2.8
 53584  113.17   39.57    1000    1.1
 53767  111.17   37.33    1213    0.0
 53832  108.77   36.77    1218    2.6
 57912  106.66   26.14     990    7.0
 57634  107.88   28.52     660    6.5
 57714  106.23   27.47     942    5.0
 57732  108.40   28.02     456    7.1
 54529  117.82   39.35       3    6.7
 54530  117.77   39.23       1    6.7
 50858  125.81   46.02     159   -6.1
 50955  126.32   45.39     168   -6.1
 50983  132.96   45.77     100   -8.3
 54844  119.18   36.42      62    5.6
 54828  117.68   36.23     229    4.9
 57776  112.69   27.30    1265    0.3
 57865  111.62   26.50     192    3.7
 57752  110.60   27.92     204    4.8
 57680  113.11   28.86      82    5.5
 57562  111.36   29.58     116    5.3
 57978  112.55   25.27     292    4.6
 57974  112.37   25.58     214    4.7
 57745  109.68   27.45     272    4.2
 57851  110.83   26.46     346    3.4
 57669  111.22   28.38     128    4.9
 57889  113.94   26.08     835   12.2
 57874  112.39   26.41     116    3.9
 50425  120.18   50.25     581  -14.7
 51495   91.73   43.22     721    4.5
 51828   79.93   37.13    1375   -0.8
 51060   86.87   47.70     473   -8.8
 51804   75.23   37.77    3090   -3.0
 51156   85.75   46.82    1322   -1.9
 51747   83.67   39.00    1099    0.5
 51137   82.93   46.20     715    2.2
 51567   86.57   42.08    1055   -1.5
 58446  119.70   30.63      72    4.9
 58448  119.70   30.22     117    5.0
 51709   75.75   39.49    1385   -2.8
 51542   84.15   43.03    2458  -18.0
 51463   87.65   43.78     935  -11.4
 51818   78.28   37.62    1375   -2.1
 51644   82.97   41.72    1081    0.5
 51430   81.15   43.83     602   -2.8
 51437   81.13   43.15    1851   -4.0
 51711   78.45   40.93    1985   -5.9
 51470   88.12   43.88    1942   -5.8
 51730   81.27   40.55    1012   -0.9
 51708   75.95   39.15    1325   -2.2
 53785  114.67   37.52      35    5.7
 53789  114.63   37.88      52    8.2
 53790  114.61   37.63      44    6.5
 53791  114.50   37.81      68    7.6
 53792  114.48   37.45     113    5.5
 53794  114.75   37.35      33    6.0
 53795  114.37   37.65     137    6.9
 53796  114.89   37.62      30    6.7
 53797  114.52   37.28      73    6.0
 53798  114.36   37.18     183    6.0
 53799  115.00   37.24      25    6.3
 53883  114.70   37.13      36    6.4
 50788  131.98   47.23      66  -10.0
 57767  111.01   27.13     308    4.7
 57887  113.12   26.12     167    4.3
 57881  113.25   26.72     101    4.6
 57682  113.57   28.71     106    6.0
 57972  113.03   25.80     184    4.3
 57975  112.20   25.38     277    5.1
 57658  110.20   28.02     152    5.4
 57763  112.00   27.68     205    3.8
 57760  111.43   27.70     249    4.0
 57768  111.45   27.32     242    4.7
 57566  111.65   29.45      51    5.8
 57842  109.72   26.88     281    4.0
 57846  110.15   26.58     310    4.9
 57871  112.37   26.98      90    4.2
 59071  112.28   24.73     174   10.1
 58242  119.16   32.30      22    5.9
 56288  103.92   30.58     494    9.8
 57324  107.08   31.58     364    8.9
 57608  105.43   28.17     377   10.0
 54026  120.90   44.57     265   -1.2
 51642   84.27   41.82     982    1.8
 51436   83.30   43.45     928    0.1
 51855   85.55   38.15    1247   -1.0
 51815   77.27   38.20    1274   -1.7
 51571   88.63   42.80       1    6.2
 51655   86.27   41.35     884    4.4
 51467   86.33   42.76    1732    0.7
 51526   88.22   42.23     922    1.0
 57438  108.12   29.98     632    8.7
 56307   92.58   29.15    3260   12.4
 56387  103.27   29.23     642    7.4
 57758  110.60   27.03     339    4.1
 57969  111.31   25.28     269    5.7
 58705  115.42   27.33      85    6.2
 57045  109.48   34.52     349    8.0
 53750  110.18   37.77     931    2.2
 57033  108.82   34.55     428    6.8
 57029  108.48   34.50     543    6.3
 57119  106.70   33.17     548    7.9
 53738  108.17   36.92    1331    1.3
 53748  109.70   37.18    1063    2.8
 53942  109.41   35.77    1155    2.9
 57027  107.73   34.27     517    8.0
 57035  108.23   34.55     636    5.5
 58150  120.30   33.75       1    6.7
 57581  113.45   29.81      27    5.3
 57541  109.48   30.00     532    6.5
 58402  115.68   30.74     123    5.6
 57368  111.63   31.05     141    9.1
 58407  115.03   30.23      32    4.9
 57596  114.20   29.63     751   -0.3
 52877  102.25   36.10    2834   -0.8
 53879  112.88   36.32     952    4.7
 53681  113.37   38.83    1096    0.6
 58016  116.97   34.18      34    8.0
 58109  115.65   33.13      31    6.8
 53646  109.78   38.27    1157   -0.8
 54527  117.05   39.08       3    7.5
 57519  107.11   29.16     698    8.2
 54513  116.20   39.95      65    9.6
 54505  116.10   39.94      98    8.0
 59312  116.70   23.67      60   20.8
 57105  105.60   33.33    1221    6.2
 52418   94.68   40.15    1139    3.9
 52652  100.28   39.08    1461    1.2
 52998  104.20   35.13    2111    1.5
 52889  103.88   36.05    1517    5.0
 56081  103.35   34.70    2810    3.6
 56016   95.62   33.85    4179   -0.2
 57518  106.50   29.33     506    8.8
 53914  106.12   35.62    2078    2.2
 53685  113.42   38.07     953    3.6
 57995  114.93   25.40     164   12.8
 53906  105.71   35.52    1656    4.2
 53915  106.67   35.55    1346    3.7
 56096  104.92   33.40    1079   10.6
 50787  131.84   47.31      62  -10.6
 57078  112.47   34.15     336    7.9
 57271  112.38   32.52      87    7.4
 53941  109.58   35.18     804    6.8
 54803  116.02   36.98      27    5.3
 54722  117.63   37.75       6    6.0
 59047  109.33   24.25     100    8.2
 53841  109.32   36.88    1068    2.7
 57028  107.32   34.03    1543    0.0
 57595  114.50   29.60      76    5.5
 57259  110.77   32.03     426    9.1
 57378  112.57   31.17      65    7.2
 57598  114.58   29.03     146    5.8
 58701  115.40   27.77      46    7.5
 58622  117.58   28.95      88    6.1
 57899  114.92   26.80      71    6.7
 57866  111.62   26.23     172    3.9
 56492  104.60   28.80     340   10.1
 56079  102.97   33.58    3441    6.1
 57206  105.90   32.42     545   11.0
 56152  100.33   32.28    3893    3.8
 56194  104.45   31.63     597   10.8
 56396  104.77   29.35     352    9.3
 56485  103.58   28.27    1255    4.4
 56188  103.66   31.00     698   10.5
 57604  105.38   28.78     368   10.2
 56498  104.50   28.15     549    9.3
 58449  119.95   30.05      46    6.1
 58458  120.90   30.54       4    6.0
 58459  120.29   30.19      44    5.8
 58467  121.27   30.20       4    6.5
 58468  121.17   30.05       5    6.4
 58537  118.40   29.13     153    7.2
 58548  119.47   29.22      50    7.0
 58561  121.60   29.98       4    7.3
 58562  121.55   29.78       5    7.0
 58563  121.83   29.88       5    7.0
 58565  121.39   29.69      41    6.5
 50349  124.40   51.67     501   -6.1
 51434   81.53   43.97     770   -1.5
 54723  117.57   37.65      10    5.7
 54842  119.99   36.79      62    5.2
 54709  116.07   37.23      24    4.5
 54732  118.52   37.87       5    5.6
 54908  115.10   35.27      57    7.4
 54921  116.33   35.42      38    6.2
 53910  106.20   35.67    2841   -5.1
 53903  105.72   35.97    1916    0.9
 53723  107.38   37.80    1349   -1.1
 53886  113.67   36.57     470    7.0
 53891  114.68   37.02      43    6.4
 53895  114.50   36.78      60    7.6
 53896  114.95   36.35      50    7.4
 53980  114.80   36.55      50    7.5
 54304  115.27   40.95    1239   -4.4
 54318  117.73   41.32     561    3.5
 54319  118.67   41.00     502    4.0
 54401  114.92   40.77     772    0.7
 52713   95.35   37.85    3173    1.2
 51329   80.85   44.05     640   -1.6
 57985  113.68   25.57     609   10.3
 57867  111.28   26.40     169    4.8
 59063  111.45   25.18     265    4.8
 51633   81.90   41.78    1229   -2.9
 53343  109.97   41.77    1612  -11.6
 56095  104.38   34.03    1753    8.1
 52995  104.62   35.58    1897    2.6
 52436   97.03   40.27    1526   -1.5
 57004  104.88   34.73    1495    5.4
 53908  105.23   35.22    1768    4.2
 57111  106.30   33.92     961    9.1
 52656  100.82   38.43    2281   -4.8
 51839   82.72   37.07    1409   -0.2
 51378   89.17   44.00     742  -13.2
 59114  116.17   24.65     135   22.1
 58244  119.59   32.45       5    5.4
 58245  119.42   32.41       9    5.5
 58247  119.80   32.27       3    5.7
 58252  119.47   32.18      27    5.0
 58255  120.57   32.37       6    6.3
 58259  120.98   32.08       4    6.5
 58265  121.60   32.07       3    6.5
 58339  118.90   31.33      15    5.0
 51243   84.85   45.62     450  -12.6
 50434  121.68   50.48     732  -10.9
 50645  124.48   48.48     195   -9.5
 53384  113.18   41.45    1423   -7.6
 50445  123.73   50.58     423   -9.3
 50526  120.70   49.28     668  -12.9
 53336  108.52   41.57    1288   -8.2
 53978  112.63   35.08     140    9.3
 53987  113.36   35.11      94    8.6
 54901  115.17   36.08      47    6.9
 57099  114.85   34.07      52    7.1
 57190  114.40   33.75      50    7.1
 57772  112.50   27.75      86    4.1
 57962  111.65   25.97     167    4.8
 53348  109.13   41.02    1078   -1.4
 57175  112.23   33.05     191    7.3
 56295  104.55   30.38     448   13.0
 56247   99.11   30.00    2589   13.7
 51802   76.17   38.93    1297   -1.8
 56082  103.50   34.58    2540    6.5
 53935  108.40   35.49    1481    1.6
 57837  108.07   26.40     839    3.1
 57731  108.25   27.95     416    7.5
 57180  113.20   33.98     117    9.1
 57486  113.85   30.65      25    5.3
 58401  115.40   30.75     123    5.3
 59102  115.65   24.95     303   16.4
 57799  114.92   27.05      71    6.9
 57696  114.78   28.40      91    7.4
 59091  114.52   24.75     277   15.3
 58608  115.55   28.07      30    7.5
 57896  114.50   26.33     126    7.5
 58620  117.10   29.02      51    6.7
 58529  117.85   29.27     171    6.5
 57991  114.55   25.80     140   11.7
 56178  102.36   31.00    2438   15.6
 58323  117.47   31.88      25    5.7
 58337  118.18   31.08      26    5.5
 58712  116.78   27.92     130    5.1
 57698  114.45   28.12      98    7.7
 55598   91.77   29.27    3560    9.3
 57348  109.53   31.02     299    9.1
 53949  109.92   35.18     679    6.0
 54914  116.08   35.42      40    6.0
 52963  102.02   35.93    2085    5.4
 57110  106.08   33.78     930    8.8
 59315  116.40   23.59      43   20.9
 59492  114.73   22.97      47   22.3
 57976  112.94   25.41     222    6.2
 57773  112.83   27.88      63    4.8
 57769  111.73   27.23     252    3.3
 54218  118.83   42.31     668    1.9
 59306  115.85   23.45      80   23.1
 50524  119.43   49.32     576  -14.4
 56106   93.78   31.88    4022    2.9
 59130  118.15   24.73      30   20.3
 56184  103.17   31.43    1896    6.9
 56289  103.87   30.20     437    9.1
 56388  103.82   29.40     421    8.5
 56357  100.30   29.05    3727    7.5
 56475  102.52   28.65    1659   13.7
 56298  104.60   30.13     417   11.8
 54904  115.52   35.58      50    6.7
 54810  116.27   36.87      27    5.0
 57265  111.73   32.43     132    7.9
 57496  114.87   30.37      31    4.9
 59116  116.70   24.33      81   23.2
 52842   99.08   36.78    3087    3.3
 59092  114.82   24.92     206   14.4
 57891  114.25   26.93     153    7.1
 54416  116.87   40.38      71    8.7
 54499  116.22   40.22      76    8.1
 54424  117.12   40.17      32    8.0
 54511  116.47   39.80      31    8.6
 54406  115.97   40.45     487    4.8
 54514  116.25   39.87      55    9.1
 54501  115.68   39.97     440    5.4
 54433  116.50   39.95      35    7.8
 54597  115.74   39.73     407    6.2
 57603  105.83   28.82     283   10.6
 57420  107.19   30.75     418    8.8
 57303  105.92   31.73     459   11.5
 56395  104.67   29.52     351   10.2
 54843  119.20   36.75      22    6.0
 58032  118.65   34.95      90    6.8
 54778  122.48   37.17      61    5.3
 54805  115.47   36.45      39    6.4
 54823  117.00   36.60     170    4.3
 54815  116.27   36.38      31    5.6
 54725  117.53   37.50      11    5.7
 54923  117.93   35.72     202    5.6
 58567  121.43   29.32      39    8.0
 58569  121.95   29.20     128    8.6
 58642  119.80   28.88     105    6.8
 58646  119.93   28.46      59    8.4
 58652  120.72   28.87      83    9.4
 58659  120.65   28.03      28   12.8
 58660  121.20   28.87       6    9.4
 58665  121.42   28.62       4    9.8
 58745  119.08   27.62     400    9.5
 58752  120.65   27.78      39   12.5
 53368  111.47   41.08    1637   -8.8
 53614  106.20   38.47    1110   -0.2
 53519  106.77   39.22    1092    1.4
 50936  122.83   45.63     155   -5.8
 50939  122.82   45.33     150   -5.1
 50940  123.17   45.85     141   -6.0
 50945  124.24   45.51     142   -5.3
 50946  124.83   45.18     139   -2.5
 50948  124.02   45.00     146   -4.8
 50949  124.87   45.08     136   -1.1
 54041  123.07   44.80     150   -4.8
 54063  126.00   44.97     196   -3.8
 54405  115.50   40.42     570    3.0
 54408  115.22   40.38     529    3.7
 54420  117.33   40.93     529    3.8
 54423  117.92   40.97     422    5.9
 54425  117.47   40.40     633    3.5
 54429  117.95   40.20      54    6.0
 54434  118.33   40.17     131    6.2
 54436  118.95   40.42     254    5.3
 54437  118.62   39.51      18    5.5
 54438  118.88   39.88      65    6.2
 54439  118.72   40.02      50    7.0
 54449  119.52   39.85       2    3.9
 58040  119.13   34.86       5    7.5
 58045  119.60   34.20       4    8.1
 53644  108.83   38.60    1307   -2.0
 57281  113.30   32.70     142    6.9
 58022  117.57   34.75      48    7.0
 53973  112.95   35.77     837    4.4
 53774  112.37   37.58     759    3.5
 57590  114.37   29.85      98    4.7
 57359  110.73   31.35     336    9.7
 59500  115.32   22.97       6   22.1
 52446   99.52   40.30    1177    0.1
 53917  106.07   35.22    1631    4.7
 52643   99.62   38.83    2311   -2.4
 57914  106.67   26.42    1149    5.3
 57625  107.45   28.55     679    8.4
 57739  108.92   27.23     394    4.1
 57911  106.65   26.67    1323    3.5
 57734  108.23   27.57     467    6.3
 57738  108.42   27.05     516    4.7
 57816  106.73   26.58    1223    4.3
 53853  110.95   36.70    1052    1.6
 53577  112.30   39.00    1437   -3.0
 58340  119.03   31.66      25    5.2
 58342  119.55   31.72       6    4.6
 58344  119.20   31.96      36    5.1
 59316  116.68   23.40       2   19.3
 54049  123.97   44.25     188   -0.2
 54069  125.80   44.12     173   -3.6
 54171  126.52   43.68     229   -0.8
 54195  129.78   43.30     244   -0.3
 57396  114.85   31.63     128    3.1
 58111  116.45   33.97      32    8.0
 58207  115.05   32.17      42    5.9
 53997  114.18   35.15      71    7.7
 57273  112.85   32.68     109    7.2
 58004  115.15   34.65      60    6.2
 58100  115.17   33.65      41    7.0
 57079  113.03   34.95     106    8.5
 57194  114.27   33.28      59    6.5
 53984  113.47   35.23      82    8.0
 57095  114.15   34.12      61    7.4
 57096  114.78   34.53      59    6.6
 57080  112.97   34.73     165    7.7
 53651  110.47   38.82    1098    0.4
 53725  107.58   37.58    1360   -1.5
 53565  111.50   39.43    1051   -0.6
 53976  112.87   35.50     752    4.9
 53659  111.00   37.97    1163    0.3
 53771  112.05   37.42     750    3.4
 57909  105.82   24.98     584   11.1
 57844  109.18   26.68     343    5.0
 57813  106.47   26.57    1261    5.1
 56666  101.72   26.58    1224   24.1
 56399  104.98   29.18     306    9.7
 57237  108.03   32.07     674    8.9
 57503  105.12   29.62     349   11.4
 57405  105.55   30.50     355   11.5
 56592  104.52   28.43     359    9.9
 56670  102.12   26.92    1136   24.6
 57401  105.37   30.87     383   12.5
 57402  105.70   30.77     394   11.7
 54525  117.28   39.73       5    7.9
 55690   91.95   27.98    4280    2.3
 54311  117.77   41.97     892   -0.4
 57353  111.00   30.83     191    7.2
 51369   87.65   43.97     600  -12.1
 50750  125.30   47.90     226   -7.7
 50968  127.97   45.22     189   -7.6
 57742  109.20   27.52     884   -0.2
 56033   98.22   34.92    4272   -1.1
 59951  110.33   18.80      39   22.1
 59845  109.58   19.52     169   23.5
 51636   82.65   41.55    1009    0.5
 51701   75.40   40.52    3504  -13.9
 51814   77.40   37.92    1360   -1.4
 57192  114.85   33.73      45    6.7
 53991  114.33   35.92      93    8.8
 54398  116.62   40.13      28    8.7
 54523  117.02   39.38       4    7.9
 53946  109.82   35.60    1091    5.5
 57048  108.72   34.40     472    6.1
 56021   95.81   34.13    4175   -1.2
 52754  100.13   37.33    3301   -2.9
 57007  105.18   34.18    1404    5.7
 57001  105.33   34.75    1271    6.7
 59501  115.38   22.81      16   20.0
 52707   93.68   36.80    2767    2.8
 56067  101.48   33.43    3628    5.3
 52825   96.43   36.43    2790    1.7
 54846  119.74   36.39      51    5.4
 57038  108.45   34.28     410    6.0
 57057  110.15   34.10     963    5.5
 54399  116.28   39.98      45    8.7
 59449  109.98   22.30      85   18.9
 59426  107.92   22.61     146   12.5
 57964  111.15   25.50     263    4.9
 53588  113.52   38.95    2208   -7.9
 53882  113.03   36.07    1046    2.2
 53888  113.43   36.20    1089    3.2
 53663  111.82   38.92    1401   -4.7
 53759  110.83   36.98    1109    0.4
 53862  111.80   36.85     811    5.3
 53872  112.68   36.77     960    4.5
 53885  113.20   36.12    1122    1.7
 56029   96.96   33.00    3716    4.0
 52855  101.25   36.68    2675   -0.2
 50774  128.83   47.70     264   -8.4
 50656  126.50   48.25     276  -10.0
 50978  130.92   45.30     272   -7.1
 54540  119.20   39.73      17    6.6
 54608  115.55   38.00      26    6.3
 54613  116.62   38.70       6    6.5
 54617  116.12   38.18      13    5.8
 54703  115.88   37.80      21    5.8
 54804  115.18   36.30      45    7.2
 57992  114.75   25.67     127   11.5
 54213  119.02   42.93     634    0.5
 57285  113.42   32.38     153    6.7
 57722  107.47   27.77     792    5.6
 53856  110.75   36.47     765    3.5
 50844  123.46   46.41     138   -6.4
 54623  117.72   39.05       4    6.7
 56385  103.34   29.52    3047    6.3
 58141  118.93   33.64      12    7.8
 58250  120.16   32.51       6    6.3
 58254  120.45   32.52       5    6.9
 58264  121.18   32.33       3    6.3
 59213  106.92   23.73     110   13.7
 54064  125.15   44.38     170   -0.2
 54065  125.65   44.53     169   -1.2
 54072  126.52   44.85     196   -4.7
 54076  126.93   44.38     268   -1.1
 54142  123.53   43.50     114    0.9
 54154  124.30   43.35     160    0.2
 54156  124.80   43.52     200   -0.2
 54157  124.33   43.17     165    1.6
 54161  125.22   43.90     236   -0.3
 54164  125.28   43.35     248   -0.8
 54165  125.63   43.55     219   -4.0
 54502  116.03   39.48      29    8.4
 54503  115.82   39.07      12    7.9
 54506  115.95   39.32      24    8.9
 54507  115.52   39.33      49    8.8
 54510  116.95   39.91      18    7.9
 54512  116.28   39.42      21    8.8
 54515  116.70   39.50      13    7.9
 54518  116.39   39.17       8    7.6
 54519  116.48   39.30      12    7.7
 54520  117.08   39.97      18    8.4
 54521  116.98   39.77      13    8.4
 54522  117.73   39.88      14    7.9
 58047  119.24   34.26       4    8.0
 59750  110.07   20.97      33   20.5
 57828  107.58   26.50     983    2.9
 57736  108.85   27.70     369    5.4
 57293  114.98   32.73      38    5.4
 57577  112.17   29.40      36    5.3
 57875  112.68   26.75     137    4.4
 54802  115.73   36.82      34    6.0
 50954  125.08   45.50     127   -4.2
 58706  115.83   27.43     181    5.4
 57805  105.77   26.68    1319    4.8
 56793  104.47   25.71    1800   13.2
 54751  120.73   37.94      39    3.7
 53877  112.25   36.17     860    4.2
 53772  112.58   37.62     776    3.0
 52881  103.18   36.98    2484   -0.8
 53934  107.98   35.78    1274    1.9
 52681  103.08   38.63    1367    0.9
 57585  113.45   29.48      60    5.4
 57674  112.38   28.57      46    5.4
 57845  109.79   26.17     397    4.2
 57249  109.68   32.32     448   10.2
 57260  111.52   32.57     133    8.9
 57582  113.88   29.72      46    5.7
 57389  113.75   31.03      32    5.2
 53464  111.17   40.72    1042    0.6
 54234  121.75   42.73     297   -1.9
 54362  125.73   41.67     380    1.3
 53982  113.27   35.23     112    8.4
 53992  114.52   35.65      58    6.6
 54645  117.47   38.85       2    6.8
 54047  123.28   44.13     145   -2.5
 59304  115.18   23.63     176   22.3
 56571  102.27   27.90    1590   22.9
 58940  119.33   26.08      25   15.2
 58911  116.37   25.85     310   13.8
 58724  117.32   27.53     268    7.7
 59303  115.75   23.92     135   20.2
 57498  114.94   30.52      26    4.8
 57491  114.40   30.87      31    5.0
 57395  114.12   31.57      74    5.1
 57358  110.97   30.83     295    5.5
 53529  107.96   39.09    1381   -2.5
 56384  103.48   29.60     446    8.3
 56443   99.80   28.93    2842   13.5
 56491  104.57   28.70     287   10.9
 56276  103.82   30.45     467    9.5
 56394  104.43   29.45     384    9.4
 53446  109.88   40.53    1004   -0.3
 57432  108.40   30.77     186   10.8
 55664   87.08   28.63    4300    3.6
 55681   90.40   28.97    4431    2.7
 56331   97.83   29.67    3780    5.8
 56223   95.83   30.75    3640    4.4
 56109   93.78   31.48    3940    4.6
 56317   94.22   29.22    2950   10.7
 55696   92.47   28.42    3860    9.0
 55472   88.63   30.95    4672   -0.4
 55680   89.60   28.92    4040    5.7
 55578   88.88   29.25    3836    7.7
 55228   80.08   32.50    4278   -5.2
 56151  100.75   32.93    3530    6.6
 56043  100.23   34.48    3719    3.8
 52972  102.45   35.85    1921    2.7
 52602   93.33   38.75    2770    1.0
 52863  101.95   36.82    2480    1.3
 51886   90.85   38.25    2944    1.7
 54316  118.75   41.52     679    2.7
 54835  118.55   36.50     106    5.8
 58011  116.07   34.80      46    6.7
 53769  111.78   37.25     747    4.6
 53961  111.48   35.65     472    5.6
 53488  113.58   40.03    1034   -0.1
 53873  112.87   36.10     951    3.3
 54094  129.67   44.50     305   -4.1
 50779  134.28   48.37      40  -11.6
 50658  125.88   48.05     236   -9.8
 50973  130.61   45.75     234   -7.8
 50775  130.20   47.34     182  -10.1
 54080  127.15   44.90     194   -5.5
 50646  124.85   48.48     202   -9.4
 50767  127.10   47.23     202   -7.6
 50659  126.25   48.03     291   -8.7
 59462  111.60   22.70      60   21.8
 57126  107.55   33.22     468    9.4
 57137  108.32   33.32     802    7.4
 53931  109.37   36.00     984    4.6
 53567  111.00   39.02    1024    0.5
 53929  107.80   35.20    1206    2.8
 57023  108.11   35.02     919    4.3
 57131  108.97   34.43     410    6.6
 57495  114.88   30.67      28    5.5
 57453  111.32   30.77     115    6.6
 59319  116.83   23.43       4   17.7
 53463  111.57   40.85    1153   -1.8
 50937  121.48   45.06     282   -1.2
 53966  111.83   35.98     817    3.9
 57771  112.53   27.93      88    4.1
 57640  109.45   28.58     341    6.7
 57754  109.84   27.21     252    4.1
 57512  106.26   29.97     364    9.8
 59417  106.86   22.33     128   14.4
 59038  108.65   24.07     138    8.9
 59431  108.22   22.63     121   12.5
 59211  106.60   23.90     174   12.9
 59246  109.67   23.60      70    9.9
 59041  109.25   24.65     108    7.6
 57927  107.18   24.97     287   11.0
 59294  113.83   23.33      30   21.6
 57489  114.01   30.52      23    5.2
 57279  112.75   32.15     125    5.3
 54243  124.12   42.78     165   -0.6
 54244  123.33   42.75     118    1.5
 54249  123.87   42.30      85    1.9
 54252  124.75   42.73     196    0.6
 54259  124.87   42.07     224    4.1
 54321  119.63   41.87     661    0.0
 54324  120.43   41.55     174    3.4
 54326  119.63   41.41     462    2.8
 59227  107.14   23.11     454   12.5
 59218  106.42   23.13     739   13.6
 59021  107.03   24.55     509   10.9
 59266  111.23   23.42      42   16.2
 57082  113.02   34.47     427    6.4
 57198  114.57   33.50      44    6.2
 57077  111.65   33.78     742    6.6
 56227   95.77   29.87    2736   10.2
 55593   91.73   29.85    3804    7.4
 55655   85.97   28.19    3810    2.3
 59855  110.47   19.23      24   23.1
 54172  126.53   43.87     290   -1.7
 54175  126.62   43.42     537   -0.6
 54181  127.33   43.70     295   -4.8
 54187  128.92   43.12     366    0.7
 54260  125.08   42.92     252    0.4
 54261  125.47   42.67     345   -2.3
 54263  126.08   42.96     351   -0.8
 54266  125.63   42.53     340   -2.8
 54273  126.75   42.98     263   -2.7
 54274  125.99   42.69     306   -4.2
 54276  126.80   42.40     570    0.5
 54531  118.72   39.73      43    5.8
 54532  118.08   39.81      31    6.3
 54533  118.10   39.58       8    6.3
 54534  118.10   39.65      23    6.5
 54535  118.47   39.29       3    5.5
 54539  118.88   39.43       8    5.9
 54541  119.23   39.90      24    6.9
 54601  115.65   38.98      13    7.5
 54602  115.48   38.73      16    7.1
 54603  115.77   38.72      10    7.1
 54604  115.33   38.42      29    8.2
 54605  115.93   38.93       4    7.3
 54728  117.38   37.77       8    5.8
 54806  115.97   36.42      33    6.2
 57399  114.95   31.13      74    5.0
 50867  127.35   46.08     134   -7.4
 50776  130.83   47.57      83   -9.3
 50879  130.55   46.22     187   -7.3
 50884  131.15   46.63     175   -9.9
 50953  126.57   45.93     118   -5.3
 59948  109.59   18.22     419   22.7
 52862  101.68   36.95    2450    2.1
 56034   97.13   33.80    4415   -4.2
 56202   93.28   30.67    4488   -0.7
 55597   91.68   29.03    3740    7.9
 56186  104.20   31.33     589   11.3
 56381  103.50   30.07     630    7.6
 56371  102.23   29.92    1321   16.0
 56195  104.73   31.80     543   11.1
 57308  105.38   31.22     421   12.6
 56480  103.53   28.82     564    8.7
 56164  100.98   32.27    3284   10.4
 56584  103.25   27.70    1093   11.7
 56097  104.25   33.27    1440   10.4
 56185  102.98   32.08    2400   13.3
 56665  101.85   26.68    1140   24.8
 56567  100.86   27.26    2367   16.0
 56643   98.85   25.87     949   24.4
 56651  100.22   26.85    2380   15.5
 56664  101.27   26.63    1230   25.3
 56739   98.51   24.98    1695   18.1
 53994  114.07   35.38      70    8.7
 57074  112.40   34.42     252    8.5
 57169  111.87   33.05     159    8.6
 54903  115.48   35.85      45    6.8
 57177  113.53   33.33      89    7.6
 54827  117.15   36.17     128    6.0
 54727  117.55   36.68     121    4.3
 54712  116.82   37.20      18    4.6
 54777  122.07   37.20     118    4.5
 54766  121.59   37.43      39    4.2
 54734  118.00   37.36      12    5.6
 57614  106.22   28.33    1180    4.8
 54724  117.13   37.32      14    5.2
 54852  120.73   36.97      54    6.3
 54945  119.55   35.47      64    6.8
 52557  100.17   39.15    1453    1.1
 57102  105.72   33.75     970    7.3
 58629  117.71   28.29     100    6.3
 58509  115.82   29.05      36    7.2
 58615  117.08   28.68      56    6.4
 58804  115.35   26.35     151   10.7
 50833  122.90   46.72     187   -6.8
 55493   91.10   30.48    4200    3.7
 57509  106.92   28.99     599    9.1
 55569   87.60   29.08    4000    7.2
 59268  111.54   23.26      70   17.7
 51765   87.70   40.63     846    6.0
 52533   98.48   39.77    1477   -1.0
 52895  104.68   36.57    1398    4.5
 52674  101.97   38.23    1976   -2.7
 59057  110.18   24.13     830   13.6
 59064  111.32   24.55     136    7.7
 58731  118.53   27.92     276    9.6
 58929  118.15   25.07      68   21.6
 59322  117.37   23.98      22   20.8
 54912  116.50   35.77      41    6.5
 53582  113.67   39.72    1079   -1.0
 53928  107.02   35.30    1149    4.4
 53829  107.90   35.98    1093    4.2
 57811  106.60   26.83    1296    3.6
 57635  108.98   28.45     363    6.6
 58903  116.03   25.90     210   13.8
 57994  114.35   25.40     215   12.3
 53385  113.54   41.60    1420   -8.0
 57687  112.79   28.11     119    4.2
 53562  111.67   39.92    1208   -3.1
 57388  113.71   31.27      53    4.9
 59473  112.98   22.74      47   21.2
 52737   97.38   37.37    2981    1.6
 58634  118.25   28.68     116    6.7
 54819  116.80   36.18     113    5.3
 54857  120.33   36.07      76    5.3
 54906  115.42   35.25      49    6.8
 58034  118.32   34.60      36    7.8
 54910  116.05   35.82      40    6.3
 58025  117.73   34.57      27    7.8
 59096  114.48   24.37     214   18.4
 57447  109.47   30.28     457    6.7
 53899  114.97   36.48      48    7.4
 58327  117.28   31.27      45    3.7
 58335  118.52   31.57      23    5.7
 54611  115.32   38.93      44    7.3
 58036  118.71   34.54      32    7.7
 53996  114.65   36.45      57    7.8
