diamond  3 2015年02月04日08点24小时降雨量                    
  15  02  04  08    -1 3 10 25 50 1 0
 39 122.7  37.3 122.5  36.7 120.8  36.2 119.3  35.0 120.4  34.3
 121.1  32.7 122.3  30.9 122.5  30.1 121.5  28.0 119.8  25.0
 116.1  22.6 111.0  21.0 111.0  18.6 109.6  18.1 108.3  18.5
 108.9  19.9 109.3  21.0 106.4  21.6 104.1  22.2 101.6  20.8
  98.7  22.0  97.1  24.1  97.7  27.0  91.7  26.6  85.7  27.7
  78.9  30.6  73.3  37.1  74.1  40.7  87.6  49.8  98.5  43.9
 110.4  44.3 122.0  54.7 135.7  48.3 131.5  42.2 125.2  39.4
 121.3  38.5 121.2  40.3 118.5  38.6 120.8  38.1
 1     414
 50137 122.37  53.47   296    0.1
 50431 121.52  50.78   717    0.1
 50524 119.43  49.32   576    0.2
 50525 119.75  49.15   620   0.01
 50526 120.70  49.28   668   0.01
 50913 118.83  45.72   865   0.01
 50924 119.65  45.55   860    0.4
 51359  86.20  44.32   471   0.01
 51568  86.80  42.25  1085    0.5
 51627  79.23  41.22  1395    6.0
 51629  80.23  41.27  1132    4.6
 51707  76.73  39.50  1208    0.2
 51708  75.95  39.15  1325    1.0
 51717  76.78  39.25  1206    0.5
 51722  80.40  40.65  1044   0.01
 51802  76.17  38.93  1297    1.8
 51814  77.40  37.92  1360    3.6
 51815  77.27  38.20  1274    2.7
 51826  80.80  37.02  1336    1.2
 51827  79.63  37.17  1348    1.5
 51829  80.17  37.08  1347    0.7
 51839  82.72  37.07  1409   0.01
 52656 100.82  38.43  2281    0.1
 52784 102.90  37.47  2072    0.4
 52853 100.98  36.90  3010   0.01
 52855 101.25  36.68  2675   0.01
 52862 101.68  36.95  2450   0.01
 52863 101.95  36.82  2480    0.3
 52869 101.58  36.50  2667    0.5
 52874 102.41  36.49  2021   0.01
 52881 103.18  36.98  2484   0.01
 52885 103.25  36.75  2118    0.2
 52896 104.15  36.55  1738    0.2
 52978 102.49  35.19  2948    0.2
 52981 103.38  35.68  2421    0.3
 52985 103.33  35.42  2162    0.2
 53289 113.83  42.23  1322    0.1
 53392 114.60  41.85  1422    0.2
 53467 111.18  40.27  1016   0.01
 53483 113.83  40.87  1268   0.01
 53491 114.38  40.67   837   0.01
 53492 114.15  40.10   937   0.01
 53505 105.40  37.88  1380   0.01
 53518 106.35  39.03  1117   0.01
 53545 109.71  39.56  1367   0.01
 53553 111.22  39.87  1221   0.01
 53562 111.67  39.92  1208    0.1
 53565 111.50  39.43  1051    0.2
 53567 111.00  39.02  1024   0.01
 53574 112.27  39.52  1409   0.01
 53575 112.20  39.10  1525    0.6
 53576 112.82  39.50  1045   0.01
 53577 112.30  39.00  1437   0.01
 53580 113.10  39.82  1044   0.01
 53582 113.67  39.72  1079   0.01
 53584 113.17  39.57  1000    0.1
 53610 106.35  38.57  1106   0.01
 53611 106.55  38.88  1098   0.01
 53618 106.25  38.28  1113    0.1
 53619 106.30  38.12  1115    0.2
 53644 108.83  38.60  1307   0.01
 53660 111.08  39.02   894   0.01
 53662 111.58  38.72  1396    0.3
 53669 111.80  38.08  1150   0.01
 53707 105.25  36.93  1697   0.01
 53727 107.12  37.17  1712    0.4
 53730 107.48  38.18  1333   0.01
 53760 111.23  37.88  1212    0.1
 53881 106.48  37.28  1382    0.1
 53916 106.32  35.50  1948    0.1
 54024 119.30  44.45   710   0.01
 54117 117.53  43.25  1003    0.1
 54204 115.00  42.30  1346    0.1
 54205 116.00  42.23  1315   0.01
 54304 115.27  40.95  1239   0.01
 54305 115.27  41.88  1468    0.1
 54313 118.70  41.93   733   0.01
 54320 119.30  41.60   544    0.1
 54408 115.22  40.38   529   0.01
 54755 120.39  37.33   117   0.01
 56082 103.50  34.58  2540    0.1
 56091 104.47  34.85  1883    0.1
 56095 104.38  34.03  1753   0.01
 56278 102.77  30.07   755    0.1
 56279 102.93  30.15   682   0.01
 56280 103.12  30.08   691   0.01
 56281 103.50  30.18   510    0.1
 56380 103.35  29.88   571   0.01
 56381 103.50  30.07   630   0.01
 56382 103.55  29.75   475    0.5
 56383 103.87  29.83   455   0.01
 56384 103.48  29.60   446    0.6
 56389 103.95  29.20   387   0.01
 56393 104.85  29.77   369   0.01
 56396 104.77  29.35   352   0.01
 56480 103.53  28.82   564   0.01
 56490 103.90  28.95   424   0.01
 56498 104.50  28.15   549    0.3
 56582 103.90  27.75  1176    0.3
 56595 104.87  27.42  1645    0.4
 56598 104.73  27.13  1535    0.5
 56697 104.08  26.22  1984   0.01
 56790 104.25  25.68  1925   0.01
 56889 104.17  24.05  1518    0.4
 56891 104.32  24.98  1482    2.7
 56975 102.43  23.37   974   0.01
 56987 103.23  22.78  1260   0.01
 56989 103.95  22.50   137    1.7
 56992 104.70  23.45  1507    0.7
 56995 104.42  23.03  1332    0.2
 56996 104.70  23.13  1093    0.1
 57004 104.88  34.73  1495   0.01
 57039 108.88  34.08   445    0.4
 57431 108.35  30.83   257   0.01
 57509 106.92  28.99   599    0.4
 57540 109.15  29.68   776   0.01
 57541 109.48  30.00   532    0.3
 57543 110.03  29.90   539   0.01
 57605 105.82  28.03   537   0.01
 57623 107.60  28.88   685    0.2
 57634 107.88  28.52   660    0.3
 57635 108.98  28.45   363   0.01
 57688 113.63  28.16   101   0.01
 57698 114.45  28.12    98    0.3
 57699 114.92  28.23    66    0.4
 57708 105.60  27.15  1700    1.1
 57714 106.23  27.47   942    1.5
 57717 106.83  27.53   974    0.7
 57719 106.97  27.07  1275    0.9
 57720 107.17  27.88   889    0.3
 57723 107.72  27.98   710    0.2
 57728 107.47  27.07  1096    0.5
 57734 108.23  27.57   467    0.1
 57735 108.82  27.18   404    0.1
 57736 108.85  27.70   369   0.01
 57737 108.12  27.03   547    0.2
 57738 108.42  27.05   516   0.01
 57739 108.92  27.23   394    0.2
 57740 109.60  27.95   349   0.01
 57742 109.20  27.52   884    0.4
 57743 109.80  27.88   176   0.01
 57754 109.84  27.21   252    0.2
 57760 111.43  27.70   249    0.2
 57762 111.70  27.69   165    0.4
 57763 112.00  27.68   205    0.5
 57767 111.01  27.13   308    0.4
 57768 111.45  27.32   242    0.6
 57769 111.73  27.23   252    0.6
 57771 112.53  27.93    88   0.01
 57772 112.50  27.75    86    0.1
 57777 112.87  27.23    63    0.7
 57778 112.95  27.09    70    1.0
 57781 113.50  27.65    74    0.5
 57783 113.82  27.88   118    0.4
 57786 113.85  27.63   117    1.4
 57792 114.68  27.82    93    2.3
 57794 114.02  27.63   177    1.7
 57796 114.88  27.83   189    0.8
 57798 114.60  27.40    85    2.0
 57800 105.37  26.77  1457    1.1
 57807 105.47  26.21  1361    0.2
 57809 105.75  26.07  1251   0.01
 57811 106.60  26.83  1296    0.4
 57813 106.47  26.57  1261    0.2
 57814 106.27  26.42  1298    0.1
 57821 107.50  26.70   925    0.2
 57822 107.90  26.90   835   0.01
 57824 107.23  26.58  1001   0.01
 57828 107.58  26.50   983    0.1
 57829 107.80  26.20   963    0.1
 57834 108.30  26.68   641    0.3
 57835 108.43  26.72   527    0.1
 57837 108.07  26.40   839    0.2
 57842 109.72  26.88   281    0.3
 57844 109.18  26.68   343    0.2
 57846 110.15  26.58   310    1.3
 57851 110.83  26.46   346    0.4
 57859 110.63  26.03   408    0.8
 57860 111.28  27.00   283    0.4
 57865 111.62  26.50   192    1.7
 57867 111.28  26.40   169    1.1
 57868 111.86  26.59   113    0.7
 57870 112.10  26.80   151    0.7
 57871 112.37  26.98    90    0.8
 57875 112.68  26.75   137    2.2
 57876 112.83  26.43   135    4.8
 57881 113.25  26.72   101    1.5
 57882 113.55  26.79   136    0.4
 57883 114.28  26.75   253    2.6
 57886 113.80  26.48   268    3.2
 57887 113.12  26.12   167    4.9
 57891 114.25  26.93   153    2.1
 57895 114.78  26.47   101    2.0
 57899 114.92  26.80    71    2.4
 57900 105.22  25.83  1552    1.1
 57903 105.60  25.94  1142    0.1
 57905 105.61  25.40  1184    2.0
 57908 105.48  25.12  1394    0.6
 57909 105.82  24.98   584    3.5
 57911 106.65  26.67  1323   0.01
 57913 106.98  26.45  1093   0.01
 57914 106.67  26.42  1149   0.01
 57915 106.77  26.63  1104   0.01
 57923 107.87  25.98   419   0.01
 57927 107.18  24.97   287    0.1
 57936 108.91  25.76   258    0.2
 57941 109.60  25.78   197    0.6
 57942 110.00  25.80   268    1.3
 57948 109.25  25.08   122    3.7
 57949 110.00  24.98   156    4.0
 57954 110.18  25.23   157    1.5
 57955 110.67  25.62   224    3.2
 57956 110.32  25.42   167    0.2
 57958 110.32  25.08   151    2.1
 57960 111.07  25.93   195    2.1
 57962 111.65  25.97   167    2.3
 57964 111.15  25.50   263    5.2
 57966 111.96  25.59   244    3.7
 57969 111.31  25.28   269    9.4
 57971 112.20  25.92   224    3.2
 57973 112.72  25.75   329    5.8
 57975 112.20  25.38   277    4.7
 57976 112.94  25.41   222    6.3
 57978 112.55  25.27   292    5.3
 57981 113.22  25.97   139    4.7
 57985 113.68  25.57   609    3.6
 57988 113.35  25.11   143    2.4
 57989 113.77  25.07   112    5.9
 57990 114.30  25.70   246    2.8
 57991 114.55  25.80   140    2.9
 57992 114.75  25.67   127    3.8
 57994 114.35  25.40   215    2.8
 57995 114.93  25.40   164    4.2
 58235 118.85  32.37    10   0.01
 58242 119.16  32.30    22   0.01
 58244 119.59  32.45     5   0.01
 58245 119.42  32.41     9   0.01
 58249 120.05  32.16     6   0.01
 58257 120.26  31.99     4   0.01
 58317 116.37  30.87   434   0.01
 58339 118.90  31.33    15   0.01
 58340 119.03  31.66    25    0.1
 58341 119.59  31.98     6    0.1
 58342 119.55  31.72     6   0.01
 58344 119.20  31.96    36    0.1
 58346 119.81  31.34    16    0.3
 58349 120.56  31.41     8   0.01
 58351 120.30  31.90     4   0.01
 58409 115.93  30.10    32   0.01
 58421 117.87  30.63    31   0.01
 58423 117.78  30.48   647    0.9
 58428 117.50  30.22   118   0.01
 58432 118.40  30.68    57    0.4
 58433 118.75  30.93    31   0.01
 58435 118.53  30.30   220    0.1
 58441 119.42  30.87    43    0.2
 58442 119.18  31.17    16    0.3
 58443 119.89  31.02    25    1.0
 58446 119.70  30.63    72    0.4
 58451 120.93  30.83     2   0.01
 58452 120.77  30.73     4   0.01
 58453 120.50  30.07     7    0.1
 58454 119.98  30.53   102    0.1
 58455 120.65  30.52     8    0.1
 58456 120.52  30.63     6    0.1
 58458 120.90  30.54     4   0.01
 58459 120.29  30.19    44   0.01
 58468 121.17  30.05     5    0.5
 58529 117.85  29.27   171    0.7
 58530 118.43  29.87   168    0.1
 58534 118.18  29.78   170    0.2
 58537 118.40  29.13   153    0.6
 58542 119.68  29.82    46    1.4
 58544 119.27  29.48    88    0.3
 58546 119.88  29.47   115    1.4
 58547 119.18  29.03    66    0.4
 58548 119.47  29.22    50    0.5
 58550 120.25  29.70    39    0.3
 58555 120.88  29.52   113    0.1
 58558 120.22  29.27    89    0.2
 58559 120.97  29.15   107   0.01
 58560 120.43  29.05   304    0.8
 58561 121.60  29.98     4   0.01
 58563 121.83  29.88     5    0.5
 58565 121.39  29.69    41    0.2
 58566 121.88  29.47     6    0.3
 58567 121.43  29.32    39    0.1
 58568 121.38  29.12    34    0.1
 58612 116.68  28.70    21    0.1
 58614 116.27  28.38    34   0.01
 58615 117.08  28.68    56    0.2
 58616 116.82  28.20    40   0.01
 58618 116.60  28.27    82    0.1
 58619 116.37  28.00    49    0.1
 58623 117.92  28.47    90    0.3
 58624 117.43  28.40    70    0.4
 58625 117.60  28.42    79    0.3
 58627 117.06  28.31    56   0.01
 58629 117.71  28.29   100    0.4
 58631 118.50  28.90   137    1.0
 58632 118.60  28.72   126    1.8
 58635 118.20  28.43    95    0.1
 58642 119.80  28.88   105   0.01
 58643 120.03  28.90   102   0.01
 58644 119.28  28.60   237   0.01
 58647 119.13  28.08   222   0.01
 58656 120.97  28.07    60   0.01
 58657 120.28  28.15    57   0.01
 58658 120.68  28.15    34    0.8
 58659 120.65  28.03    28    2.6
 58660 121.20  28.87     6    0.2
 58664 121.37  28.37    35   0.01
 58701 115.40  27.77    46   0.01
 58704 115.35  27.58   104    1.2
 58706 115.83  27.43   181    1.9
 58707 115.13  27.22    66    2.2
 58710 116.05  27.77    78    0.3
 58712 116.78  27.92   130   0.01
 58713 117.07  27.72   225    0.6
 58714 116.23  27.55   120    1.3
 58719 116.93  27.30   131    2.6
 58724 117.32  27.53   268    0.7
 58736 118.82  27.38   262    0.3
 58745 119.08  27.62   400   0.01
 58746 119.70  27.55   538    0.8
 58747 119.35  27.15   899    0.7
 58748 119.65  27.10    50    0.1
 58749 119.88  27.23   684    0.4
 58750 120.08  27.78   105    0.3
 58751 120.57  27.67   254    0.6
 58804 115.35  26.35   151    1.5
 58814 116.35  26.35   247    0.8
 58819 116.82  26.18   336    1.5
 58821 117.47  26.73   173    0.2
 58822 116.85  26.83   342    0.8
 58823 117.80  26.80   175    1.6
 58824 117.15  26.40   357    0.8
 58826 117.80  26.40   120    1.2
 58828 117.62  26.27   208    1.3
 58836 118.73  26.58   361    0.4
 58839 118.85  26.23    40   0.01
 58844 119.15  26.15    57    0.5
 58845 119.53  26.50    60    0.1
 58848 119.55  26.20    13    0.1
 58850 120.23  26.92    92    0.1
 58903 116.03  25.90   210    0.2
 58905 115.42  25.97   133    0.6
 58906 115.80  25.60   167    1.5
 58907 115.40  25.15   305    1.4
 58912 116.73  25.72   404    0.7
 58917 116.10  25.08   307    0.1
 58923 117.83  25.70   400   0.01
 58928 117.53  25.02   166   0.01
 58932 118.93  25.87    85   0.01
 58935 118.23  25.48   521   0.01
 58940 119.33  26.08    25    0.1
 59001 105.33  24.78   672    1.5
 59004 105.10  24.50   725    2.6
 59012 106.55  24.78   972    0.7
 59015 106.57  24.35   437    0.1
 59017 106.27  24.27   278    1.9
 59022 107.55  24.98   749    0.8
 59025 107.38  24.53   248    1.1
 59027 107.25  24.13   254    0.7
 59031 108.26  24.81   342    3.0
 59033 108.90  24.78   328    2.5
 59034 108.67  24.48   150    2.4
 59038 108.65  24.07   138    0.6
 59041 109.25  24.65   108    7.1
 59044 109.38  24.46    97    3.7
 59045 109.75  24.48    94    2.0
 59047 109.33  24.25   100    4.3
 59051 110.50  24.77   136    1.7
 59052 110.82  24.83   169    0.6
 59053 110.64  24.65   157    0.9
 59055 110.40  24.50   165    0.2
 59057 110.18  24.13   830    0.3
 59059 110.80  24.18   105    2.8
 59061 111.27  24.82   193    2.5
 59063 111.45  25.18   265    2.9
 59064 111.32  24.55   136    3.2
 59071 112.28  24.73   174    2.0
 59074 112.15  24.57   300    2.8
 59075 112.63  24.48    70    2.0
 59081 113.29  24.78   131    4.4
 59090 114.07  24.95   103    3.6
 59091 114.52  24.75   277    1.8
 59093 115.03  24.78   253    0.6
 59094 114.12  24.35   184    1.0
 59099 114.93  24.45   173    0.5
 59205 105.63  23.65   685    0.1
 59213 106.92  23.73   110    1.4
 59215 106.63  23.33   680    2.7
 59224 107.12  23.60   111    2.5
 59227 107.14  23.11   454    4.9
 59229 107.70  23.17   125    1.4
 59230 108.17  23.72   168    1.9
 59235 108.62  23.43   115    4.6
 59237 108.28  23.17   111    2.0
 59238 108.80  23.22   122    5.9
 59241 109.68  23.97    90    2.3
 59246 109.67  23.60    70    1.6
 59249 109.62  23.12    51   0.01
 59256 110.90  23.37   105    0.3
 59264 111.50  23.40    83    0.5
 59266 111.23  23.42    42    0.1
 59268 111.54  23.26    70    0.2
 59269 111.78  23.17    47    0.2
 59270 112.18  23.92    84    0.1
 59419 106.74  22.06   348    4.6
 59421 107.20  22.83   255    1.6
 59425 107.35  22.40   107    2.3
 59426 107.92  22.61   146    3.0
 59427 107.07  22.12   163    2.3
