diamond  3 2015年03月12日08时旅游指数
  15  03  12  08 1000  1  35  1  0  0  1  2391
45005 114.10   22.18     32    2
45011 113.34   22.10    110    2
50136 122.31   52.58    433    4
50246 124.43   52.21    361    4
50247 123.34   52.02    514    4
50349 124.20   51.42    494    4
50353 126.39   51.43    177    4
50425 120.11   50.15    582    4
50431 121.30   50.47    981    4
50434 121.41   50.29    733    3
50442 124.07   50.24    371    4
50445 123.44   50.35    424    3
50468 127.27   50.15    166    4
50514 117.26   49.34    662    3
50524 119.26   49.19    578    4
50525 119.45   49.09    622    4
50526 120.42   49.17    670    4
50527 119.45   49.13    612    4
50548 123.43   49.12    287    3
50557 125.14   49.10    242    4
50564 127.21   49.26    234    4
50566 128.28   49.33    116    4
50603 116.49   48.40    555    3
50618 118.16   48.13    644    4
50632 121.55   48.46    741    4
50639 122.44   48.00    308    3
50645 124.29   48.29    193    3
50646 124.51   48.29    202    4
50647 123.29   48.08    219    3
50655 126.11   48.31    271    4
50656 126.31   48.17    269    4
50658 125.53   48.03    234    4
50659 126.15   48.02    291    4
50673 130.24   48.53     90    4
50674 129.26   48.34    404    4
50727 119.56   47.10   1027    4
50739 123.11   47.20    190    4
50741 123.30   47.56    185    4
50742 124.29   47.48    162    4
50745 123.55   47.23    147    4
50749 124.50   47.11    154    4
50750 125.18   47.54    226    4
50755 126.06   47.36    232    4
50756 126.58   47.26    239    4
50758 125.54   47.11    247    4
50767 127.06   47.14    202    4
50772 129.14   48.06    288    4
50774 128.55   47.44    240    4
50775 130.16   47.20    227    4
50776 130.50   47.34     83    4
50778 132.32   47.40     57    4
50779 134.17   48.22     40    4
50787 131.51   47.17     61    4
50788 131.59   47.14     66    4
50832 122.05   46.43    334    4
50833 122.54   46.43    189    4
50834 121.13   46.36    501    4
50838 122.03   46.05    276    4
50842 124.25   46.50    145    4
50844 123.25   46.24    149    4
50850 125.08   46.34    147    4
50851 126.05   46.41    207    4
50852 126.29   46.52    169    4
50853 126.58   46.37    179    4
50854 125.19   46.23    149    4
50858 125.59   46.04    135    4
50859 126.16   46.15    159    4
50861 127.29   46.53    184    4
50862 128.01   46.59    210    4
50867 127.21   46.05    134    4
50871 129.53   46.44     95    4
50873 130.18   46.47     81    4
50877 129.35   46.18    100    4
50878 130.43   47.00     78    4
50879 130.33   46.13    187    4
50880 131.07   46.44    102    4
50884 131.09   46.38    175    4
50888 132.11   46.19     83    4
50892 134.00   46.48     54    4
50913 118.48   45.43    867    4
50915 116.58   45.31    840    4
50924 119.40   45.32    824    4
50928 120.20   45.04    629    4
50934 121.32   45.24    307    4
50936 122.50   45.38    156    3
50937 121.28   45.03    250    4
50939 122.49   45.20    154    3
50940 123.10   45.51    142    3
50945 124.16   45.30    138    3
50946 124.50   45.11    140    3
50948 124.01   45.00    148    3
50949 124.52   45.05    137    3
50950 125.15   45.42    148    4
50953 126.46   45.45    142    4
50954 125.05   45.30    127    4
50955 126.18   45.23    166    4
50956 126.35   45.53    166    4
50958 126.57   45.31    174    4
50960 127.27   45.47    192    4
50962 128.02   45.57    112    4
50963 128.44   45.58    108    4
50964 128.48   45.50    119    4
50965 128.18   45.27    155    4
50968 127.58   45.13    189    4
50971 131.01   45.46    223    4
50973 130.35   45.45    234    4
50978 130.56   45.18    280    4
50979 130.14   45.16    274    5
50983 132.58   45.46    100    4
50985 131.52   45.33    151    4
50987 131.08   45.15    176    4
51053  86.24   48.03    532    4
51059  85.52   47.26    984    4
51060  86.52   47.42    473    4
51068  87.28   47.07    500    4
51076  88.05   47.44    735    4
51087  89.31   46.59    807    4
51133  83.00   46.44    534    4
51137  82.56   46.12    715    4
51145  83.39   46.33    521    4
51156  85.43   46.47   1291    5
51186  90.23   46.40   1218    4
51232  82.34   45.11    336    5
51238  82.04   44.54    531    4
51241  83.36   45.56   1077    5
51243  84.51   45.37    449    4
51328  80.25   44.12    770    4
51329  80.51   44.03    640    4
51330  81.01   44.58   1357    4
51334  82.54   44.37    320    4
51346  84.40   44.26    478    4
51352  85.15   44.51    337    4
51353  86.06   45.01    346    4
51356  86.03   44.19    442    4
51357  85.37   44.20    522    4
51359  86.12   44.19    471    4
51365  87.32   44.12    440    4
51367  86.49   44.08    522    4
51368  87.26   44.01    579    4
51369  87.39   43.58    600    3
51377  87.55   44.10    547    4
51378  89.10   44.01    734    4
51379  89.34   44.01    793    4
51430  81.09   43.50    602    4
51431  81.20   43.57    662    4
51433  82.34   43.48   1105    4
51434  81.32   43.58    770    4
51435  82.14   43.28    774    4
51436  83.18   43.27    928    4
51437  81.08   43.09   1851    4
51438  81.46   43.11   1210    4
51463  87.39   43.47    935    4
51465  87.06   43.29   1871    3
51467  86.18   42.44   1739    4
51469  87.11   43.27   1930    3
51470  88.07   43.53   1942    4
51477  88.19   43.21   1103    4
51482  90.17   43.50   1271    4
51542  84.09   43.02   2458    4
51559  86.24   42.19   1100    4
51567  86.34   42.05   1055    2
51568  86.48   42.15   1085    4
51571  88.38   42.48      1    2
51573  89.12   42.56     34    2
51581  90.14   42.51    398    2
51627  79.14   41.13   1395    2
51628  80.14   41.10   1103    2
51629  80.14   41.16   1132    2
51633  81.54   41.47   1229    2
51636  82.37   41.32   1013    2
51639  82.47   41.14    980    2
51642  84.15   41.47    976    4
51644  82.58   41.43   1081    2
51655  86.16   41.21    884    4
51656  86.08   41.54    931    4
51663  86.43   41.54   1049    4
51704  76.10   39.43   1297    2
51705  75.15   39.43   2175    4
51707  76.44   39.30   1208    2
51708  75.57   39.09   1324    2
51709  75.59   39.28   1289    2
51711  78.27   40.56   1984    4
51716  78.34   39.48   1116    2
51717  76.47   39.15   1206    2
51720  79.03   40.30   1161    2
51722  80.24   40.39   1044    2
51730  81.16   40.33   1012    2
51747  83.40   39.00   1099    5
51765  87.42   40.38    846    4
51777  88.10   39.02    887    4
51802  76.10   38.56   1297    2
51804  75.14   37.46   3090    4
51810  77.38   38.56   1177    2
51811  77.16   38.26   1231    2
51814  77.24   37.55   1360    2
51815  77.16   38.12   1274    2
51818  78.17   37.37   1375    4
51826  80.48   37.01   1336    4
51827  79.43   37.17   1326    4
51828  79.56   37.08   1374    4
51829  80.10   37.05   1347    4
51839  82.43   37.04   1409    4
51855  85.33   38.09   1247    5
51886  90.51   38.15   2944    2
51931  81.39   36.51   1422    4
52101  93.03   43.36   1677    4
52118  94.42   43.16   1728    5
52203  93.31   42.49    737    2
52267 101.04   41.57    941    2
52378 102.22   41.22    960    2
52418  94.41   40.09   1139    2
52424  95.46   40.32   1170    2
52436  97.02   40.16   1526    2
52447  98.54   40.00   1270    2
52495 104.48   40.10   1325    2
52515  94.53   39.31   2157    2
52532  98.10   39.27   1655    2
52533  98.29   39.46   1477    2
52546  99.50   39.22   1332    2
52557 100.10   39.09   1453    2
52575 102.47   39.25   1240    2
52576 101.41   39.13   1511    2
52602  93.20   38.45   2770    2
52607 106.39   39.26   1343    2
52643  99.37   38.50   2311    2
52652 100.26   38.56   1482    2
52656 100.49   38.27   2281    4
52657 100.15   38.11   2787    2
52661 101.05   38.48   1764    2
52674 101.58   38.14   1976    2
52679 102.40   37.55   1531    2
52681 103.05   38.38   1367    2
52713  95.22   37.51   3173    2
52737  97.22   37.22   2981    2
52745  99.02   37.18   3417    2
52754 100.08   37.20   3301    2
52765 101.37   37.23   2850    2
52784 102.54   37.29   2072    2
52797 104.03   37.11   1631    2
52818  94.54   36.25   2807    2
52833  98.29   36.55   2950    2
52836  98.06   36.18   3191    2
52853 100.59   36.55   3010    2
52855 101.14   36.41   2634    2
52856 100.37   36.16   2835    2
52862 101.41   36.57   2450    2
52863 101.57   36.49   2480    2
52866 101.45   36.43   2295    2
52868 101.26   36.02   2237    2
52869 101.34   36.31   2667    2
52874 102.23   36.29   1979    2
52875 102.06   36.30   2125    2
52876 102.51   36.19   1813    2
52877 102.16   36.06   2834    2
52881 103.08   36.59   2419    2
52884 103.56   36.21   1668    2
52885 103.15   36.45   2118    2
52889 103.53   36.03   1517    2
52895 104.41   36.34   1398    2
52896 104.11   36.33   1710    2
52943  99.59   35.35   3323    2
52955 100.45   35.35   3200    2
52957 100.39   35.16   3289    2
52963 102.02   35.56   2084    2
52968 101.28   35.02   3662    2
52972 102.33   35.50   1870    2
52974 102.01   35.31   2491    2
52978 102.31   35.12   2929    2
52980 103.18   35.58   1648    2
52981 103.24   35.40   2428    2
52982 103.34   35.29   1953    2
52983 104.09   35.52   1874    2
52984 103.11   35.35   1917    2
52985 103.20   35.25   2162    2
52986 103.51   35.21   1893    2
52988 103.43   35.22   2000    2
52993 105.04   35.41   1739    2
52995 104.37   35.35   1897    2
52998 104.12   35.08   2111    2
53068 111.58   43.39    965    4
53083 114.09   44.37   1182    4
53149 110.08   42.32   1226    4
53192 114.57   44.01   1127    4
53195 113.38   43.52   1038    4
53231 106.24   41.24   1510    4
53272 112.39   42.45   1103    4
53276 112.54   42.24   1151    4
53289 113.50   42.14   1322    4
53324 106.59   41.27   1577    2
53336 108.31   41.34   1289    4
53337 108.16   41.06   1024    2
53343 109.58   41.46   1613    4
53348 109.08   41.01   1080    2
53352 110.26   41.42   1375    4
53357 110.03   42.02   1361    4
53362 111.41   41.32   1490    4
53367 111.14   41.19   1603    4
53368 111.27   41.06   1597    2
53378 112.37   41.16   1748    4
53384 113.11   41.27   1424    4
53385 113.33   41.34   1386    4
53391 114.00   41.54   1484    4
53392 114.36   41.51   1422    4
53397 113.59   41.06   1376    4
53399 114.42   41.09   1393    4
53419 107.00   40.20   1056    2
53420 107.08   40.54   1057    2
53433 108.39   40.44   1022    2
53446 109.51   40.40   1069    2
53455 110.32   40.33   1000    2
53457 110.02   40.24   1012    2
53463 111.41   40.49   1065    4
53464 111.09   40.41   1022    2
53466 111.42   40.48   1053    2
53467 111.11   40.16   1017    2
53469 111.49   40.24   1153    2
53472 112.34   40.52   1453    4
53475 112.31   40.31   1258    4
53478 112.27   40.00   1347    4
53480 113.04   41.02   1421    4
53481 113.13   40.48   1317    4
53483 113.52   40.53   1253    4
53484 113.09   40.27   1192    2
53486 113.46   40.22   1050    2
53487 113.20   40.06   1069    2
53488 113.35   40.02   1035    2
53490 114.03   40.26   1016    2
53491 114.24   40.41    801    2
53492 114.09   40.06    937    2
53498 115.02   41.34    629    2
53499 114.44   40.46    755    2
53502 105.45   39.47   1033    2
53505 105.24   37.53   1382    2
53512 106.48   39.48   1092    2
53513 107.25   40.45   1040    2
53518 106.21   39.02   1117    2
53519 106.46   39.13   1092    2
53522 107.50   40.03   1184    2
53529 107.59   39.06   1381    2
53533 108.43   39.51   1389    4
53543 109.59   39.50   1460    4
53545 109.44   39.34   1330    2
53547 109.02   39.06   1312    2
53553 110.52   39.40   1040    4
53562 111.40   39.55   1190    2
53564 111.09   39.23    862    2
53565 111.30   39.26   1050    2
53567 111.05   39.02    981    2
53573 112.42   40.00   1337    2
53574 112.16   39.31   1408    4
53575 112.12   39.06   1526    2
53576 112.49   39.30   1046    2
53577 112.18   39.00   1438    2
53578 112.26   39.22   1092    2
53579 112.54   39.01    861    2
53580 113.06   39.49   1045    2
53582 113.41   39.43   1094    2
53584 113.10   39.34   1001    2
53585 113.16   39.10    934    2
53588 113.31   38.57   2209    3
53590 114.16   39.45    979    2
53593 114.34   39.50    909    2
53594 114.11   39.27    940    2
53596 115.09   38.50     51    2
53599 114.41   39.22    884    2
53602 105.40   38.50   1562    2
53610 106.19   38.30   1106    2
53611 106.23   38.54   1099    2
53612 106.11   37.59   1128    2
53614 106.12   38.28   1110    2
53615 106.43   38.48   1101    2
53617 106.04   38.00   1127    2
53618 106.15   38.17   1113    2
53619 106.19   38.07   1115    2
53644 108.50   38.36   1309    2
53646 109.47   38.16   1157    2
53651 110.26   38.49    941    2
53658 110.29   38.02    894    2
53659 111.00   37.58   1164    2
53660 111.05   39.01    893    2
53662 111.35   38.43   1393    2
53663 111.49   38.55   1402    2
53664 111.08   38.28   1013    2
53665 111.39   38.17   1183    2
53666 111.56   38.21   1213    2
53669 111.48   38.05   1171    2
53673 112.43   38.44    827    2
53674 112.42   38.25    799    2
53676 112.59   38.30    760    2
53677 112.29   37.56    807    2
53678 112.40   38.04    903    2
53679 112.33   37.44    776    2
53680 114.23   38.18    108    2
53681 113.22   38.50   1097    2
53682 114.41   38.38    104    2
53685 113.25   38.04    953    2
53687 113.38   37.47    752    2
53688 114.33   38.27     96    2
53689 115.04   38.01     42    2
53690 114.11   38.51    281    2
53691 114.34   38.09     71    2
53692 114.59   38.44     66    2
53693 114.08   38.02    255    2
53694 114.13   38.16    131    2
53695 114.41   38.21     70    2
53696 115.00   38.31     54    2
53697 114.50   38.02     53    2
53698 114.25   38.02     81    2
53699 114.57   38.11     45    2
53704 105.11   37.32   1225    2
53705 105.41   37.29   1183    2
53723 107.29   37.48   1349    2
53725 107.35   37.35   1360    2
53730 107.29   38.11   1335    2
53732 108.43   37.51   1210    2
53735 108.48   37.37   1336    2
53738 108.10   36.55   1331    2
53740 109.14   37.56   1111    2
53748 109.42   37.11   1063    2
53750 110.10   37.46    931    2
53751 110.03   37.36    894    2
53753 110.53   37.26    861    2
53754 110.13   37.30    929    2
53756 110.43   37.31    744    2
53757 110.07   37.07    938    2
53759 110.50   36.59   1106    2
53760 111.14   37.53   1212    2
53763 112.10   37.55   1008    2
53764 111.06   37.30    951    2
53767 111.10   37.20   1212    2
53768 111.45   37.09    774    2
53769 111.47   37.15    749    2
53770 112.21   37.21    769    2
53771 112.03   37.27    761    2
53772 112.33   37.47    779    2
53773 114.37   36.20     64    2
53774 112.20   37.37    774    2
53775 112.32   37.26    782    2
53776 112.46   37.41    831    2
53777 112.09   37.32    760    2
53778 112.13   37.11    780    2
53780 113.09   37.54   1066    2
53781 114.28   36.52     67    2
53782 113.33   37.51    743    2
53783 113.42   37.36    880    2
53784 114.47   37.45     38    2
53785 114.40   37.31     35    2
53786 113.22   37.05   1134    2
53787 112.59   37.04   1042    2
53788 113.34   37.20   1267    2
53789 114.38   37.53     52    2
53790 114.37   37.36     48    2
53791 114.31   37.46     66    2
53792 114.29   37.27    113    2
53794 114.45   37.21     33    2
53795 114.22   37.39    137    2
53796 114.53   37.37     30    2
53797 114.31   37.17     73    2
53798 114.30   37.04     77    2
53799 115.02   37.13     29    2
53806 105.39   36.34   1854    2
53810 105.54   36.58   1339    2
53817 106.16   36.00   1753    2
53821 107.18   36.35   1255    2
53829 107.54   35.59   1093    2
53832 108.46   36.46   1218    2
53841 109.19   36.53   1068    2
53845 109.30   36.36    958    2
53848 109.21   36.16   1005    2
53850 110.11   36.53    804    2
53852 110.38   36.46    917    2
53853 110.57   36.42   1054    2
53854 110.04   36.35    804    2
53856 110.45   36.28    756    2
53857 110.11   36.04    840    2
53859 110.40   36.06    852    2
53860 111.10   36.59   1407    2
53861 111.25   35.53    425    2
53862 111.46   36.50    809    2
53863 111.55   37.02    746    2
53864 111.06   36.24   1030    2
53865 111.33   36.39   1012    2
53866 111.40   36.14    464    2
53868 111.30   36.04    451    2
53869 111.42   36.35    550    2
53871 112.51   36.50    965    2
53872 112.41   36.46    962    2
53873 112.52   36.07    951    2
53874 111.54   36.15    650    2
53875 112.21   36.31   1001    2
53877 112.15   36.10    862    2
53878 113.23   36.31    769    2
53879 112.53   36.19    953    2
53880 113.14   36.20    948    2
53882 113.04   36.03    991    2
53883 114.42   37.08     36    2
53884 113.02   36.31    879    2
53885 113.12   36.08   1031    2
53886 113.40   36.34    470    2
53888 113.26   36.12   1088    2
53889 113.49   36.04    306    2
53890 114.09   36.41    233    2
53891 114.41   37.01     43    2
53892 114.28   36.37     66    2
53893 114.57   36.46     39    2
53894 114.13   36.25    126    2
53895 114.30   36.46     59    2
53896 114.57   36.21     50    2
53897 114.23   36.23     69    2
53898 114.24   36.03     62    2
53899 114.58   36.29     48    2
53903 105.43   35.58   1916    2
53906 105.43   35.31   1658    2
53908 105.14   35.13   1768    2
53913 106.38   35.51   1481    2
53914 106.07   35.37   2078    2
53915 106.40   35.33   1346    2
53916 106.19   35.30   1948    2
53917 106.03   35.13   1614    2
53923 107.38   35.44   1421    2
53924 107.37   35.04    966    2
53925 107.11   35.41   1172    2
53926 107.21   35.20   1028    2
53927 106.37   35.12   1477    2
53928 107.01   35.18   1149    2
53929 107.48   35.12   1206    2
53930 107.59   36.27   1271    2
53931 109.23   36.00    920    2
53934 108.01   35.49   1298    2
53935 108.21   35.30   1442    2
53937 107.55   35.31    979    2
53938 108.18   35.10   1277    2
53941 109.35   35.11    804    2
53942 109.30   35.49   1159    2
53944 109.15   35.34    863    2
53945 109.04   35.26   1395    2
53946 109.49   35.36   1091    2
53947 109.04   35.05    978    2
53948 109.35   34.57    499    2
53949 109.55   35.11    679    2
53950 110.09   35.14    708    2
53953 110.51   35.58    966    2
53954 110.57   35.35    390    2
53955 110.27   35.28    458    2
53956 110.50   35.24    589    2
53957 110.43   35.37    459    2
53958 110.47   35.08    389    2
53959 111.03   35.03    365    2
53961 111.29   35.39    473    2
53962 111.42   35.44    585    2
53963 111.22   35.39    435    2
53964 111.13   35.37    431    2
53965 111.34   35.31    761    2
53966 111.50   35.59    818    2
53967 111.12   35.20    469    2
53968 111.40   35.17    506    2
53970 112.12   35.42    887    2
53972 112.55   35.07    119    2
53973 112.57   35.46    836    2
53974 114.04   31.48     72    2
53975 112.24   35.29    658    2
53976 112.55   35.30    751    2
53978 112.38   35.05    140    2
53979 113.05   35.09    120    2
53980 114.48   36.33     50    2
53981 113.16   35.47   1311    2
53982 113.16   35.14    112    2
53983 114.25   35.02     69    2
53984 113.28   35.14     82    2
53985 113.49   35.27     96    2
53986 113.53   35.19     73    2
53987 113.25   35.06     91    2
53988 113.40   35.16     77    2
53989 113.57   35.03     76    2
53990 114.11   35.37     72    2
53991 114.21   35.56     74    2
53992 114.31   35.39     58    2
53993 114.55   35.56     51    2
53994 114.04   35.23     70    2
53995 114.30   35.33     62    2
53996 114.39   36.27     57    2
53997 114.11   35.09     71    2
53998 114.39   35.12     61    2
54012 117.36   44.35    996    4
54024 119.18   44.27    710    4
54026 120.54   44.34    265    4
54027 119.24   43.59    485    4
54031 121.49   44.53    204    4
54039 122.11   44.02    182    4
54041 123.04   44.47    150    3
54047 123.18   44.08    146    4
54049 123.58   44.15    190    3
54063 126.00   44.58    197    3
54064 125.09   44.23    171    3
54065 125.40   44.32    185    3
54069 125.48   44.10    175    3
54072 126.31   44.51    203    3
54076 126.56   44.25    258    4
54080 127.09   44.54    194    4
54092 129.24   44.36    292    5
54093 130.33   44.56    266    5
54094 129.36   44.34    241    5
54096 131.10   44.23    567    5
54098 129.28   44.20    267    5
54099 131.08   44.05    148    5
54102 116.07   43.57    990    4
54113 118.39   43.32    623    4
54115 118.04   43.36    800    4
54117 117.32   43.15   1004    4
54122 120.03   43.53    374    4
54132 121.04   42.24    400    4
54134 121.17   43.36    242    4
54135 122.16   43.36    180    4
54142 123.32   43.30    116    4
54154 124.18   43.21    163    4
54156 124.48   43.31    200    4
54157 124.20   43.10    167    4
54161 125.13   43.54    238    3
54164 125.17   43.21    249    4
54165 125.38   43.33    220    3
54171 126.31   43.42    232    4
54172 126.36   43.47    199    4
54181 127.20   43.42    294    4
54186 128.12   43.22    525    4
54187 128.55   43.07    369    4
54195 129.47   43.18    244    4
54204 115.00   42.18   1347    4
54205 115.59   42.15   1301    4
54208 116.28   42.11   1247    4
54213 119.01   42.57    633    4
54214 118.25   42.35    960    4
54218 118.56   42.16    569    4
54223 120.39   42.44    364    4
54225 119.55   42.17    588    4
54226 120.42   42.20    401    4
54231 122.21   42.58    249    4
54234 121.47   42.51    287    4
54236 122.32   42.25     84    4
54237 121.39   42.02    172    4
54243 124.07   42.47    165    3
54244 123.20   42.45    119    4
54245 123.24   42.30     99    4
54249 123.52   42.18     79    3
54252 124.45   42.44    201    3
54254 124.03   42.32     99    3
54259 124.55   42.06    235    3
54260 125.05   42.55    254    3
54261 125.27   42.41    343    3
54263 126.03   42.58    339    4
54266 125.38   42.32    341    3
54267 125.44   42.15    363    3
54273 126.45   42.59    264    4
54274 126.04   42.41    300    3
54276 126.49   42.21    550    3
54284 127.34   42.06    775    4
54285 128.07   42.25    722    4
54286 129.00   42.32    475    4
54290 129.24   42.46    245    4
54291 130.17   42.54     37    4
54292 129.30   42.52    256    4
54293 129.50   42.57    141    4
54301 115.40   41.40   1412    4
54304 115.17   40.58   1248    4
54305 115.16   41.53   1468    4
54308 116.38   41.13    661    4
54311 117.45   41.56    842    4
54313 118.42   41.56    737    4
54316 118.45   41.31    680    4
54318 117.44   41.19    561    2
54319 118.40   41.00    502    2
54320 119.21   41.36    551    4
54323 120.47   41.49    253    4
54324 120.26   41.33    176    4
54326 119.42   41.23    425    4
54327 119.21   41.14    421    4
54328 119.43   41.05    300    4
54330 121.22   41.10     61    4
54331 121.46   41.35     83    4
54332 122.43   41.31     13    4
54333 122.51   41.58     32    4
54334 121.14   41.31     69    4
54335 122.05   41.41     41    4
54336 122.25   41.25     13    4
54337 121.07   41.08     70    4
54338 121.57   41.17      4    4
54339 123.00   41.05     78    4
54342 123.31   41.44     49    4
54345 123.04   41.12     29    2
54346 123.47   41.19    186    4
54347 123.10   41.14     25    2
54348 123.20   41.25     36    2
54349 124.07   41.18    214    4
54351 124.05   41.55    128    3
54353 125.03   41.44    331    3
54362 125.44   41.40    385    3
54363 125.54   41.41    404    3
54365 125.21   41.17    246    4
54371 126.26   41.56    521    3
54374 126.55   41.48    333    3
54377 126.09   41.06    178    3
54386 128.11   41.25    777    3
54398 116.37   40.08     28    2
54401 114.53   40.47    724    2
54404 115.50   40.53    867    4
54405 115.30   40.25    569    2
54406 115.58   40.27    487    2
54408 115.13   40.23    529    2
54416 116.52   40.23     71    2
54419 116.38   40.22     75    2
54420 117.20   40.56    529    2
54423 117.57   40.59    385    2
54424 117.07   40.10     32    2
54425 117.29   40.25    583    2
54428 117.24   40.02     15    2
54429 117.57   40.12     54    2
54430 118.09   40.46    269    2
54431 116.38   39.55     43    2
54432 118.29   40.36    304    2
54434 118.18   40.10    103    2
54436 118.57   40.24    227    4
54437 118.39   39.30     17    2
54438 118.52   39.53     55    4
54439 118.43   40.01     50    2
54449 119.31   39.51      2    4
54452 119.49   40.48    367    4
54453 120.53   40.47     43    4
54454 120.18   40.20     29    4
54455 120.42   40.35     11    4
54470 122.04   41.00      6    4
54471 122.10   40.39      4    4
54472 122.43   40.53     26    4
54474 122.21   40.25     27    4
54475 122.29   40.37     15    4
54486 123.17   40.17     81    4
54493 124.47   40.43    261    3
54494 124.04   40.28     74    2
54497 124.20   40.03     13    2
54499 116.13   40.13     76    2
54502 116.02   39.29     29    2
54503 115.51   39.03     14    2
54505 116.07   39.55     92    2
54506 115.53   39.19     28    2
54507 115.30   39.21     55    2
54510 116.59   39.54     16    2
54511 116.28   39.48     31    2
54512 116.17   39.26     22    2
54515 116.42   39.30     13    2
54517 117.12   39.04      2    2
54518 116.23   39.07      9    2
54519 116.29   39.18     11    2
54520 117.05   39.58     18    2
54521 116.59   39.46     13    2
54522 117.44   39.53     14    2
54523 117.01   39.23      4    2
54525 117.17   39.44      5    2
54526 117.20   39.05      1    2
54527 117.04   39.05      2    2
54528 117.08   39.14      3    2
54529 117.49   39.21      3    2
54530 117.46   39.14      1    9
54531 118.43   39.44     43    2
54532 118.06   39.48     33    2
54533 118.07   39.33      4    2
54534 118.09   39.40     27    2
54535 118.27   39.17      4    2
54538 118.27   39.06      2    4
54539 118.53   39.26     10    2
54540 119.10   39.43     13    4
54541 119.14   39.54     24    4
54563 122.01   39.38    119    4
54568 121.42   39.05     40    4
54569 121.58   39.24     35    4
54579 122.35   39.16     33    4
54584 122.57   39.43     39    4
54590 124.10   39.53      5    2
54594 116.21   39.43     37    2
54596 116.08   39.41     39    2
54601 115.39   39.01     16    2
54602 115.31   38.51     17    2
54603 115.46   38.43     10    2
54604 115.20   38.25     29    2
54605 115.56   38.56      4    2
54606 115.44   38.14     19    2
54607 115.07   38.43     45    2
54608 115.33   38.00     26    2
54609 115.30   38.14     26    2
54610 116.06   38.44      8    2
54611 115.19   38.56     44    2
54612 116.27   38.52      6    2
54613 116.37   38.42      6    2
54614 116.05   38.27     11    2
54615 116.50   38.35      7    2
54616 116.51   38.21      8    2
54617 116.07   38.11     13    2
54618 116.33   38.05     13    2
54619 116.55   38.55      5    2
54620 115.34   38.29     18    2
54621 115.11   38.11     38    2
54622 117.22   38.59      3    2
54623 117.43   39.03      4    2
54624 117.21   38.22      6    2
54626 115.49   38.25     13    2
54627 117.14   38.02      8    2
54628 117.29   38.09      6    2
54631 115.09   37.04     31    2
54632 115.02   37.04     34    2
54633 115.14   37.31     26    2
54636 116.06   39.01     11    2
54640 114.52   36.55     36    2
54644 117.07   38.03     10    2
54645 117.28   38.51      2    9
54660 121.14   38.49     65    4
54662 121.38   38.54     92    4
54700 115.59   38.02     17    2
54701 115.12   37.56     35    2
54702 115.44   37.42     20    2
54703 115.53   37.48     21    2
54704 115.34   37.33     22    2
54705 115.23   37.22     27    2
54706 115.40   37.05     31    2
54707 115.59   37.21     27    2
54708 115.44   37.30     23    2
54709 116.04   37.13     25    2
54710 116.10   37.52     18    2
54711 116.17   37.42     18    2
54712 116.49   37.12     18    2
54713 116.32   37.53     14    2
54714 116.21   37.27     23    2
54715 116.34   37.20     18    2
54716 116.48   37.39     16    2
54717 116.24   37.38     16    2
54718 116.26   37.09     21    2
54719 116.41   38.02     12    2
54722 117.37   37.45      6    2
54723 117.34   37.39     10    2
54724 117.08   37.19     15    2
54725 117.32   37.29     11    2
54726 117.11   37.43     11    2
54727 117.33   36.41    121    2
54728 117.23   37.46      8    2
54729 117.51   37.11     14    2
54730 118.08   37.41      6    2
54731 118.13   37.29     11    2
54732 118.31   37.52      5    2
54734 118.01   37.22     12    2
54736 118.40   37.26      6    2
54737 118.09   37.09      9    2
54738 118.21   37.03     15    2
54744 118.32   37.36      8    2
54749 119.56   37.11     48    2
54751 120.43   37.56     39    4
54752 120.46   37.48     48    2
54753 120.19   37.37      4    2
54755 120.23   37.21    112    2
54759 120.49   37.18    171    2
54764 121.15   37.30     32    2
54765 121.26   37.29     82    2
54766 121.25   37.23     10    2
54774 122.08   37.28     65    2
54776 122.41   37.24     47    5
54777 122.04   37.13     56    2
54778 122.29   37.10     61    4
54800 115.15   36.59     33    2
54801 115.29   36.51     34    2
54802 115.42   36.49     34    2
54803 116.01   36.59     27    2
54804 115.08   36.18     44    2
54805 115.27   36.29     40    2
54806 115.58   36.25     33    2
54807 115.48   36.08     41    2
54808 115.40   36.14     37    2
54809 115.17   36.33     41    2
54810 116.16   36.52     27    2
54811 116.38   36.56     20    2
54812 116.45   36.47     22    2
54814 116.13   36.35     31    2
54815 116.16   36.23     31    2
54816 116.48   36.35     45    2
54817 115.52   35.59     42    2
54818 116.26   36.17     39    2
54819 116.48   36.11    113    2
54820 115.10   36.49     36    2
54821 117.12   37.00     20    2
54822 117.44   36.52     47    2
54823 117.00   36.36    170    2
54824 117.57   36.38     95    2
54825 117.50   36.31    189    2
54827 117.09   36.10    128    2
54828 117.41   36.14    229    2
54829 117.52   36.46     85    2
54830 118.00   36.50     34    2
54831 118.28   36.42    111    2
54832 118.43   36.53     30    2
54833 118.05   36.59     15    2
54834 118.17   36.51     46    2
54835 118.33   36.30    110    2
54836 118.09   36.11    305    2
54837 118.50   36.42     73    2
54841 119.24   36.52      8    2
54842 119.56   36.46     48    2
54843 119.11   36.45     19    2
54844 119.10   36.25     64    2
54846 119.43   36.23     37    2
54848 119.25   35.59     95    2
54849 120.00   36.16     12    2
54851 120.33   36.54     76    2
54852 120.44   36.58     54    2
54853 120.25   36.10     46    2
54855 120.28   36.23     26    2
54857 120.20   36.04     76    4
54861 121.32   36.56     45    2
54863 121.11   36.46     40    4
54871 122.26   36.55      4    4
54900 115.01   35.42     53    2
54901 115.10   36.05     47    2
54902 115.07   35.54     49    2
54903 115.29   35.51     45    2
54904 115.31   35.35     50    2
54905 115.55   35.36     46    2
54906 115.26   35.15     49    2
54907 116.39   34.59     34    2
54908 115.06   35.16     58    2
54909 115.33   35.06     50    2
54910 116.05   35.48     40    2
54911 116.27   35.56     46    2
54912 116.29   35.43     42    2
54913 116.49   35.45     62    2
54914 116.06   35.25     40    2
54915 116.36   35.27     41    2
54916 116.51   35.34     51    2
54917 116.19   35.07     36    2
54918 116.59   35.36     62    2
54919 116.59   35.25    107    2
54920 117.18   35.39    110    2
54921 116.26   35.28     38    2
54922 117.47   35.53    224    2
54923 117.55   35.43    202    2
54925 117.37   35.30    167    2
54927 117.11   35.06     74    2
54929 117.57   35.15    120    2
54932 118.40   35.48    160    2
54935 118.28   35.32    118    2
54936 118.50   35.35    107    2
54938 118.21   35.03     86    2
54939 118.50   35.15    113    2
54940 119.12   35.45    148    2
54943 120.00   35.53     10    2
54945 119.32   35.26     36    2
55228  80.05   32.30   4279    3
55248  84.25   32.09   4416    2
55279  90.01   31.22   4701    2
55294  91.06   32.21   4801    3
55299  92.04   31.29   4508    2
55437  81.15   30.17   3901    2
55472  88.38   30.57   4673    2
55493  91.06   30.29   4201    2
55569  87.38   29.05   4001    2
55572  89.06   29.41   4001    2
55578  88.53   29.15   3837    2
55585  90.10   29.26   3810    2
55591  91.08   29.40   3650    2
55598  91.46   29.15   3553    2
55655  85.58   28.11   3811    2
55664  87.05   28.38   4301    2
55680  89.36   28.55   4041    2
55681  90.24   28.58   4433    2
55690  91.57   27.59   4281    2
55696  92.28   28.25   3861    2
55773  89.05   27.44   4301    2
56016  95.36   33.51   4179    2
56018  95.18   32.54   4066    2
56021  95.47   34.08   4175    2
56029  97.01   33.01   3681    2
56033  98.13   34.55   4272    4
56034  97.08   33.48   4415    3
56038  98.06   32.59   4201    2
56043 100.15   34.28   3719    4
56045  99.54   33.58   4050    4
56046  99.39   33.45   3967    4
56065 101.36   34.44   3500    2
56067 101.29   33.26   3628    2
56071 102.30   34.35   3105    2
56074 102.05   34.00   3471    2
56079 102.58   33.35   3441    2
56080 102.54   35.00   2910    2
56081 103.21   34.42   2810    2
56082 103.30   34.35   2540    2
56084 103.13   34.04   2374    2
56091 104.27   35.51   1884    2
56092 104.39   35.00   1728    2
56093 104.01   34.26   2315    2
56094 104.22   33.47   1400    2
56095 104.23   34.02   1753    2
56096 104.55   33.24   1079    2
56097 104.14   33.16   1407    2
56106  93.47   31.53   4023    2
56116  95.36   31.25   3874    2
56125  96.29   32.12   3643    2
56137  97.10   31.09   3307    2
56144  98.34   31.44   3199    2
56146 100.00   31.40   3394    2
56147  98.50   31.13   3261    2
56151 100.45   32.56   3630    2
56152 100.20   32.17   3895    4
56158 100.40   31.24   3250    2
56164 100.59   32.16   3286    2
56167 101.07   30.59   2958    2
56168 102.04   31.29   2170    2
56171 101.42   32.54   3276    2
56172 102.14   31.54   2665    2
56173 102.33   32.48   3492    2
56178 102.21   31.00   2368    2
56180 103.51   31.41   1591    2
56181 103.40   30.38    534    2
56182 103.34   32.39   2852    2
56183 103.35   31.28   1326    2
56184 103.10   31.26   1885    2
56185 102.59   32.05   2400    2
56186 104.12   31.20    589    2
56187 103.50   30.42    540    2
56188 103.40   30.59    707    2
56189 103.56   30.59    583    2
56190 104.25   31.39    599    2
56191 104.30   31.19    501    2
56192 104.40   32.57   1014    2
56193 104.31   32.25    877    2
56194 104.28   31.50    638    2
56195 104.44   31.47    531    2
56196 104.41   31.28    472    2
56197 104.11   31.08    534    2
56198 104.23   31.09    500    2
56199 104.41   31.02    425    2
56202  93.17   30.40   4489    2
56223  95.50   30.45   3640    2
56227  95.46   29.52   2737    2
56247  99.01   30.00   2589    2
56251 100.19   30.56   2999    2
56257 100.16   30.00   3950    2
56263 101.53   30.53   1948    2
56267 101.01   30.02   2598    2
56272 103.50   30.49    560    2
56273 102.49   30.23   1011    2
56276 103.48   30.26    461    2
56278 102.46   30.04    756    2
56279 102.56   30.09    684    2
56280 103.07   30.05    692    2
56281 103.31   30.12    505    2
56284 103.29   30.25    502    2
56285 103.31   30.36    525    2
56286 104.15   30.33    514    2
56287 103.00   29.59    629    2
56288 103.55   30.35    495    2
56289 103.52   30.12    436    2
56290 104.09   30.50    496    2
56291 104.17   30.58    474    2
56294 104.01   30.40    507    2
56295 104.33   30.23    448    2
56296 104.26   30.51    449    2
56297 104.09   30.01    437    2
56298 104.39   30.01    358    2
56307  92.35   29.09   3260    2
56312  94.28   29.34   3001    2
56317  94.13   29.13   2952    2
56331  97.50   29.40   3781    2
56342  98.36   29.41   3871    2
56357 100.18   29.03   3728    2
56371 102.14   29.55   1322    2
56373 102.51   29.47    763    2
56374 101.58   30.03   2615    2
56376 102.41   29.21    798    2
56378 102.21   29.14    875    2
56380 103.22   29.55    463    2
56381 103.31   30.01    497    2
56382 103.36   29.44    408    2
56383 103.50   29.50    394    2
56384 103.29   29.36    447    2
56385 103.20   29.31   3048    2
56386 103.45   29.34    422    2
56387 103.16   29.14    639    2
56389 103.57   29.12    388    2
56390 104.04   29.40    419    2
56391 103.49   30.03    411    2
56393 104.51   29.46    366    2
56394 104.26   29.27    382    2
56395 104.40   29.31    352    2
56396 104.46   29.21    357    2
56399 104.59   29.11    301    2
56434  97.28   28.39   2331    2
56441  99.17   28.43   2424    2
56443  99.48   28.56   2841    2
56444  98.55   28.29   3319    2
56459 101.16   27.56   2427    2
56462 101.30   29.00   2993    2
56473 102.46   28.57   1061    2
56474 102.10   28.33   1777    2
56475 102.31   28.39   1660    2
56478 102.26   28.18   1850    2
56479 102.51   28.00   2133    2
56480 103.33   28.50    542    2
56483 103.57   28.36    413    2
56485 103.35   28.16   1253    2
56487 103.08   28.20   2082    2
56489 103.38   28.14    877    2
56490 103.54   28.57    397    2
56491 104.32   28.41    286    2
56492 104.36   28.48    341    2
56493 104.58   28.51    294    2
56494 104.09   28.39    100    2
56496 105.14   28.19    353    2
56497 104.14   28.06    448    2
56498 104.31   28.10    456    2
56499 104.47   28.23    368    2
56533  98.40   27.45   1583    2
56543  99.42   27.50   3276    2
56548  99.17   27.10   2326    2
56565 101.31   27.26   2545    2
56567 100.51   27.18   2240    2
56569 102.11   27.25   1383    2
56571 102.16   27.54   1592    2
56575 102.33   27.22   1433    2
56578 102.45   27.04   2461    2
56580 102.48   27.43   2460    2
56582 103.54   27.45   1176    2
56584 103.15   27.42   1452    2
56585 103.32   27.11   1916    2
56586 103.43   27.21   1949    2
56592 104.34   28.26    358    2
56593 104.55   28.35    275    2
56594 104.03   27.38    880    2
56595 104.52   27.26   1668    2
56596 105.03   27.51   1177    2
56598 104.44   27.08   1535    2
56641  98.52   26.54   1189    2
56643  98.51   25.52    949    2
56645  99.25   26.25   2344    2
56646  99.55   26.32   2991    2
56649  99.58   26.07   2071    2
56651 100.13   26.52   2392    2
56652 100.45   26.41   2130    2
56654 100.11   26.35   2195    2
56664 101.16   26.38   1230    2
56665 101.32   26.55   1160    2
56666 101.43   26.35   1191    2
56669 101.40   26.03   1531    2
56670 102.07   26.54   1105    2
56671 102.15   26.39   1788    2
56673 102.55   26.55    840    2
56674 101.44   26.27   1111    2
56675 102.35   26.39   1700    2
56684 103.17   26.25   2110    2
56688 103.10   26.06   1254    2
56691 104.17   26.52   2237    2
56693 104.51   26.35   1814    2
56697 104.05   26.13   1984    2
56739  98.30   25.01   1654    2
56742  99.22   25.54   1658    2
56745  99.57   25.41   1626    2
56746  99.31   25.28   1617    2
56748  99.11   25.07   1652    2
56751 100.11   25.42   1990    2
56752 100.34   25.50   1438    2
56755 100.29   25.21   1668    2
56756 100.35   25.29   1992    2
56757 100.17   25.16   1741    2
56761 101.19   25.43   1878    2
56763 101.52   25.44   1120    3
56764 101.14   25.32   1873    2
56766 101.31   25.20   1868    2
56767 101.17   25.11   1857    2
56768 101.33   25.02   1824    2
56772 102.30   25.14   1692    2
56774 102.25   25.32   1710    2
56775 102.27   25.33   1750    2
56777 102.04   25.09   1566    2
56778 102.41   25.01   1892    2
56781 103.16   25.33   1873    2
56782 103.33   25.25   2067    2
56785 103.02   25.20   1919    2
56786 103.50   25.35   1898    2
56788 103.40   25.02   1840    2
56790 104.15   25.40   1814    2
56792 104.58   25.47   1649    2
56793 104.28   25.44   1800    2
56835  97.49   24.04    959    2
56836  97.57   24.42    826    2
56838  97.51   24.01    776    2
56839  98.58   24.04   1008    2
56840  98.18   24.49   1012    2
56841  98.41   24.36   1527    2
56842  99.11   24.44   1471    2
56843  99.37   24.50   1650    2
56844  98.35   24.26    913    2
56846  99.56   24.35   1569    2
56849  99.24   24.02   1606    2
56851 100.32   25.03   1403    2
56854 100.08   24.27   1108    2
56856 100.52   24.28   1162    2
56862 101.36   24.41   1968    2
56863 102.29   24.56   1848    2
56867 101.07   23.59   1085    2
56869 101.58   24.04   1497    2
56870 102.10   24.40   1575    2
56871 102.36   24.39   1893    2
56872 102.37   24.57   2358    2
56873 102.54   24.40   1746    2
56875 102.33   24.20   1716    2
56876 102.46   24.17   1731    2
56878 102.45   24.07   1806    2
56879 102.55   24.12   1608    2
56880 103.10   24.55   1532    2
56881 103.16   24.44   1679    2
56882 102.48   24.53   1906    2
56883 103.59   24.50   1844    2
56885 103.27   24.24   1415    2
56886 103.46   24.32   1704    2
56889 104.10   24.03   1518    2
56891 104.19   24.59   1482    2
56898 102.24   24.11   1538    2
56944  99.16   23.09   1278    2
56946  99.24   23.33   1104    2
56948  99.36   22.38   1155    2
56949  99.36   22.19    945    2
56950  99.48   23.28   1044    2
56951 100.05   23.53   1502    2
56952 100.42   23.30    913    3
56954  99.56   22.34   1054    2
56958 100.25   21.55   1176    2
56959 100.47   22.00    582    3
56961 101.03   23.02   1020    2
56962 101.41   23.26   1304    2
56964 100.58   22.47   1302    2
56966 101.59   23.36    400    2
56969 101.34   21.29    631    3
56970 102.29   23.42   1419    2
56973 102.50   23.37   1308    2
56975 102.26   23.22    974    2
56976 102.50   23.14    232    2
56977 101.51   22.35   1120    2
56978 102.25   23.00   1642    2
56982 103.15   23.42   1051    2
56984 103.09   23.23   1714    2
56985 103.23   23.23   1300    2
56986 103.41   22.59   1414    2
56987 103.14   22.47   1260    2
56989 103.57   22.30    137    2
56991 104.20   23.37   1561    2
56992 104.42   23.27   1507    2
56994 104.15   23.23   1271    2
56995 104.25   23.02   1332    2
56996 104.42   23.08   1093    2
57001 105.20   34.45   1271    2
57002 105.39   34.51   1216    2
57003 106.50   34.54    924    2
57004 104.53   34.44   1495    2
57006 105.45   34.35   1141    2
57007 105.11   34.11   1404    2
57008 105.18   34.02   1576    2
57011 106.09   34.45   1378    2
57012 106.12   34.59   1664    2
57014 105.52   34.34   1085    2
57016 107.08   34.21    612    2
57020 107.24   34.22    563    2
57021 107.08   34.39    751    2
57022 107.47   34.41   1026    2
57023 108.06   35.02    840    2
57024 107.39   34.27    669    2
57025 107.23   34.31    781    2
57026 107.53   34.22    585    2
57027 107.44   34.16    517    2
57028 107.19   34.02   1543    2
57029 108.29   34.30    543    2
57030 108.09   34.42    994    2
57031 108.33   34.49   1012    2
57032 108.12   34.06    433    2
57033 108.49   34.33    428    2
57034 108.13   34.15    447    2
57035 108.14   34.33    636    2
57036 108.56   34.18    397    2
57037 108.59   34.56    710    2
57038 108.27   34.17    410    2
57039 108.55   34.09    433    2
57040 109.05   34.31    377    2
57041 108.55   34.38    424    2
57042 109.11   34.47    470    2
57043 109.58   34.48    351    2
57044 109.14   34.24    424    2
57045 109.29   34.31    349    2
57047 109.19   34.10    540    2
57048 108.43   34.24    472    2
57049 109.44   34.31    341    2
57051 111.20   35.20    409    2
57052 110.27   34.53    355    2
57053 110.43   34.42    507    2
57054 110.14   34.33    556    2
57055 110.05   34.33    351    2
57056 111.30   34.52    390    2
57057 110.09   34.06    963    2
57060 111.14   35.10    404    2
57061 111.12   34.50    411    2
57063 111.46   34.46    523    2
57065 112.11   34.30    194    2
57066 111.40   34.23    328    2
57067 111.02   34.00    568    2
57070 112.07   34.44    364    2
57071 112.26   34.49    333    2
57072 112.45   34.55    127    2
57073 112.25   34.40    154    2
57074 112.25   34.25    197    2
57075 112.52   34.10    203    2
57076 112.49   34.43    115    2
57077 111.36   33.47    750    2
57078 112.28   34.09    336    2
57079 113.02   34.57    106    2
57080 112.58   34.44    165    2
57081 113.26   34.48    140    2
57082 113.01   34.28    427    2
57083 113.39   34.43    110    2
57085 113.22   34.33    288    2
57086 113.43   34.23    116    2
57087 113.48   34.12     87    2
57088 113.30   34.09    116    2
57089 113.52   34.02     66    2
57090 113.58   34.30     78    2
57091 114.18   34.47     73    2
57093 114.49   34.51     73    2
57094 114.13   34.24     66    2
57095 114.09   34.07     61    2
57096 114.47   34.32     59    2
57098 114.24   34.05     58    2
57099 114.51   34.04     52    2
57102 105.43   33.45    970    2
57105 105.36   33.20   1221    2
57106 106.09   33.19    794    2
57110 106.05   33.47    930    2
57111 106.18   33.55    961    2
57113 106.32   33.54    985    2
57119 106.42   33.10    548    2
57123 108.04   34.17    510    2
57124 106.56   33.38   1032    2
57126 107.33   33.13    468    2
57127 107.02   33.04    509    2
57128 107.20   33.10    486    2
57129 107.43   32.59    446    2
57132 108.37   34.07    414    2
57134 107.59   33.31    827    2
57137 108.19   33.19    802    2
57140 109.07   33.40    818    2
57143 109.58   33.52    742    2
57144 109.09   33.26    693    2
57153 110.20   33.41    581    2
57154 110.54   33.32    523    2
57155 109.52   33.33    660    2
57156 111.30   33.18    250    2
57162 112.05   34.09    325    2
57169 111.52   33.03    159    2
57171 113.17   33.43     84    2
57173 112.53   33.45    145    2
57175 112.14   33.03    191    2
57176 112.25   33.29    231    2
57177 113.32   33.20     89    2
57178 112.35   33.02    129    2
57179 113.00   33.17    160    2
57180 113.12   33.59    117    2
57181 113.03   33.53    136    2
57182 113.30   33.51     80    2
57183 113.55   33.48     60    2
57184 113.22   33.38     83    2
57185 113.35   33.27     91    2
57186 114.03   33.36     58    2
57187 112.56   33.04    118    2
57188 114.02   33.22     55    2
57189 113.57   33.08     64    2
57191 114.29   34.29     63    2
57192 114.51   33.44     45    2
57193 114.31   33.47     52    2
57194 114.16   33.17     59    2
57195 114.37   33.37     46    2
57196 114.52   33.28     42    2
57197 114.20   33.00     48    2
57198 114.37   33.33     46    2
57204 105.14   32.35    820    2
57206 105.51   32.26    488    2
57208 105.29   32.01    535    2
57211 106.15   32.50    858    2
57213 106.56   33.00    536    2
57216 106.50   32.21    578    2
57217 106.17   32.14    485    2
57231 108.32   32.32    503    2
57232 108.16   33.03    484    2
57233 108.30   32.54    413    2
57237 108.02   32.04    674    2
57238 107.54   32.32    693    2
57242 109.22   32.51    285    2
57245 109.02   32.43    290    2
57247 108.54   32.19    438    2
57248 109.20   32.24    429    2
57249 109.41   32.19    448    2
57251 110.25   33.00    249    2
57253 110.49   32.51    201    2
57254 110.07   32.49    322    2
57256 110.47   32.39    286    2
57257 110.14   32.14    307    2
57259 110.46   32.02    426    2
57260 111.31   32.34    133    2
57261 111.30   33.08    194    2
57265 111.40   32.23     90    2
57268 111.38   32.16     86    2
57271 112.23   32.33     87    2
57273 112.51   32.41    109    2
57274 112.07   32.42    107    2
57278 112.10   32.02     68    2
57279 112.45   32.09    125    2
57281 113.18   32.42    142    2
57285 113.25   32.23    150    2
57290 114.01   33.00     82    2
57292 114.38   32.58     44    2
57293 114.59   32.44     38    2
57294 114.01   32.50     83    2
57295 114.21   32.37     78    2
57296 114.44   32.21     48    2
57297 114.03   32.08    114    2
57298 114.32   32.13     55    2
57299 114.54   32.01     49    2
57303 105.55   31.44    460    2
57304 105.09   31.39    485    2
57306 105.58   31.35    385    2
57307 105.05   31.06    379    2
57308 105.23   31.13    421    2
57309 105.53   30.59    362    2
57313 106.46   31.51    360    2
57314 106.03   31.21    364    2
57315 106.24   31.32    658    2
57317 106.25   31.02    323    2
57318 106.33   31.04    337    2
57320 107.14   31.56    404    2
57324 107.06   31.34    377    2
57326 107.43   31.22    385    2
57328 107.30   31.12    344    2
57329 107.51   31.05    452    2
57333 108.40   31.57    798    2
57338 108.25   31.11    216    2
57339 108.41   30.57    297    2
57343 109.32   31.54    995    2
57345 109.37   31.24    337    2
57348 109.32   31.01    299    2
57349 109.52   31.04    270    2
57355 110.22   31.02    334    2
57358 110.58   30.50    295    2
57359 110.43   31.21    263    2
57361 111.16   31.52    327    2
57362 110.40   31.45    935    2
57363 111.49   31.46    106    2
57368 111.37   31.04    115    2
57370 112.13   31.43     67    2
57377 112.13   31.00    191    2
57378 112.34   31.10     65    2
57381 113.20   31.37    116    2
57385 113.49   31.37     93    2
57387 113.07   31.01     66    2
57388 113.41   31.16     53    2
57389 113.45   31.01     33    2
57395 114.07   31.34     74    2
57396 114.51   31.38    128    2
57398 114.37   31.17     74    2
57399 115.01   31.11     59    2
57401 105.23   30.52    332    2
57402 105.42   30.46    395    2
57405 105.35   30.30    279    2
57407 105.02   30.17    461    2
57408 105.21   30.07    335    2
57409 105.48   30.11    297    2
57411 106.06   30.47    309    2
57413 106.58   30.51    295    2
57414 106.27   30.33    379    2
57415 106.38   30.28    310    2
57416 106.56   30.20    357    2
57417 106.17   30.21    315    2
57418 106.45   30.22    327    2
57420 107.12   30.45    397    2
57425 107.20   30.20    433    2
57426 107.48   30.41    454    2
57432 108.24   30.46    186    2
57437 108.02   30.18    325    2
57438 108.07   29.59    632    2
57439 108.55   30.16   1074    2
57445 109.43   30.36    609    2
57447 109.28   30.17    457    2
57453 111.19   30.46    115    2
57458 110.40   30.12    619    2
57460 111.46   30.49     91    2
57461 111.18   30.42    133    2
57462 111.04   30.52    139    2
57464 111.10   30.28    142    2
57465 111.26   30.22     74    2
57466 111.45   30.25     50    2
57469 111.46   30.10     69    2
57475 112.52   30.25     32    2
57476 112.09   30.21     32    2
57477 112.13   30.04     38    2
57481 113.34   30.57     30    2
57482 113.57   30.54     25    2
57483 113.10   30.40     34    2
57485 113.26   30.22     28    2
57486 113.51   30.39     25    2
57489 114.00   30.35     38    2
57491 114.24   30.52     31    2
57492 114.48   30.50     26    2
57493 114.19   30.21     41    2
57494 114.08   30.37     23    2
57496 114.52   30.22     31    2
57498 114.53   30.27     41    2
57499 114.58   30.06     39    2
57502 105.42   29.42    394    2
57503 105.03   29.35    352    2
57505 105.35   29.25    338    2
57506 105.54   29.22    353    2
57507 105.18   29.20    374    2
57508 105.23   29.10    322    2
57509 106.56   28.57    325    2
57510 106.03   29.51    282    2
57511 106.27   29.51    240    2
57512 106.17   29.58    230    2
57513 106.37   29.44    464    2
57514 106.13   29.35    291    2
57516 106.28   29.35    259    2
57517 106.15   29.17    261    2
57518 106.32   29.23    243    2
57519 107.05   29.09    559    2
57520 107.04   29.50    377    2
57522 107.25   29.45    273    2
57523 107.44   29.51    290    2
57525 107.45   29.19    277    2
57536 108.47   29.32    607    2
57537 108.10   29.18     32    2
57540 109.09   29.41    776    2
57541 109.29   30.00    533    2
57543 110.02   29.54    540    2
57544 109.27   29.28    487    2
57545 109.25   29.31    459    2
57554 110.10   29.24    322    2
57558 110.28   29.08    183    2
57562 111.22   29.35    116    2
57564 111.08   29.26    103    2
57565 111.45   29.39     40    2
57566 111.39   29.27     51    2
57571 112.23   29.42     35    2
57573 112.54   29.50     30    2
57574 112.24   29.22     36    2
57575 112.34   29.31     31    2
57577 112.04   29.20     36    2
57581 113.27   29.49     26    2
57582 113.53   29.43     46    2
57583 113.55   29.59     36    2
57584 113.05   29.23     53    2
57585 113.27   29.29     60    2
57586 114.02   29.32     78    2
57589 113.48   29.15    102    2
57590 114.22   29.51     98    2
57595 114.30   29.36     76    2
57598 114.35   29.02    146    2
57600 105.04   28.44    274    2
57602 105.26   28.53    335    2
57603 105.50   28.49    365    2
57604 105.23   28.47    367    2
57605 105.49   28.02    537    2
57606 106.50   28.08    972    2
57608 105.26   28.10    379    2
57609 105.42   28.35    317    2
57612 106.39   29.01    254    2
57614 106.13   28.20   1180    2
57623 107.36   28.53    685    2
57625 107.27   28.33    679    2
57633 108.46   28.50    664    2
57634 107.53   28.31    660    2
57635 108.59   28.27    363    2
57636 108.30   28.34    334    2
57637 108.07   28.15    523    2
57640 109.27   28.35    341    2
57642 109.38   28.42    325    2
57643 109.50   29.00    268    2
57646 109.57   28.37    302    2
57647 109.11   28.09    406    2
57649 109.44   28.19    208    2
57655 110.24   28.28    151    2
57657 110.12   28.14    173    2
57658 110.12   28.01    152    2
57661 111.29   28.55     48    2
57662 111.41   29.03     35    2
57663 111.57   28.55     31    2
57666 112.08   28.31     52    2
57669 111.13   28.23    128    2
57671 112.22   28.51     37    2
57673 112.53   28.41     53    2
57674 112.23   28.34     46    2
57678 112.33   28.15     74    2
57679 113.05   28.12     44    2
57680 113.04   28.48     46    2
57682 113.34   28.43    106    2
57688 113.38   28.10    101    2
57694 114.23   28.32    256    2
57696 114.47   28.24     88    2
57698 114.27   28.07     99    2
57699 114.55   28.14     66    2
57707 105.17   27.18   1510    2
57708 105.36   27.09   1700    2
57710 106.24   27.48    890    2
57712 106.57   27.44    983    2
57713 106.53   27.42    843    2
57714 106.14   27.28    942    2
57717 106.49   27.32    953    2
57718 106.44   27.06   1038    2
57719 106.58   27.04   1275    2
57720 107.10   27.53    889    2
57722 107.28   27.46    792    2
57723 107.43   27.59    710    2
57728 107.28   27.04   1096    2
57729 107.53   27.14    622    2
57731 108.15   27.57    416    2
57732 108.24   28.01    456    2
57734 108.14   27.34    467    2
57735 108.49   27.11    404    2
57736 108.51   27.42    369    2
57737 108.07   27.02    547    2
57738 108.25   27.03    516    2
57739 108.53   27.14    376    2
57740 109.36   27.57    349    2
57741 109.11   27.43    282    2
57742 109.12   27.31    884    2
57743 109.48   27.53    176    2
57744 109.10   27.22    355    2
57745 109.41   27.27    272    2
57749 110.00   27.34    259    2
57752 110.36   27.55    204    2
57754 110.09   27.21    170    2
57758 110.35   27.04    323    2
57760 111.26   27.42    249    2
57761 111.18   27.45    211    2
57762 111.41   27.42    149    2
57763 112.00   27.44    151    2
57766 111.28   27.14    248    2
57767 111.02   27.07    267    2
57768 111.27   27.19    242    2
57769 111.44   27.14    252    2
57771 112.31   27.56     88    2
57772 112.30   27.45     86    2
57773 112.49   27.52     63    2
57774 112.10   27.27    100    2
57776 112.42   27.18   1265    2
57777 112.51   27.14     63    2
57778 112.57   27.06     68    2
57779 113.21   27.00    102    2
57780 113.10   27.52     74    2
57781 113.30   27.39     74    2
57786 113.51   27.39    117    2
57789 113.57   27.08    181    2
57792 114.41   27.49     93    2
57793 114.23   27.48    128    2
57796 114.56   27.48     82    2
57798 114.36   27.24     85    2
57799 114.55   27.03     71    2
57800 105.22   26.46   1457    2
57803 106.03   27.02   1231    2
57805 105.46   26.41   1319    2
57806 105.54   26.15   1431    2
57807 105.28   26.12   1361    2
57808 105.45   26.19   1274    2
57809 105.46   26.03   1274    2
57811 106.36   26.51   1240    2
57813 106.28   26.34   1261    2
57814 106.16   26.25   1298    2
57816 106.44   26.35   1223    2
57818 106.27   26.02   1140    2
57821 107.30   26.42    925    2
57822 107.54   26.54    835    2
57824 107.14   26.34   1001    2
57825 107.59   26.36    720    2
57827 107.32   26.19    969    2
57828 107.35   26.30    983    2
57829 107.48   26.12    963    2
57832 108.40   26.58    626    2
57834 108.18   26.41    641    2
57835 108.26   26.43    528    2
57837 108.24   26.24    839    2
57839 109.09   26.14    568    2
57840 109.12   26.54    401    2
57841 109.40   26.34    322    2
57842 109.43   26.53    281    2
57844 109.11   26.41    343    2
57845 109.47   26.10    397    2
57846 110.09   26.35    310    2
57851 110.51   26.27    305    2
57853 110.38   26.44    341    2
57857 110.19   26.22    477    2
57859 110.38   26.02    408    2
57860 111.17   27.00    283    2
57865 111.34   26.25    109    2
57866 111.37   26.14    172    2
57867 111.17   26.24    169    2
57868 111.52   26.36    113    2
57870 112.06   26.48    151    2
57871 112.22   26.59     90    2
57872 112.36   26.54    104    2
57874 112.24   26.25    116    2
57875 112.30   26.53     70    2
57876 112.51   26.24     84    2
57881 113.15   26.43    101    2
57882 113.33   26.47    135    2
57883 113.58   26.43    257    2
57886 113.47   26.30    224    2
57887 113.07   26.08    123    2
57889 113.57   26.05    835    2
57891 114.15   26.56    153    2
57894 114.10   26.35    843    2
57895 114.47   26.28    101    2
57896 114.30   26.20    126    2
57899 114.55   26.48     71    2
57900 105.13   25.50   1552    2
57902 105.11   25.26   1378    2
57903 105.36   25.56   1083    2
57905 105.38   25.24   1063    2
57906 106.05   25.11    566    2
57907 104.54   25.05   1299    2
57908 105.29   25.07   1394    2
57909 105.49   24.59    584    2
57910 106.05   25.46   1179    2
57911 106.39   26.40   1323    2
57912 106.38   26.08    990    2
57913 106.59   26.27   1093    2
57914 106.40   26.25   1149    2
57915 106.46   26.38   1104    2
57916 106.46   25.26    440    2
57921 107.19   25.50    708    2
57922 107.33   25.50   1013    2
57923 107.52   25.59    419    2
57926 107.53   25.25    428    2
57927 107.11   24.58    287    2
57932 108.32   25.58    285    2
57936 108.55   25.45    260    2
57941 109.36   25.47    197    2
57942 110.00   25.48    268    2
57947 109.24   25.13    121    2
57948 109.15   25.05    122    2
57949 110.00   24.59    156    2
57954 110.11   25.14    157    2
57955 110.40   25.37    224    2
57956 110.19   25.25    168    2
57957 110.18   25.19    164    2
57960 111.04   25.56    195    2
57962 111.39   25.58    167    2
57964 111.09   25.30    263    2
57965 111.36   25.32    192    2
57966 111.57   25.36    205    2
57969 111.20   25.16    227    2
57971 112.12   25.55    224    2
57972 113.02   25.48    184    2
57973 112.43   25.45    329    2
57974 112.22   25.35    214    2
57975 112.12   25.23    277    2
57976 112.57   25.25    222    2
57978 112.33   25.17    292    2
57981 113.13   25.59    139    2
57985 113.41   25.34    609    2
57988 113.13   25.05    103    2
57989 113.26   25.04     97    2
57990 114.18   25.42    246    2
57991 114.33   25.48    140    2
57992 114.45   25.40    127    2
57993 115.00   25.52    137    2
57994 114.21   25.24    215    2
57995 114.56   25.24    164    2
57996 114.11   25.05    134    2
58001 115.06   34.26     56    2
58002 115.34   34.50     49    2
58003 115.53   34.57     45    2
58004 115.09   34.39     60    2
58005 115.40   34.27     50    2
58006 115.53   34.23     46    2
58007 115.18   34.04     47    2
58008 115.20   34.28     54    2
58011 116.04   34.48     46    2
58012 116.35   34.41     40    2
58013 116.55   34.43     40    2
58015 116.20   34.25     50    2
58016 116.58   34.11     39    2
58017 116.08   34.15     41    2
58020 117.08   34.51     35    2
58021 117.17   34.47     80    2
58022 117.48   34.46     61    2
58024 117.34   34.52     77    2
58025 117.44   34.34     27    2
58026 117.57   34.18     24    2
58027 117.09   34.17     42    2
58030 118.06   34.54     50    2
58032 118.39   34.56     62    2
58034 118.22   34.37     38    2
58035 118.21   34.21     29    2
58036 118.44   34.31     39    2
58038 118.45   34.06      9    2
58040 119.08   34.51     10    2
58044 119.10   34.35      7    2
58045 119.34   34.12      8    2
58047 119.14   34.18      5    2
58048 119.21   34.06      9    2
58049 119.49   34.02      7    2
58100 115.10   33.39     41    2
58101 115.29   33.52     41    2
58102 115.46   33.52     41    2
58104 115.04   33.24     41    2
58107 115.23   33.04     36    2
58108 115.21   33.16     38    2
58109 115.43   33.10     34    2
58111 116.27   33.58     32    2
58113 116.47   33.56     32    2
58114 116.12   33.30     31    2
58116 116.49   33.59     34    2
58117 116.12   33.09     32    2
58118 116.32   33.17     27    2
58122 116.59   33.38     36    2
58125 117.33   33.33     28    2
58126 117.52   33.28     20    2
58127 117.12   32.58     23    2
58128 117.19   33.18     23    2
58129 117.53   33.08     21    2
58130 117.55   33.53     23    2
58131 118.16   33.59     28    2
58132 118.43   33.42     19    2
58135 118.13   33.27     21    2
58138 118.31   32.59     42    2
58139 118.53   33.18     13    2
58140 119.16   33.47     13    2
58141 119.01   33.38     14    2
58143 119.51   33.48      6    2
58145 119.10   33.32      8    2
58146 119.48   33.29      7    2
58147 118.58   32.59     28    2
58148 119.18   33.14     11    2
58150 120.15   33.46      6    2
58151 120.08   33.23      3    2
58158 120.29   33.12      4    2
58202 115.35   32.38     35    2
58203 115.49   32.55     38    2
58205 115.26   32.28     34    2
58207 115.03   32.10     42    2
58208 115.37   32.10     42    2
58210 116.13   32.34     25    2
58212 116.42   32.43     27    2
58214 116.17   32.20     36    2
58215 116.47   32.33     23    2
58220 117.09   32.28     30    2
58221 117.23   32.57     26    2
58222 117.33   32.52     28    2
58223 117.59   32.47     35    2
58224 117.01   32.39     36    2
58225 117.40   32.32     76    2
58230 118.16   32.06     38    2
58234 118.25   32.27     46    2
58235 118.50   32.21     16    2
58236 118.18   32.18     32    2
58237 118.37   32.03      9    2
58238 118.48   32.00     12    2
58240 119.01   32.41     21    2
58241 119.27   32.48     10    2
58242 119.10   32.17     14    2
58243 119.50   32.56      7    2
58244 119.34   32.27     10    2
58245 119.25   32.25     14    2
58246 119.56   32.30     10    2
58247 119.49   32.15      9    2
58248 119.28   32.12     26    2
58249 120.00   32.10      8    2
58250 120.09   32.31      6    2
58251 120.17   32.51      4    2
58254 120.27   32.32      5    2
58255 120.34   32.22      5    2
58257 120.16   32.00      8    2
58259 120.59   32.05      4    2
58264 121.11   32.20     11    2
58268 121.05   32.06      8    2
58269 121.39   31.47     12    2
58301 115.23   31.49     92    2
58306 115.53   31.41     94    2
58311 116.30   31.45     60    2
58314 116.19   31.24     72    2
58316 116.57   31.28     29    2
58317 116.22   30.52    431    2
58319 116.57   31.04     81    2
58320 117.08   31.44     22    2
58321 117.14   31.52     36    2
58323 117.28   31.53     26    2
58326 117.52   31.37     23    2
58327 117.17   31.15     21    2
58329 117.54   31.19     21    2
58330 118.07   31.43     18    2
58331 118.22   31.44     23    2
58333 118.54   31.56     35    2
58334 118.23   31.20     16    2
58335 118.30   31.34     13    2
58336 118.31   31.42     20    2
58337 118.11   31.05     27    2
58338 118.35   31.09     20    2
58339 118.54   31.20     24    2
58340 119.02   31.39     23    2
58341 119.35   31.59     10    2
58342 119.33   31.43      7    2
58343 119.59   31.53      7    2
58344 119.10   31.57     30    2
58345 119.29   31.26      8    2
58346 119.49   31.20     15    2
58351 120.18   31.54     12    2
58352 120.46   31.40      8    2
58353 120.34   31.52      6    2
58354 120.21   31.35      8    2
58356 120.57   31.25      8    2
58357 120.48   31.16     10    2
58359 120.38   31.10      9    2
58360 121.12   31.55      6    2
58361 121.22   31.06      5    2
58362 121.27   31.23      5    2
58365 121.15   31.22      4    2
58366 121.24   31.38      4    2
58367 121.26   31.12      4    2
58369 121.47   31.03      5    2
58370 121.33   31.13      4    2
58377 121.06   31.28      6    2
58401 115.24   30.47    105    2
58402 115.40   30.44    123    2
58404 115.15   30.27     48    2
58407 115.03   30.15     19    2
58408 115.26   30.14     35    2
58409 115.56   30.04     20    2
58414 116.17   30.26     38    2
58415 116.35   30.38     35    2
58416 116.39   30.25     16    2
58417 116.08   30.10     53    2
58418 116.42   30.08     20    2
58419 117.01   30.06     23    2
58420 117.13   30.43     34    2
58421 117.52   30.38     32    2
58423 117.47   30.29    647    2
58424 117.03   30.32     19    2
58426 118.08   30.18    194    2
58427 117.29   30.40     39    2
58428 117.29   30.17     65    2
58429 117.47   30.58     37    2
58431 118.19   30.51     13    2
58432 118.24   30.41     36    2
58433 118.45   30.56     34    2
58435 118.32   30.18    218    2
58436 118.59   30.37     89    2
58437 118.09   30.08   1836    4
58438 118.35   30.05    193    2
58441 119.25   30.53     46    2
58442 119.11   31.08     16    2
58443 119.53   30.59      3    2
58446 119.41   30.38     27    2
58448 119.44   30.18    138    2
58449 119.57   30.03     46    2
58450 120.03   30.52      7    2
58451 120.56   30.50      2    2
58452 120.46   30.44      4    2
58453 120.30   30.04      7    2
58454 119.58   30.32      7    2
58455 120.39   30.31      8    2
58456 120.31   30.38      5    2
58457 120.10   30.14     41    2
58458 120.54   30.32      4    2
58459 120.17   30.11     44    2
58460 121.21   30.45      4    2
58461 121.07   31.08      4    2
58462 121.14   31.02      4    2
58463 121.29   30.56      5    2
58464 121.05   30.37      5    2
58467 121.16   30.12      4    2
58468 121.10   30.03      5    2
58472 122.27   30.44     79    2
58477 122.06   30.02     35    2
58484 122.12   30.15     37    2
58500 115.12   29.51     45    2
58501 115.32   29.52     31    2
58502 116.00   29.44     36    2
58503 115.40   29.41     23    2
58506 115.59   29.35   1164    2
58507 115.07   29.15    116    2
58508 115.46   29.20     41    2
58509 115.49   29.03     36    2
58510 116.14   29.44     40    2
58512 116.33   29.54     71    2
58514 116.03   29.27     37    2
58517 116.12   29.16     35    2
58519 116.41   29.00     40    2
58520 117.43   29.51    139    2
58523 117.56   29.56    227    2
58527 117.12   29.18     61    2
58529 117.51   29.16     82    2
58530 118.26   29.52    169    2
58531 118.17   29.43    145    2
58534 118.11   29.47    170    2
58537 118.24   29.08    153    2
58542 119.41   29.49     46    2
58543 119.01   29.37    171    2
58544 119.16   29.29     88    2
58546 119.53   29.28    115    2
58547 119.11   29.02     66    2
58548 119.28   29.13     50    2
58549 119.39   29.07     62    2
58550 120.15   29.42     39    2
58553 120.49   30.03      6    2
58555 120.53   29.31    113    2
58556 120.49   29.36    104    2
58557 120.05   29.20     90    2
58558 120.13   29.16     89    2
58559 120.59   29.10     58    2
58562 121.33   29.47      5    2
58563 121.50   29.53      5    2
58565 121.26   29.41     19    2
58566 121.53   29.28      6    2
58567 121.26   29.19     39    2
58568 121.23   29.07     34    2
58570 122.18   29.57     85    2
58600 115.22   28.52     79    2
58601 115.23   28.42     53    2
58602 115.33   28.51     38    2
58605 115.23   28.25     45    2
58606 115.55   28.36     45    2
58607 115.57   28.33     28    2
58608 115.33   28.04     30    2
58609 115.49   28.13     27    2
58612 116.41   28.42     22    2
58614 116.16   28.23     31    2
58615 117.05   28.41     55    2
58616 116.49   28.12     40    2
58619 116.22   28.00     47    2
58618 116.36   28.14     51    2
58620 117.08   28.58     34    2
58622 117.35   28.57     77    2
58623 117.55   28.28     84    2
58624 117.26   28.24     59    2
58625 117.36   28.25     79    2
58626 117.13   28.18     51    2
58627 117.02   28.15     55    2
58629 117.42   28.19     57    2
58631 118.30   28.54    137    2
58632 118.36   28.43    126    2
58633 118.54   29.00     82    2
58634 118.15   28.41    113    2
58635 118.12   28.26     96    2
58637 117.59   28.27    114    2
58642 119.48   28.53    105    2
58643 120.02   28.54    102    2
58644 119.17   28.36    237    2
58646 119.55   28.27     59    2
58647 119.08   28.04    195    2
58652 120.43   28.52     83    2
58654 120.05   28.40    174    2
58656 120.58   28.07      7    2
58657 120.17   28.09     57    2
58658 120.41   28.09     34    2
58659 120.39   28.02     28    2
58660 121.08   28.51      7    2
58664 121.22   28.22     35    2
58665 121.25   28.37      4    2
58667 121.16   28.05     95    2
58693 115.50   28.42     37    2
58701 115.24   27.46     46    2
58704 115.21   27.37     52    2
58705 115.25   27.20     85    2
58706 115.50   27.26    184    2
58707 115.08   27.13     66    2
58710 116.03   27.46     75    2
58712 116.47   27.55    128    2
58713 117.04   27.43    220    2
58714 116.13   27.33     88    2
58715 116.39   27.35     81    2
58718 116.32   27.13    106    2
58719 116.56   27.18    130    2
58724 117.20   27.33    265    2
58725 117.29   27.19    218    2
58730 118.01   27.45    222    2
58731 118.33   27.55    276    2
58734 118.07   27.20    196    2
58735 118.46   27.33    205    2
58736 118.51   27.22    221    2
58737 118.19   27.03    154    2
58742 119.33   28.07    163    2
58744 119.25   27.27    815    2
58745 119.04   27.37    368    2
58746 119.42   27.33    538    2
58747 119.21   27.09    899    2
58748 119.39   27.06     50    2
58749 119.53   27.14    684    2
58750 120.05   27.47    105    2
58751 120.33   27.41      5    2
58752 120.39   27.47     39    2
58754 120.12   27.20     36    2
58760 121.09   27.50     68    2
58804 115.21   26.21    151    2
58806 116.01   26.29    209    2
58813 116.20   26.51    141    2
58814 116.21   26.21    247    2
58818 116.39   26.16    358    2
58819 116.49   26.11    328    2
58820 117.10   26.54    342    2
58821 117.29   26.44    173    2
58822 116.51   26.50    342    2
58823 117.48   26.48    175    2
58824 117.13   26.22    357    2
58826 117.48   26.23    120    2
58828 117.39   26.16    208    2
58834 118.10   26.38    152    2
58836 118.44   26.35    361    2
58837 118.09   26.10    137    2
58839 118.51   26.14     40    2
58843 120.01   26.53     56    2
58844 119.09   26.09     57    2
58845 119.32   26.30     60    2
58846 119.31   26.40     32    2
58847 119.17   26.05     84    2
58848 119.33   26.12     13    2
58903 116.02   25.54    208    2
58905 115.25   25.58    133    2
58906 115.48   25.36    167    2
58907 115.24   25.09    305    2
58911 116.22   25.51    310    2
58912 116.45   25.43    380    2
58917 116.06   25.05    307    2
58918 116.25   25.03    198    2
58921 117.22   25.58    206    2
58923 117.50   25.42    400    2
58926 117.25   25.18    205    2
58927 117.01   25.03    376    2
58928 117.32   25.01    166    2
58929 118.09   25.04     68    2
58932 118.56   25.52     85    2
58933 118.59   26.55    869    2
58934 118.16   25.20    170    2
58935 118.14   25.29    521    2
58936 118.41   25.22     77    2
58938 118.59   25.14     23    2
58941 119.30   25.58     25    2
58942 119.23   25.43     39    2
58944 119.47   25.30     32    2
58946 119.00   25.27     81    2
58968 121.31   25.02      9    2
59001 105.20   24.47    672    2
59004 105.06   24.30    725    2
59007 105.04   24.04   1249    2
59012 106.33   24.47    972    2
59015 106.34   24.21    437    2
59017 106.16   24.16    278    2
59021 107.02   24.33    484    2
59022 107.33   24.59    697    2
59023 108.02   24.42    260    2
59025 107.22   24.31    286    2
59027 107.15   24.08    254    2
59031 108.15   24.50    208    2
59033 108.54   24.47    328    2
59034 108.40   24.29    150    2
59037 108.06   23.56    170    2
59038 108.39   24.04    138    2
59041 109.15   24.39    108    2
59045 109.45   24.29     94    2
59046 109.24   24.21     96    2
59047 109.20   24.15    100    2
59051 110.30   24.46    136    2
59052 110.49   24.50    169    2
59053 110.40   24.37    105    2
59055 110.24   24.30    165    2
59057 110.11   24.08    772    2
59058 110.31   24.12    145    2
59059 110.48   24.11    105    2
59061 111.16   24.49    193    2
59063 111.27   25.11    265    2
59064 111.19   24.33    136    2
59065 111.32   24.25    108    2
59071 112.10   24.26    112    2
59072 112.14   24.28     98    2
59074 112.05   24.20    300    2
59075 112.23   24.17     70    2
59081 113.10   24.28     98    2
59082 113.22   24.25     59    2
59085 113.22   24.25     59    2
59087 113.19   23.31     68    2
59088 113.15   24.07     46    2
59090 114.02   24.34    103    2
59091 114.32   24.45    252    2
59092 114.49   24.55    206    2
59093 115.02   24.47    253    2
59094 114.02   24.13    136    2
59096 114.29   24.22    214    2
59097 114.07   24.02    160    2
59099 114.56   24.27    173    2
59102 115.39   24.57    303    2
59106 115.54   24.35    152    2
59107 115.15   24.06     99    2
59109 115.44   24.09    123    2
59113 116.43   24.44    226    2
59114 116.10   24.39    135    2
59116 116.42   24.20     81    2
59117 116.06   24.16     87    2
59122 117.45   24.37     43    2
59124 117.21   24.31     28    2
59125 117.18   24.23     41    2
59126 117.39   24.31     28    2
59127 117.50   24.26     32    2
59129 117.36   24.08     53    2
59130 118.09   24.44     30    2
59131 118.22   24.58     45    2
59132 118.36   24.54     31    2
59133 118.55   24.54     21    4
59134 118.04   24.29    139    2
59137 118.34   24.49     56    2
59158 120.41   24.09     78    2
59205 105.38   23.39    685    2
59209 105.50   23.25    794    2
59211 106.36   23.54    173    2
59213 106.55   23.44    110    2
59215 106.37   23.20    633    2
59218 106.25   23.08    739    2
59224 107.07   23.36    111    2
59227 107.09   23.05    437    2
59228 107.35   23.19    108    2
59229 107.42   23.11     94    2
59230 108.10   23.43    168    2
59235 108.37   23.26    115    2
59237 108.17   23.10    111    2
59238 108.48   23.13    122    2
59241 109.41   23.58     90    2
59242 109.14   23.45     84    2
59246 109.40   23.36     70    2
59249 109.37   23.07     51    2
59254 110.05   23.24     42    2
59255 110.23   23.33     32    2
59256 110.55   23.22     54    2
59264 111.30   23.27     33    2
59265 111.18   23.29    114    2
59266 111.14   23.25     42    2
59268 111.32   23.15     29    2
59269 111.46   23.09     21    2
59270 112.11   23.55     84    2
59271 112.26   23.38     57    2
59276 112.41   23.21     57    2
59278 112.27   23.02     41    2
59279 112.52   23.11     24    2
59280 113.02   23.24     19    2
59284 113.13   23.23      5    2
59285 113.36   23.34     38    2
59287 113.20   23.10     41    2
59288 113.08   23.03      3    2
59289 113.44   22.58     56    2
59290 114.14   23.44     70    2
59293 114.44   23.48     70    2
59294 113.50   23.20     30    2
59297 114.17   23.11     17    2
59298 114.25   23.05     22    2
59303 115.46   24.56    120    2
59304 115.11   23.38    176    2
59306 115.50   23.27     80    2
59310 116.11   23.46     45    2
59312 116.38   23.40     10    2
59313 116.59   23.41      6    2
59314 116.08   23.18     29    2
59315 116.23   23.34      3    2
59316 116.41   23.24      2    2
59317 116.18   23.02     14    2
59318 116.35   23.16      5    2
59319 116.46   23.28      4    2
59320 117.10   23.43     18    2
59321 117.31   23.44     53    4
59322 117.20   23.57     22    2
59324 117.02   23.26      7    2
59417 106.51   22.20    128    2
59419 106.45   22.06    242    2
59421 107.12   22.50    255    2
59425 107.21   22.24    107    2
59426 107.54   22.38     89    2
59427 107.04   22.07    163    2
59429 107.58   22.09    180    2
59431 108.13   22.38    121    2
59432 108.24   22.48    194    2
59435 108.29   22.46     74    2
59441 109.15   22.42     78    2
59446 109.18   22.25     66    2
59448 109.33   22.16     69    2
59449 109.59   22.16     66    2
59451 110.21   22.42     98    2
59452 110.32   22.51    101    2
59453 110.10   22.39     81    2
59454 111.00   22.55     99    2
59456 110.56   22.21     85    2
59457 110.16   22.19    121    2
59462 111.34   22.46     55    2
59469 111.47   22.10     37    4
59470 112.13   22.43     28    2
59471 112.03   22.56    101    2
59473 112.58   22.46     19    2
59475 112.29   22.24     32    2
59476 113.02   22.32     36    2
59477 112.18   22.11     25    2
59478 112.47   22.15     32    2
59480 113.15   22.51     21    2
59481 113.19   22.56     12    2
59485 113.24   22.30     33    2
59487 113.18   22.14     23    2
59488 113.34   22.17     51    2
59492 114.42   22.55     47    2
59493 114.00   22.32     63    2
59500 115.11   22.35      6    2
59501 115.13   22.29     16    2
59502 115.23   22.34      5    2
59554 120.16   22.37     33    2
59626 107.58   21.32     21    2
59631 108.21   21.47     32    2
59632 108.37   21.57      4    2
59635 108.21   21.37     31    2
59640 109.11   21.40      5    2
59644 109.08   21.27     12    2
59647 109.06   21.02     55    4
59650 110.15   21.23     25    2
59653 110.51   21.56     31    2
59654 110.18   21.38     29    2
59655 110.37   21.39     31    2
59656 110.46   21.26     20    2
59658 110.18   21.09     53    2
59659 110.55   21.45     33    2
59663 111.58   21.52     89    4
59664 110.59   21.32     31    2
59750 110.06   20.55     22    2
59754 110.11   20.20     55    2
59758 110.15   20.00     63    2
59838 108.37   19.06      7    2
59842 109.41   19.54     31    2
59843 110.00   19.44     31    2
59845 109.35   19.31    169    2
59847 109.03   19.16     98    2
59848 109.26   19.14    215    2
59849 109.50   19.02    250    2
59851 110.20   19.42     24    2
59854 110.06   19.22    118    2
59855 110.28   19.14     24    2
59856 110.45   19.37     21    2
59940 109.10   18.45    160    2
59941 109.31   18.46    328    2
59945 109.42   18.39     68    2
59948 109.31   18.14      6    2
59951 110.22   18.48      8    2
59954 110.02   18.30     13    2
59981 112.20   16.50      4    2
59997 110.48   18.15      5    2
52675 102.10   38.30   1508    2
55125  79.42   33.20   4243    3
55325  79.49   31.29   3721    3
55357  85.11   31.02   4702    2
55361  87.13   31.45   4500    2
55574  88.14   29.24   3857    2
55589  90.59   29.18   3556    2
55593  91.42   29.50   3805    2
55597  91.41   29.02   3741    2
56109  93.47   31.29   3941    2
56128  96.36   31.13   3811    2
56228  96.55   30.03   3261    2
56301  93.12   29.53   3462    2
56308  93.01   29.01   3108    2
56319  95.20   29.20    952    2
55595  91.20   29.41   3697    2
55586  90.44   29.21   3590    2
55590  91.16   29.53   3753    2
56114  94.02   31.56   4174    2
55298  92.19   32.07   4648    2
55178  88.50   33.12   4933    3
55234  81.08   32.23   4522    3
55694  91.26   28.26   4125    2
55693  92.12   29.04   3953    2
55599  92.01   29.16   3574    2
56211  94.43   30.56   3680    2
56136  98.14   31.31   3534    2
55579  89.16   29.06   3901    2
55650  85.18   28.51   4114    2
55594  91.00   29.39   3649    2
55670  88.00   28.54   4329    2
55676  89.41   28.33   4290    2
55666  87.46   28.22   4252    2
55677  88.31   28.16   4601    2
55587  89.51   29.14   3882    2
55568  87.13   29.18   4307    2
55542  84.02   29.46   4586    4
55691  91.21   29.16   3587    2
55686  90.50   28.23   3913    2
56235  97.34   30.39   3178    2
56233  98.17   30.51   3672    2
55554  85.14   29.20   4534    2
58981 123.46   25.73    362    2
