diamond  3 2015年04月03日02时最高温度                        
  15  04  03  02 1000  1  35  1  0  0  1  2432
 51076   88.08   47.73     735   -4.7
 52118   94.70   43.27    1728   -0.3
 51542   84.15   43.03    2458    0.1
 51430   81.15   43.83     602    6.9
 51818   78.28   37.62    1375   19.4
 54936  118.83   35.57     107   13.5
 54811  116.62   36.93      20    8.9
 51186   90.38   46.67    1218   -2.7
 51568   86.80   42.25    1085   14.4
 50673  130.40   48.88      90    7.0
 50788  131.98   47.23      66    8.8
 59131  118.37   24.97      45   30.3
 59314  116.13   23.30      29   31.8
 51352   85.25   44.85     337    0.6
 51358   85.82   44.28     468   -0.2
 51328   80.42   44.20     770    6.3
 51334   82.82   44.57     329    3.5
 51059   85.87   47.43     984   -8.0
 51572   89.25   42.83     -48   13.1
 57169  111.87   33.05     159   10.8
 57485  113.47   30.28      23   14.2
 59951  110.33   18.80      39   30.6
 59848  109.43   19.23     215   35.6
 59758  110.25   20.00      63   37.7
 59849  109.83   19.03     250   33.6
 57460  111.78   30.82      91   14.1
 57458  110.67   30.20     619   22.9
 57447  109.47   30.28     457   26.6
 53984  113.47   35.23      82   14.9
 57098  114.40   34.08      58   12.5
 53986  113.88   35.32      73   11.1
 57182  113.52   33.85      80   13.6
 57196  114.87   33.47      42   13.0
 58441  119.42   30.87      43   32.5
 58442  119.18   31.17      16   29.9
 58520  117.72   29.85     142   28.5
 58523  117.93   29.93     227   27.3
 58530  118.43   29.87     168   29.0
 58531  118.28   29.72     142   30.2
 58534  118.18   29.78     170   29.8
 58715  116.65   27.58      80   31.7
 57798  114.60   27.40      85   32.8
 58517  116.20   29.27      35   29.1
 58619  116.37   28.00      49   33.5
 57860  111.28   27.00     283   34.0
 57253  110.82   32.85     201   15.6
 57545  109.42   29.53     502   26.4
 57249  109.68   32.32     448   21.9
 53991  114.33   35.92      93   10.9
 57095  114.15   34.12      61   13.6
 50603  116.81   48.68     542   11.9
 50913  118.83   45.72     865    5.0
 59249  109.62   23.12      51   32.5
 59235  108.62   23.43     115   33.8
 52607  106.65   39.43    1252   10.5
 50647  123.48   48.13     236    8.3
 59284  113.24   23.42      38   31.5
 50349  124.40   51.67     501    1.5
 50353  126.63   51.73     173    1.9
 50137  122.37   53.47     296    0.3
 59061  111.27   24.82     193   31.0
 57954  110.18   25.23     157   31.5
 59255  110.38   23.55      32   34.4
 59425  107.35   22.40     107   36.1
 57385  113.82   31.62      93   16.7
 56092  104.65   35.00    1728   23.0
 59297  114.28   23.17      17   31.2
 50749  124.83   47.18     154   10.1
 53617  106.08   38.03    1118   13.7
 53913  106.63   35.85    1478   19.8
 53611  106.55   38.88    1098   11.0
 50525  119.75   49.15     620    9.6
 55773   89.08   27.73    4300    5.4
 54523  117.02   39.38       4   12.6
 59298  114.37   23.07     108   30.1
 53337  108.47   41.09    1023    8.7
 54320  119.30   41.60     544    5.8
 51828   79.93   37.13    1375   17.9
 51701   75.40   40.52    3504   -3.8
 52101   93.05   43.60    1679   -2.0
 59021  107.03   24.55     509   32.9
 58026  118.02   34.39      25   11.0
 58035  118.35   34.33      29   11.6
 58140  119.30   33.77       9   15.8
 58141  118.93   33.64      12   15.4
 58242  119.16   32.30      22   24.7
 58346  119.81   31.34      16   33.0
 59094  114.12   24.35     184   27.2
 56838   97.85   24.00     762   29.0
 56739   98.51   24.98    1695   21.3
 56886  103.77   24.53    1704   27.0
 56751  100.18   25.70    1990   20.3
 56840   98.30   24.82    1012   26.0
 56992  104.70   23.45    1507   28.4
 56790  104.25   25.68    1925   24.6
 59007  105.07   24.07    1249   30.4
 56782  103.55   25.42    2067   23.0
 56958  100.47   21.96    1222   27.3
 58017  116.13   34.25      41   11.2
 57634  107.88   28.52     660   28.7
 57910  106.08   25.77    1197   29.3
 53513  107.37   40.73    1041   11.1
 54135  122.27   43.60     178    9.0
 53602  105.67   38.83    1561   12.4
 54243  124.12   42.78     165   10.4
 54223  120.65   42.85     362    7.1
 54027  119.40   43.98     486    7.5
 50838  122.05   46.08     274    8.3
 50832  122.08   46.72     332    9.1
 53391  114.00   41.90    1482    1.3
 51346   84.67   44.43     478   -0.3
 53861  111.38   35.88     463   12.9
 53768  111.75   37.15     773   13.5
 53860  111.17   36.98    1406    5.9
 59948  109.59   18.22     419   27.3
 53869  111.70   36.58     550   12.6
 53866  111.67   36.23     462   12.1
 53947  109.07   35.08     978   16.4
 57387  113.13   31.00      84   16.9
 57476  112.15   30.35      31   13.4
 53484  113.15   40.45    1191    7.9
 50842  124.42   46.83     145    9.9
 53678  112.65   38.07     897    9.9
 53888  113.43   36.20    1089   12.6
 53874  111.90   36.25     648   12.0
 53871  112.85   36.83     964   14.0
 53964  111.22   35.62     430   13.4
 53885  113.20   36.12    1122   12.7
 53564  111.21   39.37    1036   10.2
 53665  111.65   38.28    1185    9.5
 57989  113.77   25.07     112   29.4
 59659  110.92   21.75      33   31.8
 59653  110.85   21.93      31   32.7
 59476  113.03   22.53      36   29.4
 57988  113.33   25.10     143   27.2
 59658  110.30   21.15      53   34.0
 51811   77.27   38.43    1231   22.6
 51642   84.27   41.82     982   16.3
 54594  116.35   39.72      37   14.8
 53998  114.65   35.20      61   11.4
 57083  113.65   34.72     110   15.2
 57186  114.05   33.60      58   13.3
 53987  113.36   35.11      94   15.4
 57093  114.82   34.85      73   11.7
 57198  114.57   33.50      44   12.1
 57192  114.85   33.73      45   12.9
 53362  111.68   41.53    1490    1.9
 50526  120.70   49.28     668    8.5
 50524  119.43   49.32     576   10.4
 54117  117.53   43.25    1003    0.8
 53475  112.47   40.52    1268    5.3
 52495  104.80   40.17    1323   11.7
 59673  112.77   21.73      21   28.1
 59654  110.30   21.63      29   34.2
 57194  114.27   33.28      59   12.7
 58100  115.17   33.65      41   12.8
 59655  110.62   21.65      32   32.0
 59456  110.93   22.35     141   32.0
 59304  115.18   23.63     176   31.9
 59492  114.73   22.97      47   28.2
 59478  112.78   22.25      32   28.7
 59129  117.60   24.13      53   29.0
 57674  112.38   28.57      46   18.4
 57466  111.75   30.43      50   14.0
 56950   99.80   23.47    1044   28.8
 56835   97.82   24.07     959   28.4
 56643   98.85   25.87     949   22.5
 56862  101.60   24.68    1968   21.7
 56849   99.23   24.03    1606   22.9
 56664  101.27   26.63    1230   30.5
 56987  103.23   22.78    1260   26.9
 56641   98.87   26.90    1189   20.2
 56856  100.87   24.47    1162   26.5
 56978  102.42   23.00    1642   24.3
 56969  101.57   21.47     633   33.3
 56748   99.18   25.12    1652   23.2
 51356   86.05   44.32     442   -0.2
 51628   80.23   41.17    1103   21.2
 51377   87.92   44.17     547   -0.1
 51133   83.00   46.73     534    1.5
 51571   88.63   42.80       1   13.6
 51559   86.40   42.32    1100   15.3
 51469   87.18   43.45    1930   -4.4
 51431   81.33   43.95     662    6.5
 51931   81.65   36.85    1422   17.1
 51434   81.53   43.97     770    5.6
 59838  108.62   19.10       7   32.5
 59854  110.10   19.37     118   36.1
 56084  103.23   34.07    2374   24.4
 52643   99.62   38.83    2311   13.2
 52889  103.88   36.05    1517   26.7
 52853  100.98   36.90    3010   16.8
 56018   95.28   32.88    4066    7.7
 52754  100.13   37.33    3301   12.5
 50659  126.25   48.03     291    8.1
 50979  130.23   45.27     274    9.3
 50888  132.17   46.39      79    9.6
 50468  127.45   50.25     166    4.2
 56489  103.63   28.23     877   32.4
 56586  103.72   27.35    1949   25.6
 56388  103.82   29.40     421   29.0
 56172  102.23   31.90    2664   22.8
 57431  108.35   30.83     257   28.9
 50557  125.23   49.17     242    7.9
 54092  129.40   44.60     292    5.2
 50954  125.08   45.50     127    8.6
 53841  109.32   36.88    1068   15.1
 59037  108.10   23.93     170   32.7
 59452  110.53   22.83     131   31.5
 58933  118.98   26.92     869   28.3
 58731  118.53   27.92     276   31.0
 54214  118.42   42.58     960    2.4
 58824  117.15   26.40     357   31.0
 58744  119.42   27.45     815   29.5
 58836  118.73   26.58     361   32.1
 58736  118.82   27.38     262   32.7
 52974  102.02   35.52    2491   23.6
 57514  106.22   29.58     331   29.0
 54244  123.33   42.75     118    6.8
 54249  123.87   42.30      85    8.8
 51826   80.80   37.02    1336   17.6
 51359   86.20   44.32     471    0.0
 54722  117.63   37.75       6    8.3
 54917  116.33   35.13      35    9.5
 54913  116.82   35.75      62    8.4
 54871  122.48   36.93       9   11.0
 57494  114.05   30.60      23   15.0
 57484  112.55   30.74      57   13.6
 57378  112.57   31.17      65   15.9
 50136  122.52   52.97     438   -0.2
 54622  117.37   38.98       3   10.2
 50445  123.73   50.58     423    5.5
 57363  111.83   31.80     151   14.7
 57483  113.13   30.67      31   14.7
 57257  110.23   32.23     307   21.5
 54039  122.02   44.03     181    7.8
 53615  106.70   38.80    1101   12.2
 53881  106.48   37.28    1382   17.2
 57769  111.73   27.23     252   33.0
 57936  108.91   25.76     258   34.2
 54342  123.52   41.73      49    7.6
 54345  123.07   41.20      30   11.7
 57355  110.37   31.03     334   25.4
 57445  109.72   30.60     609   25.9
 56434   97.47   28.65    2327   11.7
 59855  110.47   19.23      24   34.2
 58036  118.71   34.54      32   12.9
 58341  119.59   31.98       6   27.3
 58342  119.55   31.72       6   30.4
 58345  119.50   31.43       5   31.5
 58264  121.18   32.33       3   31.0
 58265  121.60   32.07       3   30.0
 58353  120.57   31.86      11   31.6
 57614  106.22   28.33    1180   26.1
 57177  113.53   33.33      89   13.8
 59065  111.50   24.42     148   30.4
 57155  109.87   33.55     660   26.7
 57735  108.82   27.18     404   35.3
 57822  107.90   26.90     835   32.0
 58008  115.33   34.47      54   16.5
 57085  113.33   34.53     259   15.7
 53467  111.18   40.27    1016    8.6
 53195  113.63   43.85    1036    3.8
 52576  101.68   39.22    1510    6.1
 50514  117.32   49.58     661   11.4
 54134  121.28   43.60     241    9.0
 54428  117.40   40.03      15   10.8
 50741  123.50   47.93     185    7.9
 57832  108.67   26.97     626   32.9
 53392  114.60   41.85    1422    1.3
 53397  113.98   41.10    1376    1.8
 53399  114.70   41.15    1393    2.4
 54861  121.53   36.93      45   11.5
 54812  116.75   36.78      22    8.7
 52874  102.41   36.49    2021   23.5
 50862  127.98   46.98     206    8.8
 50971  131.02   45.77     223   11.2
 50772  129.23   48.10     288    9.8
 50950  125.25   45.70     148    9.6
 50953  126.57   45.93     118    8.4
 50881  131.78   46.78      70    8.0
 50755  126.07   47.62     249    7.4
 50739  123.24   47.30     209    8.7
 50867  127.35   46.08     134    8.0
 59023  108.03   24.70     260   32.9
 59457  110.27   22.32     121   32.5
 59265  111.30   23.48     114   33.8
 58903  116.03   25.90     210   29.3
 58626  117.23   28.30      60   33.6
 57080  112.97   34.73     165   17.4
 57292  114.63   32.97      44   12.4
 58005  115.54   34.44      50   11.6
 50639  122.73   48.00     306    8.1
 54902  115.12   35.90      49   10.9
 59324  117.03   23.43       7   26.9
 54929  117.97   35.27     121   11.3
 54810  116.27   36.87      27   10.0
 50859  126.28   46.29     169    7.6
 50750  125.30   47.90     226    8.5
 51815   77.27   38.20    1274   21.9
 56094  104.37   33.78    1400   27.3
 52633   98.42   38.82    3367   14.0
 58620  117.10   29.02      51   32.6
 54938  118.40   35.05      65   12.8
 54712  116.82   37.20      18    9.0
 58025  117.73   34.57      27   10.6
 54911  116.40   35.93      44    9.2
 54907  116.65   34.98      34    9.7
 54919  116.98   35.38      88    9.5
 54916  116.85   35.57      51    8.5
 54908  115.10   35.27      57   10.7
 58443  119.89   31.02      25   32.9
 58446  119.70   30.63      72   32.6
 58448  119.70   30.22     117   32.3
 58449  119.95   30.05      46   33.6
 58454  119.98   30.53     102   33.0
 58455  120.65   30.52       8   33.9
 58457  120.17   30.23      41   33.6
 58459  120.29   30.19      44   34.6
 58467  121.27   30.20       4   35.6
 58468  121.17   30.05       5   35.7
 58537  118.40   29.13     153   31.1
 54346  123.78   41.32     185    7.3
 54347  123.17   41.23      24    8.5
 54349  124.13   41.30     258    5.6
 54353  125.05   41.73     328    5.7
 54365  125.35   41.28     245    5.5
 54452  119.82   40.80     365    6.5
 54575  122.37   39.42      43    8.7
 54453  120.96   40.87      38    7.7
 54454  120.30   40.33      29    7.8
 54470  122.07   41.02       5    8.0
 54472  122.72   40.88      25   10.4
 54474  122.35   40.42      24    9.6
 57722  107.47   27.77     792   31.4
 53993  114.92   35.93      51   11.0
 54903  115.48   35.85      45   10.3
 57171  113.12   33.77     142   12.8
 54645  117.47   38.85       2    9.8
 57499  114.88   30.07      40   26.7
 57543  110.03   29.90     539   26.3
 54012  117.63   44.57    1001    6.1
 54313  118.70   41.93     733    4.9
 53367  111.23   41.32    1602    1.4
 59317  116.30   23.03      14   28.1
 50964  128.80   45.83     119    9.8
 50978  130.92   45.30     272    9.9
 50858  125.81   46.02     159   10.3
 54080  127.15   44.90     194    7.2
 54093  130.55   44.93     266    7.5
 50973  130.61   45.75     234   10.7
 50983  132.96   45.77     100    7.5
 50756  126.87   47.45     247    6.4
 54098  129.47   44.33     267    4.7
 50767  127.10   47.23     202    6.6
 54094  129.67   44.50     305    4.8
 50674  129.43   48.57     404    8.2
 53491  114.38   40.67     837    8.3
 53499  114.73   40.77     755    7.8
 53593  114.57   39.83     909    9.1
 53596  115.13   38.85      52   13.8
 53599  114.68   39.37     884   13.2
 53680  114.38   38.30     108   15.2
 53682  114.68   38.63     104   14.8
 53690  114.18   38.85     281   16.9
 53691  114.57   38.15      71   15.2
 53692  114.98   38.73      66   14.9
 53693  114.13   38.03     255   17.6
 53694  114.22   38.27     131   14.5
 53695  114.68   38.35      70   15.5
 59427  107.07   22.12     163   35.2
 59064  111.32   24.55     136   31.2
 59426  107.92   22.61     146   35.3
 59052  110.82   24.83     169   31.9
 59449  109.98   22.30      85   32.8
 56296  104.43   30.85     448   31.4
 56291  104.28   30.93     469   29.8
 56173  102.55   32.80    3491   15.7
 56247   99.11   30.00    2589   20.1
 57307  105.08   31.10     404   30.2
 56475  102.52   28.65    1659   28.8
 58461  121.12   31.13       4   31.5
 58462  121.23   31.03       4   30.4
 53935  108.40   35.49    1481   18.3
 53914  106.12   35.62    2078   21.3
 59429  108.01   22.18     216   34.0
 57956  110.32   25.42     167   32.0
 59453  110.12   22.67     121   32.5
 54419  116.63   40.37      75   12.4
 58627  117.06   28.31      56   33.1
 58625  117.60   28.42      79   33.6
 58559  120.97   29.15     107   32.1
 58645  119.49   28.46     149   33.7
 57886  113.80   26.48     268   33.3
 54726  117.18   37.70      11    8.6
 53776  112.77   37.68     831   10.7
 53760  111.23   37.88    1212    6.7
 53864  111.10   36.40    1030    9.9
 59941  109.52   18.77     328   32.3
 59847  109.05   19.27      98   36.8
 57906  106.08   25.18     566   35.5
 57808  105.75   26.32    1274   30.2
 57803  106.02   27.04    1231   29.1
 58944  119.78   25.52      32   26.4
 58941  119.50   25.97      25   31.0
 58839  118.85   26.23      40   34.8
 58543  119.02   29.62     171   32.5
 58544  119.27   29.48      88   33.4
 58548  119.47   29.22      50   34.0
 58549  119.65   29.12      62   33.1
 58557  120.08   29.33      90   33.8
 58561  121.60   29.98       4   32.4
 58562  121.55   29.78       5   32.2
 58565  121.39   29.69      41   30.2
 58566  121.88   29.47       6   28.1
 58567  121.43   29.32      39   29.9
 58569  121.95   29.20     128   24.2
 58631  118.50   28.90     137   31.4
 54475  122.45   40.57      11    8.6
 54483  123.90   40.88     233    6.6
 54493  124.78   40.72     260    8.5
 54494  124.07   40.47      72    7.9
 54565  121.47   39.61      70    9.1
 54568  121.75   39.05      90    8.8
 54569  121.95   39.42      11    9.0
 54579  122.58   39.27      35    8.8
 54590  124.17   39.88       4    8.8
 54662  121.63   38.90      91    9.2
 56485  103.58   28.27    1255   28.5
 56196  104.73   31.45     522   29.6
 53705  105.68   37.48    1183   16.0
 53614  106.20   38.47    1110   12.3
 53910  106.20   35.67    2841   14.8
 53519  106.77   39.22    1092   10.9
 59058  110.53   24.20     181   31.0
 57065  112.13   34.55     317   18.2
 52575  102.78   39.42    1239    7.6
 50934  121.58   45.38     311    8.7
 50915  116.97   45.52     838    5.8
 50774  128.83   47.70     264    8.4
 50632  121.92   48.77     739    7.9
 59446  109.30   22.42      66   31.7
 59237  108.28   23.17     111   35.0
 59230  108.17   23.72     168   34.0
 59435  108.48   22.77      74   32.0
 53324  107.05   41.07    1035   10.9
 54431  116.63   39.92      43   14.3
 57339  108.68   30.95     297   29.8
 58931  118.10   25.72    1653   19.8
 58911  116.37   25.85     310   27.5
 59127  117.83   24.43      32   31.6
 53696  115.02   38.55      41   14.2
 53697  114.83   38.03      53   14.5
 53698  114.36   38.07     103   14.0
 53773  114.62   36.33      64   12.3
 53781  114.47   36.87      67   14.0
 53784  114.78   37.75      38   13.4
 53785  114.67   37.52      35   13.0
 53789  114.63   37.88      52   13.9
 53790  114.61   37.63      44   13.0
 53791  114.50   37.81      68   13.3
 53792  114.48   37.45     113   13.7
 53794  114.75   37.35      33   12.4
 56357  100.30   29.05    3727   12.3
 56181  103.70   30.68     541   28.2
 56376  102.63   29.33    1098   31.2
 57605  105.82   28.03     537   31.8
 56474  102.17   28.55    1774   26.7
 56480  103.53   28.82     564   30.2
 56164  100.98   32.27    3284   17.2
 56276  103.82   30.45     467   29.5
 56279  102.93   30.15     682   28.9
 56289  103.87   30.20     437   30.3
 56251  100.32   30.93    3000   20.3
 56168  102.07   31.48    2168   27.2
 57265  111.73   32.43     132   12.8
 57388  113.71   31.27      53   16.5
 53848  109.35   36.27    1005   19.9
 53832  108.77   36.77    1218   18.7
 53929  107.80   35.20    1206   18.7
 53945  109.07   35.43    1395   16.4
 57020  107.40   34.37     563   16.7
 57026  107.88   34.37     585   16.3
 57238  107.90   32.53     693   28.8
 54835  118.55   36.50     106   10.4
 53681  113.37   38.83    1096   11.5
 53880  113.23   36.33     947   12.4
 58938  118.98   25.23      23   28.8
 57992  114.75   25.67     127   27.3
 53492  114.15   40.10     937    9.5
 53688  114.55   38.42     100   15.3
 53689  115.07   38.02      42   14.3
 53890  114.10   36.67     280   12.7
 53894  114.20   36.40     149   12.2
 53996  114.65   36.45      57   12.0
 54301  115.67   41.67    1412    0.9
 54308  116.63   41.20     735    6.7
 54319  118.67   41.00     502    6.9
 58632  118.60   28.72     126   32.6
 58633  118.90   29.00      82   32.8
 58642  119.80   28.88     105   34.2
 58643  120.03   28.90     102   33.9
 58644  119.28   28.60     237   33.3
 58652  120.72   28.87      83   33.7
 58656  120.97   28.07      60   22.3
 58657  120.28   28.15      57   29.2
 58659  120.65   28.03      28   26.0
 58660  121.20   28.87       6   29.3
 58664  121.37   28.37      35   25.6
 56079  102.97   33.58    3441   15.4
 56194  104.45   31.63     597   27.6
 56498  104.50   28.15     549   31.4
 56195  104.73   31.80     543   27.6
 56278  102.77   30.07     755   28.4
 57420  107.19   30.75     418   27.4
 57604  105.38   28.78     368   26.8
 56395  104.67   29.52     351   27.9
 56286  104.26   30.61     505   29.9
 56666  101.72   26.58    1224   30.5
 57401  105.37   30.87     383   28.2
 57206  105.90   32.42     545   28.9
 54734  118.00   37.36      12    7.8
 54842  119.99   36.79      62   11.1
 54714  116.33   37.45      23   10.8
 59285  113.60   23.57      38   30.9
 54833  118.08   36.97      15    8.5
 58138  118.52   32.98      40   16.2
 58929  118.15   25.07      68   32.4
 58934  118.27   25.33     183   31.5
 59140  118.32   24.55      17   25.8
 59320  117.13   23.75      37   29.8
 52797  104.05   37.18    1630   21.7
 54823  117.00   36.60     170    6.4
 54863  121.18   36.78      40   11.8
 54766  121.59   37.43      39   13.0
 54727  117.55   36.68     121    6.9
 54827  117.15   36.17     128    9.4
 54732  118.52   37.87       5    7.7
 53946  109.82   35.60    1091   18.1
 53795  114.37   37.65     137   14.7
 53796  114.89   37.62      30   13.0
 53797  114.52   37.28      73   13.4
 53798  114.36   37.18     183   12.8
 53799  115.00   37.24      25   11.8
 53883  114.70   37.13      36   13.1
 53886  113.67   36.57     470   17.7
 53891  114.68   37.02      43   12.9
 53892  114.47   36.62      66   13.7
 53895  114.50   36.78      60   13.9
 53897  114.38   36.38      69   12.5
 53980  114.80   36.55      50   12.1
 59106  115.90   24.58     152   31.3
 52675  102.20   38.53    1508    6.7
 56494  104.33   28.84     386   29.0
 56144   98.58   31.80    3184   15.3
 56267  101.02   30.03    2600   22.5
 57304  105.17   31.67     516   28.3
 56671  102.25   26.65    1787   26.1
 56287  103.00   29.98     627   29.2
 56273  102.82   30.39    1022   27.1
 56297  104.15   30.02     436   29.9
 57315  106.40   31.53     655   26.7
 57308  105.38   31.22     421   30.4
 57329  107.85   31.10     467   27.8
 56584  103.25   27.70    1093   32.9
 50877  129.58   46.30     100    7.7
 53573  112.70   40.00    1336    5.3
 56187  103.86   30.75     547   28.8
 53878  113.38   36.52     767   14.2
 53956  110.83   35.40     588   15.2
 53915  106.67   35.55    1346   20.7
 57016  107.13   34.35     612   17.2
 57242  109.37   32.85     285   23.7
 54065  125.65   44.53     169    7.6
 54154  124.30   43.35     160    9.3
 54169  126.02   43.30     271    8.3
 54186  128.20   43.37     524    8.2
 54192  130.27   43.70     384    6.6
 54279  126.58   42.05     544    8.4
 54293  129.83   42.95     142    6.5
 54371  126.43   41.93     520    8.0
 54423  117.92   40.97     422    5.6
 54432  118.47   40.61     369    6.1
 54439  118.72   40.02      50    9.8
 54519  116.48   39.30      12   12.3
 54521  116.98   39.77      13   13.0
 54617  116.12   38.18      13   12.3
 54701  115.20   37.93      35   14.3
 54713  116.53   37.88      14   10.7
 54717  116.40   37.63      17   10.7
 54943  120.00   35.88      10   12.9
 54940  119.20   35.75     148   12.0
 54737  118.15   37.15       9    8.4
 54736  118.67   37.43       6    7.9
 58665  121.42   28.62       4   27.2
 58666  121.90   28.45      86   18.3
 58742  119.56   28.11     163   32.6
 58745  119.08   27.62     400   30.5
 58752  120.65   27.78      39   26.2
 58760  121.15   27.83      68   22.5
 51288   90.53   45.37    1653   -7.2
 51467   86.33   42.76    1732    9.3
 51526   88.22   42.23     922   11.3
 59322  117.37   23.98      22   30.8
 58912  116.73   25.72     404   28.1
 58826  117.80   26.40     120   34.2
 56396  104.77   29.35     352   27.8
 56592  104.52   28.43     359   30.3
 57503  105.12   29.62     349   27.6
 57405  105.55   30.50     355   28.3
 57237  108.03   32.07     674   28.6
 56178  102.36   31.00    2438   23.5
 57402  105.70   30.77     394   28.4
 56399  104.98   29.18     306   27.2
 56665  101.85   26.68    1140   32.3
 57070  112.12   34.73     364   18.6
 57082  113.02   34.47     427   16.1
 57285  113.42   32.38     153   15.0
 58139  118.91   33.31      10   16.5
 58145  119.15   33.50       7   16.8
 58252  119.47   32.18      27   28.0
 58344  119.20   31.96      36   26.2
 58351  120.30   31.90       4   31.1
 58147  118.97   32.98      24   19.7
 58247  119.80   32.27       3   27.7
 53272  112.63   42.75    1104    5.1
 57377  112.22   31.00     191   14.7
 58735  118.75   27.52     260   32.4
 54623  117.72   39.05       4    8.8
 59227  107.14   23.11     454   32.4
 59218  106.42   23.13     739   30.4
 59031  108.26   24.81     342   31.5
 52784  102.90   37.47    2072   13.2
 53707  105.25   36.93    1697   17.1
 53727  107.12   37.17    1712   13.0
 53517  106.33   39.27    1464    7.1
 53704  105.18   37.53    1225   15.7
 53817  106.27   36.00    1753   18.7
 53810  105.90   36.97    1339   21.5
 53612  106.18   37.98    1128   14.7
 53903  105.72   35.97    1916   20.1
 54304  115.27   40.95    1239    3.0
 54318  117.73   41.32     561    7.2
 54401  114.92   40.77     772    7.3
 54405  115.50   40.42     570    8.7
 54408  115.22   40.38     529   10.1
 54420  117.33   40.93     529    6.4
 54425  117.47   40.40     633    5.6
 54429  117.95   40.20      54   11.1
 54434  118.33   40.17     131    8.4
 54436  118.95   40.42     254    7.4
 54437  118.62   39.51      18    8.8
 56441   99.28   28.72    2422   21.4
 56197  104.17   31.15     535   27.1
 56487  103.13   28.33    1943   28.6
 56394  104.43   29.45     384   27.2
 56382  103.55   29.75     475   27.8
 57417  106.28   30.35     315   27.6
 56374  101.97   30.05    2615   20.4
 56383  103.87   29.83     455   28.9
 56285  103.52   30.60     523   29.8
 56281  103.50   30.18     510   28.6
 57217  106.28   32.23     485   29.6
 56298  104.60   30.13     417   28.7
 56384  103.48   29.60     446   28.7
 58365  121.25   31.37       4   31.6
 58367  121.43   31.20       4   29.5
 58463  121.50   30.88       4   25.7
 58112  116.45   30.73     968   18.0
 58419  117.02   30.10      17   29.0
 58900  114.95   25.85     123   28.3
 58714  116.23   27.55     120   33.0
 58710  116.05   27.77      78   33.2
 57995  114.93   25.40     164   27.7
 54900  115.02   35.70      53   10.6
 57293  114.98   32.73      38   10.9
 57075  112.87   34.17     203   14.8
 56082  103.50   34.58    2540   23.6
 52424   95.78   40.53    1170   10.2
 57947  109.40   25.20     121   33.0
 54909  115.52   35.08      51   10.8
 54853  120.42   36.17      42   12.6
 54807  115.77   36.15      41   10.1
 58021  117.28   34.78      80   10.2
 55591   91.13   29.67    3648   16.4
 55655   85.97   28.18    3810    5.6
 58848  119.55   26.20      13   31.2
 59124  117.38   24.52      53   33.2
 59133  118.92   24.90      21   23.2
 58942  119.38   25.72      39   29.1
 58917  116.10   25.08     307   28.4
 58932  118.93   25.87      85   33.7
 58927  117.02   25.05     376   29.3
 58820  117.17   26.90     342   30.2
 58843  120.02   26.88      56   28.2
 58828  117.62   26.27     208   33.4
 58844  119.15   26.15      57   35.9
 59650  110.25   21.40      29   35.9
 52737   97.38   37.37    2981   19.6
 50434  121.68   50.48     732    6.6
 53512  106.80   39.80    1105   14.3
 57076  112.78   34.73     189   17.2
 57090  113.97   34.72      78   13.3
 58001  115.10   34.43      56   11.9
 58205  115.43   32.47      34   12.0
 57096  114.78   34.53      59   12.6
 57390  114.07   31.80     733   14.3
 58111  116.45   33.97      32   11.5
 54738  118.40   37.05      15    8.7
 54834  118.28   36.87      46    8.5
 54912  116.50   35.77      41    8.7
 54822  117.73   36.87      47    8.4
 59851  110.34   19.67      53   36.4
 53788  113.57   37.33    1265   11.4
 53083  114.15   44.62    1181    4.1
 53231  106.40   41.40    1510    5.8
 53149  110.13   42.53    1225    5.1
 57573  112.90   29.83      30   14.5
 57187  112.93   33.07     118   11.4
 54047  123.28   44.13     145    6.7
 53384  113.18   41.45    1423    3.2
 50775  130.20   47.34     182    6.7
 51437   81.13   43.15    1851   -3.4
 54204  115.00   42.30    1346    3.5
 51436   83.30   43.45     928    1.9
 51243   84.85   45.62     450   -0.3
 52313   94.67   41.53    1573    6.0
 51060   86.87   47.70     473   -5.0
 51495   91.73   43.22     721    3.3
 51804   75.23   37.77    3090    9.2
 51655   86.27   41.35     884   14.9
 51156   85.75   46.82    1322   -7.5
 51814   77.40   37.92    1360   20.9
 51855   85.55   38.15    1247   15.3
 54099  131.13   44.08     148    7.0
 50854  125.32   46.38     149    8.0
 54449  119.52   39.85       2    9.6
 54502  116.03   39.48      29   12.8
 54503  115.82   39.07      12   13.7
 54506  115.95   39.32      24   13.2
 54507  115.52   39.33      49   13.5
 54510  116.95   39.91      18   12.6
 54512  116.28   39.42      21   13.1
 54515  116.70   39.50      13   13.8
 54518  116.39   39.17       8   12.1
 54520  117.08   39.97      18   13.5
 54522  117.73   39.88      14   10.6
 57296  114.73   32.35      48   12.3
 57071  112.43   34.82     333   16.9
 50880  131.12   46.73     102    8.3
 54084  127.60   44.73     331    6.4
 56185  102.98   32.08    2400   23.5
 56097  104.25   33.27    1440   28.5
 57326  107.72   31.37     389   28.5
 57413  106.97   30.85     295   27.9
 56473  102.77   28.95    1060   36.0
 56443   99.80   28.93    2842   17.5
 53821  107.30   36.57    1255   19.0
 52418   94.68   40.15    1139   10.7
 52515   94.87   39.52    2137    8.8
 54829  117.87   36.77      85    7.9
 54818  116.42   36.25      79    8.2
 54774  122.13   37.47      65   12.9
 54709  116.07   37.23      24   10.2
 50968  127.97   45.22     189    6.6
 58501  115.63   29.92      23   24.6
 50442  124.12   50.40     371    9.8
 54096  131.17   44.38     567    8.1
 57635  108.98   28.45     363   25.3
 53970  112.20   35.70     887   10.6
 54814  116.25   36.53      29    9.8
 53879  112.88   36.32     952   14.9
 56691  104.28   26.87    2237   23.7
 57923  107.87   25.98     419   33.5
 53603  106.37   38.83    1095   12.2
 59843  110.00   19.73      31   38.9
 52707   93.68   36.80    2767   19.4
 52825   96.43   36.43    2790   23.2
 52955  100.73   35.58    3120   18.8
 56045   99.90   33.97    4050    9.9
 57682  113.57   28.71     106   27.3
 59134  118.07   24.48     139   29.0
 58940  119.33   26.08      25   32.1
 58754  120.20   27.33      36   29.4
 59113  116.72   24.73     226   30.5
 58821  117.47   26.73     173   32.0
 58946  119.00   25.45      81   30.7
 58921  117.35   25.97     206   33.2
 58819  116.82   26.18     336   29.3
 59321  117.50   23.78      53   27.9
 52866  101.75   36.73    2295   22.9
 58502  116.02   29.67      74   27.7
 57190  114.40   33.75      50   12.5
 53992  114.52   35.65      58   10.4
 53988  113.67   35.27      77   12.5
 58104  115.07   33.40      41   13.3
 53368  111.47   41.08    1637    1.5
 54528  117.13   39.23       3   11.7
 54526  117.33   39.08       1   10.4
 50431  121.52   50.78     717    7.6
 56991  104.33   23.62    1561   26.8
 56851  100.53   25.04    1377   25.5
 56976  102.85   23.22     312   36.7
 56567  100.86   27.26    2367   21.0
 50727  119.93   47.17     997    5.4
 53469  111.82   40.40    1166    5.4
 54231  122.35   42.97     248    7.7
 52378  102.37   41.37     960    8.7
 54026  120.90   44.57     265    8.5
 50527  119.70   49.25     649    9.3
 50861  127.48   46.89     182    7.8
 50758  125.90   47.18     246    6.4
 52679  102.67   37.92    1531   11.5
 52657  100.25   38.18    2787   18.5
 57583  113.97   29.92      61   15.5
 57278  112.08   32.00     163   13.6
 53464  111.17   40.72    1042    9.0
 54208  116.47   42.19    1245    1.5
 53481  113.22   40.80    1316    7.2
 59432  108.40   22.80     194   32.2
 59229  107.70   23.17     125   35.3
 59664  111.00   21.55      31   30.1
 59287  113.48   23.22      70   28.7
 59053  110.64   24.65     157   31.3
 51567   86.57   42.08    1055   13.7
 51708   75.95   39.15    1325   21.2
 51704   76.17   39.72    1298   21.6
 51829   80.17   37.08    1347   18.1
 52885  103.25   36.75    2118   20.0
 58241  119.45   32.79       5   22.6
 58243  119.82   32.95       3   24.2
 57608  105.43   28.17     377   32.0
 56459  101.27   27.93    2426   22.6
 57216  106.83   32.35     579   28.2
 54531  118.72   39.73      43    9.1
 54532  118.08   39.81      31   10.1
 54534  118.10   39.65      23    9.0
 54535  118.47   39.29       3    8.5
 54539  118.88   39.43       8    9.2
 54540  119.20   39.73      17    9.9
 54541  119.23   39.90      24    9.9
 54601  115.65   38.98      13   13.2
 54602  115.48   38.73      16   12.5
 54603  115.77   38.72      10   12.6
 54604  115.33   38.42      29   14.1
 54605  115.93   38.93       4   13.6
 59114  116.17   24.65     135   31.4
 53498  115.03   40.57     629    8.4
 58003  115.88   34.95      45   11.4
 58030  118.02   34.88      44   12.0
 54808  115.63   36.23      37   10.7
 52868  101.37   36.02    2273   23.1
 56125   96.47   32.20    3643   12.1
 52745   99.02   37.30    3417   14.9
 57502  105.70   29.70     394   27.9
 57694  114.38   28.53     259   29.7
 58527  117.20   29.30      61   31.8
 57891  114.25   26.93     153   35.4
 58503  115.67   29.70      41   26.3
 58614  116.27   28.38      34   33.8
 57805  105.77   26.68    1319   28.7
 59501  115.37   22.80      16   28.2
 53522  107.83   40.05    1180    9.4
 56693  104.87   26.58    1815   27.2
 57055  110.13   34.59     342   16.0
 57043  109.97   34.80     351   17.0
 57842  109.72   26.88     281   33.6
 57743  109.80   27.88     176   32.8
 57744  109.17   27.37     355   35.2
 57763  112.00   27.68     205   28.7
 57881  113.25   26.72     101   34.3
 53875  112.35   36.52    1000   14.5
 53968  111.67   35.28     505   13.7
 53953  110.85   35.97     965   14.5
 53859  110.67   36.10     851   15.5
 53579  112.90   39.02     859   10.4
 53677  112.48   37.93     806   10.2
 53663  111.82   38.92    1401    6.1
 59278  112.45   23.03      41   31.6
 59072  112.37   24.80     131   30.0
 59090  114.07   24.95     103   28.7
 59057  110.18   24.13     830   27.7
 59033  108.90   24.78     328   32.0
 59431  108.22   22.63     121   33.5
 57014  105.87   34.57    1085   27.2
 59985  111.62   16.53       4   30.7
 59856  110.75   19.62      21   31.7
 59945  109.70   18.65      68   33.2
 54323  120.78   41.82     253    7.6
 54324  120.43   41.55     174    8.1
 56952  100.70   23.50     913   29.9
 56951  100.08   23.88    1502   25.5
 56883  103.98   24.82    1900   24.3
 56975  102.43   23.37     974   31.0
 56869  101.97   24.07    1497   25.9
 56898  102.41   24.18    1600   25.2
 56977  101.85   22.58    1120   28.3
 56973  102.83   23.62    1309   27.6
 56964  100.97   22.78    1302   27.2
 56970  102.48   23.70    1419   26.5
 56882  102.83   24.91    1976   22.5
 56885  103.45   24.40    1415   28.8
 57540  109.15   29.68     776   25.0
 57407  105.03   30.28     462   28.6
 56496  105.23   28.32     358   31.1
 57314  106.07   31.35     405   28.6
 56462  101.50   29.00    2925   19.6
 56389  103.95   29.20     387   29.2
 56670  102.12   26.92    1136   32.1
 56478  102.43   28.30    1818   27.6
 56580  102.80   27.72    2460   22.5
 56390  104.07   29.67     404   29.0
 56565  101.52   27.43    2545   20.3
 58045  119.60   34.20       4   15.0
 58154  120.20   33.43       2   24.0
 58235  118.85   32.37      10   21.7
 58246  119.99   32.56       2   27.1
 58255  120.57   32.37       6   30.3
 56674  101.73   26.50    1108   32.6
 56288  103.92   30.58     494   30.3
 57324  107.08   31.58     364   29.3
 56571  102.27   27.90    1590   29.8
 57411  106.10   30.78     309   28.9
 52787  102.87   37.20    3045   14.7
 54777  122.07   37.20     118   11.5
 54606  115.73   38.23      19   12.4
 54607  115.12   38.72      45   13.7
 54608  115.55   38.00      26   13.6
 54609  115.59   38.23      22   13.1
 54610  116.10   38.73       8   12.8
 54611  115.32   38.93      44   13.0
 54612  116.46   38.85       4   11.5
 54613  116.62   38.70       6   11.1
 54614  116.06   38.42      10   12.3
 54615  116.85   38.58       8   10.4
 54616  116.85   38.35       8   10.2
 54618  116.55   38.08      13   10.4
 58101  115.48   33.87      41   12.1
 51465   87.10   43.48    1871   -7.4
 57792  114.68   27.82      93   32.6
 57519  107.11   29.16     698   28.3
 57636  108.50   28.57     334   30.0
 57827  107.53   26.32     969   31.1
 57916  106.77   25.43     440   36.4
 57907  104.90   25.08    1299   31.0
 57738  108.42   27.05     516   33.4
 58928  117.53   25.02     166   32.0
 58150  120.30   33.75       1   21.7
 57509  106.92   28.99     599   28.3
 53979  113.08   35.15     120   16.3
 57051  111.20   34.80     409   15.4
 58718  116.53   27.22     111   32.0
 57913  106.98   26.45    1093   30.6
 52876  102.83   36.33    1813   24.5
 53483  113.83   40.87    1268    5.0
 54914  116.08   35.42      40   10.0
 57462  111.08   30.87     139   15.9
 53757  110.12   37.12     938   11.4
 59276  112.65   23.35      40   32.5
 54728  117.38   37.77       8    8.2
 53959  111.07   35.11     375   14.0
 53862  111.80   36.85     811   13.6
 53872  112.68   36.77     960   15.3
 53662  111.58   38.72    1396    7.1
 54935  118.43   35.53     119   13.0
 54843  119.20   36.75      22    9.1
 54816  116.80   36.52      98    7.4
 54819  116.80   36.18     113    7.4
 54836  118.17   36.18     305    9.7
 54815  116.27   36.38      31    9.3
 54841  119.42   36.86      23    9.5
 54778  122.48   37.17      61   11.6
 54325  120.35   41.18     183    6.9
 54326  119.63   41.41     462    6.7
 54328  119.72   41.08     296    7.7
 54330  121.33   41.13      45    9.1
 54331  121.75   41.60     113    9.3
 54332  122.72   41.52      12    8.3
 54333  122.85   41.97      30    8.0
 54335  122.08   41.68      37    7.3
 54338  121.95   41.28       3    6.7
 54339  123.00   41.08      77   11.1
 54340  123.32   41.67      35    9.8
 56872  102.62   24.95    2358   19.6
 56842   99.18   24.73    1471   23.1
 56994  104.28   23.33    1293   28.8
 56843   99.62   24.83    1650   22.4
 56841   98.68   24.60    1528   22.2
 56949   99.60   22.32     945   29.2
 56836   97.95   24.70     826   28.7
 56982  103.29   23.70    1117   29.4
 56879  102.91   24.19    1702   24.7
 56873  102.92   24.68    1796   24.5
 56870  102.18   24.66    1600   25.5
 56961  101.05   23.03    1336   26.4
 57415  106.63   30.53     394   27.0
 57508  105.37   29.15     301   28.2
 56171  101.70   32.90    3275   18.4
 56193  104.52   32.42     893   29.8
 56182  103.60   32.67    2881   19.3
 56158  100.67   31.40    3250   17.6
 57306  105.97   31.58     382   28.7
 57328  107.51   31.21     344   28.4
 57318  106.55   31.07     338   28.6
 56393  104.85   29.77     369   27.5
 58340  119.03   31.66      25   26.2
 58343  119.98   31.88       4   30.7
 58352  120.77   31.65       4   31.4
 57298  114.55   32.22      55   12.1
 53997  114.18   35.15      71   12.2
 52863  101.95   36.82    2480   21.4
 58130  117.95   33.93      23   12.1
 58354  120.35   31.62       3   31.7
 54321  119.63   41.87     661    5.1
 54723  117.57   37.65      10    7.9
 53983  114.42   35.03      69   11.6
 57099  114.85   34.07      52   13.3
 59663  111.97   21.84      89   27.7
 59303  115.75   23.92     135   32.3
 59097  114.20   24.05     198   27.2
 58734  118.12   27.33     196   30.3
 58747  119.35   27.15     899   28.3
 51433   82.52   43.80    1105    1.7
 51720   79.05   40.50    1161   22.9
 52112   94.98   43.76     479    8.2
 51137   82.93   46.20     715   -0.3
 54620  115.57   38.48      18   13.5
 54621  115.18   38.18      38   14.3
 54624  117.32   38.41       4    9.1
 54626  115.82   38.42      13   12.7
 54627  117.23   38.03       8    8.6
 54628  117.48   38.15       6    8.8
 54631  115.15   37.07      32   12.0
 54632  115.03   37.07      34   12.4
 54633  115.23   37.52      26   12.9
 54636  116.10   39.02      11   12.2
 54640  114.87   36.92      36   12.8
 54644  117.12   38.05      10    8.7
 51435   82.23   43.47     774    3.4
 52645   99.60   38.43    3314   14.1
 53893  114.95   36.77      39   12.9
 57067  111.07   34.08     658   18.0
 57089  113.93   34.07      67   12.8
 57185  113.58   33.45      91   13.4
 57193  114.52   33.78      52   12.4
 56081  103.35   34.70    2810   20.1
 54218  118.83   42.31     668    5.5
 57853  110.63   26.73     341   33.4
 57867  111.28   26.40     169   33.7
 57776  112.69   27.30    1265   24.7
 57771  112.53   27.93      88   25.9
 58015  116.33   34.45      44   10.9
 58016  116.97   34.18      34   10.6
 58102  115.73   33.78      39   12.0
 58107  115.28   33.02      35   12.7
 58108  115.33   33.23      34   13.1
 58113  116.75   33.93      31   10.4
 58114  116.18   33.48      31   11.5
 58116  116.83   33.98      31   10.9
 58118  116.52   33.27      26   12.5
 58122  116.98   33.63      25   11.8
 58125  117.52   33.58      22   12.7
 58126  117.87   33.47      19   14.2
 54803  116.02   36.98      27   10.4
 54828  117.68   36.23     229    9.7
 54718  116.47   37.15      22    9.4
 58032  118.65   34.95      90   12.8
 58135  118.22   33.48      16   14.3
 50958  126.93   45.53     168    9.3
 50873  130.30   46.78      82    7.9
 50955  126.32   45.39     168    7.9
 50656  126.50   48.25     276    8.3
 56046   99.65   33.75    3967   10.5
 57719  106.97   27.07    1275   28.3
 57737  108.12   27.03     547   33.4
 54776  122.70   37.40      47   11.0
 54755  120.39   37.33     117   11.4
 54730  118.14   37.69       6    7.8
 54945  119.55   35.47      64   13.6
 54849  120.03   36.22      84   12.0
 54851  120.56   36.90      76   11.8
 53916  106.32   35.50    1948   18.1
 56984  103.15   23.38    1720   23.1
 56946   99.40   23.55    1104   28.0
 56986  103.68   22.98    1414   26.9
 56878  102.75   24.13    1801   23.6
 56954   99.93   22.57    1054   27.9
 56839   98.82   23.77     995   29.2
 57981  113.22   25.97     139   33.8
 52875  102.10   36.50    2125   23.0
 52968  101.47   35.03    3662   12.7
 53619  106.30   38.12    1115   14.8
 58044  119.23   34.55       4   13.6
 58268  121.08   32.10       4   31.0
 58506  115.98   29.57    1164   20.2
 55593   91.73   29.85    3804   16.4
 56227   95.77   29.87    2736   15.9
 51378   89.17   44.00     742   -2.0
 51058   87.97   47.10     563   -3.3
 59754  110.18   20.33      55   37.3
 56183  103.62   31.50    1370   27.7
 58012  116.66   34.67      42    9.6
 58013  116.91   34.75      36    9.6
 58027  117.16   34.29      41   10.2
 58040  119.13   34.86       5   13.4
 58047  119.24   34.26       4   13.9
 59099  114.93   24.45     173   26.6
 53978  112.63   35.08     140   18.1
 58245  119.42   32.41       9   25.9
 51470   88.12   43.88    1942   -8.4
 52203   93.52   42.82     737    8.4
 51463   87.65   43.78     935   -4.5
 51367   86.85   44.17     575   -0.9
 51365   87.53   44.20     440   -0.3
 51581   90.23   42.85     398   10.0
 56385  103.34   29.52    3047   13.6
 58146  119.77   33.47       3   19.4
 58148  119.34   33.27       3   18.3
 58158  120.48   33.20       3   26.4
 58237  118.59   32.07      46   21.7
 58238  118.90   31.93      35   24.7
 58244  119.59   32.45       5   26.6
 58249  120.05   32.16       6   29.2
 58250  120.16   32.51       6   28.2
 58254  120.45   32.52       5   28.6
 54700  115.93   38.03      16   12.4
 54702  115.70   37.73      20   12.7
 54703  115.88   37.80      21   12.0
 54704  115.57   37.52      24   12.4
 54705  115.38   37.37      27   12.9
 54706  115.67   37.08      31   11.7
 54707  115.98   37.35      27   11.6
 54708  115.73   37.50      23   12.1
 54710  116.17   37.87      18   11.5
 54719  116.68   38.03      11   10.2
 54800  115.25   37.00      33   11.8
 54801  115.48   36.85      35   11.5
 56444   98.92   28.48    3319    9.7
 56483  103.95   28.58     496   28.5
 56533   98.67   27.75    1583   17.5
 56543   99.70   27.83    3276   11.0
 56649   99.96   26.11    2059   18.5
 56651  100.22   26.85    2380   20.2
 56654  100.18   26.58    2195   21.1
 57754  109.84   27.21     252   34.1
 59470  112.20   22.70      57   32.6
 59088  113.42   24.18      74   28.9
 59269  111.78   23.17      47   33.7
 59473  112.98   22.74      47   31.4
 54529  117.82   39.35       3    9.0
 57505  105.58   29.42     338   28.0
 57066  111.67   34.40     408   20.6
 57072  112.75   34.92     127   16.9
 58127  117.20   32.98      21   15.0
 58128  117.35   33.33      21   13.3
 58202  115.57   32.67      31   12.0
 58203  115.73   32.87      32   12.2
 58212  116.77   32.72      23   16.0
 58214  116.30   32.37      27   16.7
 58215  116.78   32.43      25   17.2
 58220  117.15   32.47      28   17.6
 58221  117.30   32.85      26   15.6
 58222  117.55   32.85      24   15.1
 58223  117.98   32.80      31   15.8
 58224  117.02   32.65      32   16.9
 56029   96.96   33.00    3716   13.3
 52855  101.25   36.68    2675   18.2
 59310  116.18   23.77      45   32.1
 59313  116.98   23.68      44   28.6
 57426  107.80   30.68     454   28.8
 54525  117.28   39.73       5   11.9
 54530  117.77   39.23       1    9.1
 58823  117.80   26.80     175   32.4
 55690   91.95   27.98    4280    5.1
 55696   92.47   28.42    3860   12.1
 58529  117.85   29.27     171   31.3
 57896  114.50   26.33     126   30.5
 57398  114.62   31.28      74   15.7
 57279  112.75   32.15     125   15.4
 57461  111.36   30.74     256   12.0
 57589  113.87   29.27     146   27.3
 59001  105.33   24.78     672   36.2
 59256  110.90   23.37     105   33.0
 57453  111.32   30.77     115   13.4
 59034  108.67   24.48     150   34.3
 59055  110.40   24.50     165   32.5
 57942  110.00   25.80     268   33.1
 52765  101.62   37.38    2850   17.3
 58269  121.65   31.78       3   29.3
 58356  121.00   31.40       3   32.5
 58358  120.43   31.07      16   32.1
 58360  121.20   31.92       3   31.3
 53352  110.43   41.70    1376    3.5
 50645  124.48   48.48     195    8.0
 53378  112.62   41.28    1737    1.3
 53419  107.00   40.33    1055   11.4
 50618  118.27   48.22     642   11.0
 54031  121.82   44.90     198    9.9
 58048  119.35   34.12       4   14.6
 58546  119.88   29.47     115   33.0
 58563  121.83   29.88       5   29.2
 58646  119.93   28.46      59   33.9
 57902  105.18   25.43    1378   29.8
 57809  105.75   26.07    1251   29.4
 51709   75.75   39.49    1385   21.8
 51777   88.17   39.03     887   13.1
 51482   90.28   43.83    1271   -6.9
 51379   89.57   44.02     793   -1.9
 51368   87.32   44.12     515   -0.6
 51711   78.45   40.93    1985   14.1
 51644   82.97   41.72    1081   15.8
 51573   89.20   42.93      34   13.3
 51730   81.27   40.55    1012   22.0
 51068   87.48   47.12     497   -2.8
 51705   75.25   39.72    2175   13.9
 51238   82.07   44.90     532    3.1
 51053   86.40   48.05     532   -5.1
 58259  120.98   32.08       4   31.6
 58339  118.90   31.33      15   28.0
 58349  120.56   31.41       8   32.5
 58359  120.62   31.13       4   32.5
 58377  121.11   31.51       5   32.1
 57464  111.18   30.47     142   13.2
 57586  114.03   29.53      78   26.4
 50566  128.47   49.55     116    5.4
 50844  123.45   46.40     138    9.5
 50742  124.48   47.80     162    9.6
 50745  123.92   47.38     147   10.3
 56854  100.13   24.45    1108   26.7
 54809  115.28   36.55      41   12.1
 54820  115.17   36.82      36   12.1
 59071  112.28   24.73     174   30.2
 59109  115.73   24.15     123   31.1
 59228  107.58   23.32     108   35.9
 54259  124.87   42.07     224    5.6
 56684  103.25   26.40    2188   22.9
 56688  103.17   26.10    1254   32.0
 56697  104.08   26.22    1984   25.8
 56742   99.37   25.90    1658   20.4
 56745   99.95   25.68    1626   21.9
 56752  100.57   25.83    1438   26.9
 57088  113.50   34.19     146   13.0
 58301  115.38   31.82      92   14.8
 57081  113.43   34.80     140   17.2
 57188  114.03   33.37      55   12.4
 58004  115.15   34.65      60   11.7
 54122  120.03   43.86     428    9.0
 57195  114.62   33.62      46   12.7
 53994  114.07   35.38      70   11.3
 57079  113.03   34.95     106   16.6
 58207  115.05   32.17      42   11.9
 54901  115.17   36.08      47   10.7
 58225  117.67   32.53      69   18.1
 58230  118.28   32.12      26   19.7
 58234  118.42   32.47      40   19.7
 58236  118.25   32.35      33   19.5
 58240  119.02   32.68      21   22.1
 58306  115.88   31.68      95   16.0
 58311  116.50   31.73      74   20.4
 58314  116.32   31.40      86   17.8
 58319  116.95   31.07      85   23.7
 58320  117.13   31.73      21   20.0
 58321  117.30   31.78      27   20.6
 58323  117.47   31.88      25   22.0
 57799  114.92   27.05      71   30.7
 59102  115.65   24.95     303   28.1
 57696  114.78   28.40      91   32.5
 58507  115.12   29.25     116   28.8
 58608  115.55   28.07      30   33.4
 57598  114.58   29.03     146   29.2
 59092  114.82   24.92     206   27.8
 57585  113.45   29.48      60   16.3
 57671  112.37   28.85      37   15.5
 57666  112.13   28.52      52   18.2
 57642  109.65   28.70     325   23.8
 57554  110.16   29.40     322   23.0
 53590  114.27   39.75     977    9.3
 53578  112.43   39.37    1114    9.5
 53660  111.08   39.02     894   12.3
 53666  111.93   38.35    1212   10.0
 50658  125.88   48.05     236    7.9
 50779  134.28   48.37      40    6.9
 50247  123.57   52.03     514    1.9
 51145   83.65   46.55     521    0.5
 51716   78.57   39.80    1116   22.3
 51627   79.23   41.22    1395   19.4
 51747   83.67   39.00    1099   19.4
 58850  120.23   26.92      92   24.9
 58041  119.43   34.78      26   13.9
 58049  119.80   34.02       4   16.6
 53466  111.70   40.75    1045    7.9
 50548  123.72   49.20     286    6.9
 54729  117.87   37.17      11    7.8
 54830  117.93   36.82      34    8.0
 54920  117.28   35.65     110   10.2
 54921  116.33   35.42      38    9.9
 58038  118.78   34.08      10   12.9
 58132  118.68   33.72      14   14.7
 53610  106.35   38.57    1106   12.8
 59266  111.23   23.42      42   35.3
 57077  111.65   33.78     742   20.1
 53357  110.05   41.03    1360    3.9
 53276  112.90   42.40    1150    4.6
 53336  108.52   41.57    1288    5.3
 54226  120.70   42.33     400    6.1
 50425  120.18   50.25     581    9.2
 54213  119.02   42.93     634    6.4
 51827   79.63   37.17    1348   19.2
 51330   81.02   44.97    1357   -2.7
 51232   82.57   45.18     336    2.6
 51656   86.13   41.75     931   14.3
 56844   98.58   24.43     913   28.2
 59316  116.68   23.40       2   28.9
 58208  115.62   32.17      42   12.9
 51353   86.10   45.02     346    1.1
 56569  102.18   27.42    1380   30.0
 57094  114.22   34.40      67   12.5
 53982  113.27   35.23     112   15.7
 53985  113.82   35.50     140    9.3
 57091  114.30   34.78      73   12.1
 53989  113.98   35.08      75   13.0
 57297  114.05   32.13     114   13.7
 57299  114.90   32.02      49   12.4
 54527  117.05   39.08       3   11.8
 57512  106.26   29.97     364   27.6
 53487  113.42   40.08    1052    7.9
 53782  113.62   37.93     767   13.5
 53759  110.83   36.98    1109    8.7
 58326  117.83   31.58      30   23.9
 58329  117.87   31.33       9   19.6
 58330  118.08   31.75      26   20.2
 58331  118.37   31.73      22   21.1
 58334  118.37   31.38       9   22.9
 58336  118.57   31.70      80   22.4
 58337  118.18   31.08      26   24.5
 58338  118.60   31.12      40   28.2
 58414  116.32   30.43     105   24.2
 58415  116.55   30.67      64   24.6
 58416  116.82   30.75      35   26.1
 58417  116.13   30.17      54   24.9
 57673  112.89   28.69      53   25.9
 57661  111.48   28.92      48   15.2
 57846  110.15   26.58     310   32.8
 57978  112.55   25.27     292   29.4
 57758  110.60   27.03     339   32.5
 57971  112.20   25.92     224   33.1
 57584  113.09   29.38      53   15.1
 57872  112.60   26.89     104   35.0
 57655  110.40   28.47     151   21.9
 57778  112.95   27.09      70   34.6
 57965  111.60   25.53     192   32.0
 57865  111.62   26.50     192   33.4
 58822  116.85   26.83     342   30.8
 58818  116.63   26.23     358   30.0
 58749  119.88   27.23     684   29.4
 59122  117.75   24.62      43   31.7
 58837  118.15   26.15     204   33.2
 59462  111.60   22.70      60   33.8
 59656  110.82   21.40      27   29.7
 59081  113.29   24.78     131   27.3
 59293  114.73   23.80      70   30.4
 59290  114.25   23.78      85   28.7
 57996  114.25   25.08     149   28.3
 54024  119.30   44.45     710    4.8
 58834  118.17   26.63     152   33.5
 58847  119.28   26.08      84   34.7
 58936  118.70   25.37      77   31.8
 58926  117.42   25.30     205   32.3
 58918  116.42   25.05     198   29.1
 58935  118.23   25.48     521   29.3
 58724  117.32   27.53     268   31.7
 58845  119.53   26.50      60   30.6
 59137  118.57   24.82      56   29.1
 59125  117.30   24.38     108   31.3
 58737  118.32   27.05     154   32.7
 57565  111.73   29.67      38   13.4
 57777  112.87   27.23      63   34.3
 50924  119.65   45.55     860    5.2
 54922  117.78   35.88     224   10.0
 51438   81.77   43.18    1210    1.6
 51477   88.32   43.35    1103   -4.5
 54759  120.85   37.32     205   12.5
 57362  110.67   31.75     935   20.9
 51087   89.52   46.98     807   -5.1
 53455  110.53   40.55     998    9.9
 53975  112.40   35.48     659   15.8
 59096  114.48   24.37     214   25.9
 59074  112.15   24.57     300   29.6
 59075  112.63   24.48      70   30.6
 59107  115.28   24.12     179   30.9
 59294  113.83   23.33      30   29.5
 59280  113.08   23.72      79   30.3
 59087  113.52   23.88      97   28.6
 59082  113.60   24.67     121   28.5
 59493  114.00   22.53      63   29.6
 51639   82.78   41.23     980   18.3
 59842  109.68   19.90      31   37.7
 58421  117.87   30.63      31   30.0
 58423  117.78   30.48     647   24.5
 58424  116.97   30.62      62   26.3
 58426  118.13   30.30     193   29.6
 58428  117.50   30.22     118   27.9
 58429  117.85   30.98      11   25.0
 58431  118.32   30.90      39   29.2
 58432  118.40   30.68      57   29.9
 58433  118.75   30.93      31   29.5
 58436  118.98   30.62      87   31.2
 58437  118.15   30.13    1840   14.2
 58438  118.58   30.08     191   27.5
 57496  114.87   30.37      31   22.6
 57465  111.45   30.38      74   13.7
 53582  113.67   39.72    1079    7.8
 53775  112.59   37.42     785   12.8
 53873  112.87   36.10     951   12.7
 53580  113.10   39.82    1044   10.0
 53770  112.35   37.35     768   13.7
 53863  111.96   37.07     746   13.8
 53756  110.72   37.52     744   10.9
 57054  110.23   34.55     556   18.2
 57057  110.15   34.10     963   20.6
 57213  106.93   33.00     536   23.9
 57248  109.33   32.40     431   24.6
 58906  115.80   25.60     167   29.5
 57699  114.92   28.23      66   33.4
 58602  115.55   28.85      40   31.4
 58616  116.82   28.20      40   32.7
 57794  114.02   27.63     177   34.3
 58612  116.68   28.70      21   32.7
 57990  114.30   25.70     246   26.7
 57883  114.28   26.75     253   33.7
 57894  114.17   26.58     843   29.2
 57899  114.92   26.80      71   31.3
 58606  115.92   28.60      46   32.4
 57582  113.88   29.72      46   16.7
 53850  110.18   36.88     804   12.9
 53990  114.32   35.72      79   10.0
 50962  128.03   45.95     112    8.2
 56499  104.78   28.38     368   31.4
 57525  107.75   29.32     277   30.5
 57469  111.77   30.18      69   14.1
 54806  115.97   36.42      33   11.0
 52862  101.68   36.95    2450   20.9
 52963  102.02   35.93    2085   23.8
 57723  107.72   27.98     710   30.7
 53857  110.18   36.07     840   17.5
 57031  108.55   34.82    1012   17.6
 57106  106.15   33.32     794   28.4
 57131  108.97   34.43     410   17.4
 54533  118.10   39.58       8    8.8
 54804  115.18   36.30      45   11.4
 52980  103.30   35.97    1648   28.1
 59063  111.45   25.18     265   30.7
 57876  112.83   26.43     135   34.0
 57768  111.45   27.32     242   34.1
 57566  111.65   29.45      51   13.4
 57779  113.35   27.00     102   34.8
 57034  108.24   34.31     471   16.3
 57040  109.08   34.52     377   16.9
 54316  118.75   41.52     679    5.4
 59481  113.32   22.94      12   30.6
 59487  113.30   22.23      23   28.5
 59485  113.40   22.50      33   30.2
 59480  113.25   22.85      21   31.4
 59477  112.23   22.27      68   29.8
 57002  105.65   34.85    1216   25.5
 56582  103.90   27.75    1176   30.2
 56585  103.56   27.19    1952   25.2
 53949  109.92   35.18     679   15.8
 57049  109.73   34.52     341   16.4
 58713  117.07   27.72     225   31.9
 53732  108.72   37.85    1209   12.2
 57516  106.47   29.58     259   29.7
 52833   98.48   36.93    2950   20.3
 57688  113.63   28.16     101   32.3
 50850  125.13   46.57     147    7.8
 50879  130.55   46.22     187    9.9
 53931  109.37   36.00     984   19.5
 57781  113.50   27.65      74   34.1
 57649  109.68   28.24     254   28.0
 57941  109.60   25.78     197   32.5
 59047  109.33   24.25     100   32.5
 53669  111.80   38.08    1150    9.6
 53973  112.95   35.77     837   16.1
 53981  113.27   35.78    1311   10.6
 53488  113.58   40.03    1034    8.1
 57707  105.29   27.30    1510   27.2
 57825  107.98   26.60     720   32.2
 57911  106.65   26.67    1323   29.1
 57432  108.40   30.77     186   29.5
 56756  100.58   25.48    1992   20.8
 56772  102.50   25.23    1692   25.7
 56777  102.10   25.11    1671   24.6
 56778  102.65   25.00    1888   23.1
 56781  103.27   25.55    1873   24.4
 57338  108.42   31.18     216   30.3
 56863  102.48   24.93    1848   23.5
 56871  102.60   24.65    1893   23.9
 56876  102.77   24.28    1731   24.6
 56880  103.17   24.92    1532   27.1
 56881  103.27   24.75    1695   26.5
 56948   99.60   22.63    1155   27.1
 56962  101.67   23.42    1314   27.3
 57038  108.45   34.28     410   16.9
 57137  108.32   33.32     802   26.2
 51707   76.73   39.50    1208   23.4
 53644  108.83   38.60    1307   10.7
 53553  111.22   39.87    1221    7.9
 54311  117.77   41.97     892    3.6
 57352  111.00   30.80     185   17.3
 54327  119.35   41.23     417    7.8
 54455  120.65   40.62      20    7.6
 57309  105.88   30.98     378   29.9
 56146  100.00   31.62    3393   14.9
 56295  104.55   30.38     448   29.7
 57317  106.42   31.03     324   28.6
 56184  103.17   31.43    1896   25.1
 56575  102.55   27.37    1428   30.1
 56378  102.35   29.23     890   32.7
 57425  107.33   30.33     433   28.9
 52661  101.08   38.80    1765    5.8
 57008  105.30   34.03    1579   24.3
 52988  103.72   35.37    2015   25.5
 57012  106.20   34.98    1664   23.7
 56080  102.90   35.00    2910   18.9
 53774  112.37   37.58     759   11.5
 53753  110.88   37.43     860   10.5
 57119  106.70   33.17     548   22.8
 57134  107.98   33.52     827   25.4
 56373  102.85   29.78     763   29.5
 55598   91.77   29.27    3560   16.1
 57834  108.30   26.68     641   33.3
 56598  104.73   27.13    1535   28.1
 57256  110.79   32.66     286   16.5
 56074  102.08   34.00    3471   13.2
 53924  107.62   35.07     966   23.3
 52985  103.33   35.42    2162   24.0
 52982  103.55   35.48    1953   25.9
 52986  103.87   35.37    1893   25.8
 57183  113.92   33.80      60   12.9
 54817  115.87   35.98      42    9.6
 57078  112.47   34.15     336   16.6
 57087  113.73   34.27     104   12.6
 57261  111.52   33.12     233   11.2
 57086  113.72   34.38     116   12.7
 57011  106.15   34.75    1378   25.9
 57268  111.62   32.27     120   14.4
 53778  112.22   37.17     780   13.6
 57993  115.00   25.87     137   28.7
 58623  117.92   28.47      90   33.4
 50956  126.77   46.08     134    7.6
 57409  105.80   30.18     297   28.3
 57537  108.17   29.30     322   30.7
 57513  106.62   29.73     464   28.0
 54905  115.93   35.58      46   10.5
 57870  112.10   26.80     151   34.5
 52908   93.08   35.22    4612    5.4
 55437   81.25   30.28    3900    7.3
 55294   91.10   32.35    4800    6.0
 56342   98.60   29.68    3870   10.6
 56128   96.60   31.22    3810   11.0
 56116   95.60   31.42    3873   10.3
 53457  110.03   40.40    1011    9.4
 53505  105.40   37.88    1380   12.1
 53529  107.96   39.09    1381    9.8
 52674  101.97   38.23    1976    8.2
 53446  109.88   40.53    1004    8.4
 58022  117.57   34.75      48   11.1
 54724  117.13   37.32      14    7.8
 52957  100.60   35.25    3148   18.8
 57736  108.85   27.70     369   35.1
 58109  115.65   33.13      31   12.1
 58210  116.23   32.65      25   15.1
 58420  117.23   30.72      58   27.2
 57353  111.00   30.83     191   17.4
 58846  119.52   26.67      32   33.1
 53478  112.45   40.00    1345    4.6
 53771  112.05   37.42     750   12.6
 59632  108.62   21.95       4   29.9
 57575  112.55   29.52      31   14.4
 57740  109.60   27.95     349   30.9
 57558  110.47   29.13     183   22.8
 56043  100.23   34.48    3719   13.2
 56033   98.22   34.92    4272    7.8
 52972  102.45   35.85    1921   24.2
 56151  100.75   32.93    3530   14.7
 54236  122.56   42.39      79    8.0
 57045  109.48   34.52     349   17.7
 57128  107.33   33.17     486   24.2
 53950  110.15   35.23     708   14.5
 57126  107.55   33.22     468   24.5
 58514  116.05   29.45      37   27.4
 58813  116.33   26.85     143   30.3
 58712  116.78   27.92     130   32.1
 58618  116.60   28.27      82   33.1
 58719  116.93   27.30     131   31.6
 58605  115.38   28.42      46   31.4
 54237  121.75   42.07     167    7.4
 54245  123.40   42.50      97   11.1
 54248  123.53   42.03      61   10.4
 54252  124.75   42.73     196    8.1
 54254  124.05   42.53      98    9.7
 54334  121.25   41.52      74    6.5
 54336  122.42   41.42       8    7.4
 54337  121.12   41.13      65    8.5
 54348  123.37   41.41      45    9.1
 54351  124.08   41.92     118    8.1
 54471  122.17   40.65       3    9.4
 54476  122.14   40.17      20    9.6
 57994  114.35   25.40     215   26.1
 58524  117.22   29.37      87   31.4
 57173  112.88   33.75     145   14.6
 57176  112.42   33.48     231   11.0
 56593  104.92   28.58     279   29.7
 56491  104.57   28.70     287   30.1
 56493  104.97   28.85     292   27.7
 56387  103.27   29.23     642   29.9
 56578  102.75   27.07     993   33.3
 53562  111.67   39.92    1208    7.1
 53385  113.54   41.60    1420    2.5
 54904  115.52   35.58      50   10.3
 54751  120.73   37.94      39   11.1
 54486  123.28   40.34      97    8.4
 54497  124.33   40.05      13    8.7
 54563  122.02   39.63     118    9.5
 54584  122.95   39.72      34    9.1
 54660  121.23   38.82      66    9.1
 57741  109.18   27.73     353   34.0
 57732  108.40   28.02     456   32.8
 57731  108.25   27.95     416   30.3
 57712  106.95   27.73     983   29.6
 57816  106.73   26.58    1223   29.5
 57839  109.15   26.23     568   30.9
 57909  105.82   24.98     584   36.8
 54716  116.80   37.67      16    9.2
 58409  115.93   30.10      32   25.9
 50246  124.72   52.35     361    0.6
 50985  131.87   45.55     151   11.3
 56594  104.05   27.63     880   35.7
 56595  104.87   27.42    1645   27.7
 56596  105.05   27.85    1177   29.3
 56669  101.67   26.05    1531   27.3
 56673  102.92   26.92     893   34.6
 56761  101.32   25.72    1878   22.5
 56774  102.42   25.53    1710   25.2
 56995  104.42   23.03    1332   27.6
 56016   95.62   33.85    4179   10.9
 57783  113.82   27.88     118   32.7
 57796  114.88   27.83     189   32.5
 58512  116.55   29.90      71   27.7
 58804  115.35   26.35     151   29.0
 58693  115.83   28.70      40   31.8
 56228   96.92   30.05    3260   17.1
 56137   97.17   31.15    3315   15.2
 57844  109.18   26.68     343   33.8
 53463  111.57   40.85    1153    4.9
 57908  105.48   25.12    1394   28.8
 53545  109.71   39.56    1367    8.7
 57625  107.45   28.55     679   29.4
 57577  112.17   29.40      36   13.9
 53852  110.63   36.77     916   11.1
 57506  105.90   29.37     353   28.6
 57438  108.12   29.98     632   28.6
 57510  106.07   29.85     326   28.4
 56192  104.67   32.95    1014   29.3
 54932  118.65   35.77     186   13.0
 53584  113.17   39.57    1000   10.3
 57029  108.48   34.50     543   17.0
 57491  114.40   30.87      31   15.9
 56290  104.18   30.78     514   29.7
 57180  113.20   33.98     117   13.4
 58007  115.30   34.07      47   12.7
 56034   97.13   33.80    4415    5.9
 57710  106.40   27.80     890   29.2
 52818   94.92   36.42    2807   22.4
 57348  109.53   31.02     299   28.2
 56021   95.81   34.13    4175    9.6
 58615  117.08   28.68      56   33.0
 56067  101.48   33.43    3628   14.4
 58510  116.23   29.73      40   25.8
 57358  110.97   30.83     295   17.0
 57789  113.95   27.13     194   33.8
 53961  111.48   35.65     472   12.7
 58418  116.67   30.13      60   27.1
 56307   92.58   29.15    3260   17.3
 57271  112.38   32.52      87   13.2
 52267  101.07   41.95     940    8.2
 53533  108.71   39.81    1414    6.8
 53348  109.13   41.02    1078    7.9
 59238  108.80   23.22     122   33.1
 56071  102.50   34.59    3190   17.2
 57006  105.75   34.58    1141   26.0
 54802  115.73   36.82      34   11.2
 58011  116.07   34.80      46   11.0
 57518  106.50   29.33     506   27.3
 53976  112.87   35.50     752   14.7
 58704  115.35   27.58     104   32.8
 53673  112.72   38.73     828   12.7
 57698  114.45   28.12      98   33.0
 53575  112.20   39.10    1525    4.9
 57991  114.55   25.80     140   27.5
 53764  111.10   37.50     950    9.6
 58509  115.82   29.05      36   30.6
 53565  111.50   39.43    1051    9.5
 58629  117.71   28.29     100   33.9
 52993  105.07   35.68    1739   21.7
 53594  114.18   39.45     938   11.9
 50963  128.73   45.97     108    9.3
 50787  131.84   47.31      62    8.2
 50965  128.27   45.43     167    6.9
 52713   95.35   37.85    3173   17.2
 56004   92.43   34.22    4533    6.6
 53948  109.58   34.95     499   15.8
 57030  108.15   34.70     994   15.7
 53750  110.18   37.77     931   10.8
 57233  108.50   32.90     413   23.6
 57962  111.65   25.97     167   33.1
 57646  109.95   28.62     302   24.0
 57875  112.68   26.75     137   33.9
 57544  109.45   29.47     488   27.1
 52557  100.17   39.15    1453    5.2
 57105  105.60   33.33    1221   25.9
 54205  116.00   42.23    1315    1.5
 57004  104.88   34.73    1495   24.0
 53343  109.97   41.77    1612    1.7
 50960  127.38   45.73     184    9.7
 57958  110.32   25.08     151   33.0
 53567  111.00   39.02    1024   11.6
 57948  109.25   25.08     122   32.1
 53658  110.48   38.03     894   12.0
 59631  108.35   21.78      32   28.6
 53735  108.80   37.62    1336   10.6
 58335  118.52   31.57      23   23.5
 57975  112.20   25.38     277   31.2
 59130  118.15   24.73      30   29.6
 57023  108.11   35.02     919   21.9
 57047  109.32   34.17     540   19.7
 59626  107.95   21.56      56   28.6
 59242  109.23   23.75      84   33.0
 59647  109.10   21.03      55   29.3
 50646  124.85   48.48     202    7.4
 53676  112.98   38.50     759   11.6
 53687  113.63   37.78     753   13.1
 53962  111.70   35.73     584   11.5
 57517  106.25   29.28     261   29.1
 59044  109.38   24.47      97   32.6
 53944  109.25   35.57     863   19.3
 53490  114.05   40.43    1014    7.5
 57025  107.38   34.52     781   14.4
 53679  112.54   37.75     776   10.9
 57124  106.93   33.63    1032   26.6
 53954  110.97   35.62     433   14.4
 53725  107.58   37.58    1360   12.0
 53486  113.77   40.37    1050    8.5
 57003  106.83   34.90     924   19.9
 52602   93.33   38.75    2770   13.9
 50776  130.83   47.57      83    9.1
 58317  116.37   30.87     434   22.8
 58460  121.35   30.73       5   25.5
 58474  122.05   30.63      54   24.0
 58117  116.20   33.13      27   11.9
 58327  117.28   31.27      45   23.1
 56280  103.12   30.08     691   28.6
 53967  111.20   35.33     468   12.9
 53777  112.14   37.51     753   11.1
 57914  106.67   26.42    1149   30.0
 57720  107.17   27.88     889   29.6
 53906  105.71   35.52    1656   21.2
 52447   98.88   40.00    1270    5.2
 56095  104.38   34.03    1753   25.6
 56096  104.92   33.40    1079   29.9
 53927  106.62   35.20    1477   20.4
 58707  115.13   27.22      66   31.8
 58814  116.35   26.35     247   29.6
 58907  115.40   25.15     305   28.3
 57786  113.85   27.63     117   34.2
 57039  108.88   34.08     445   18.5
 52869  101.58   36.50    2667   18.4
 59213  106.92   23.73     110   37.8
 52842   99.08   36.78    3087   17.4
 59241  109.68   23.97      90   33.4
 50852  126.45   46.82     169    6.6
 59215  106.63   23.33     680   31.8
 50878  130.72   47.00      78    7.6
 57957  110.30   25.32     164   31.8
 50884  131.15   46.63     175    8.3
 59448  109.55   22.27      69   32.7
 57035  108.23   34.55     636   16.6
 56386  103.76   29.56     424   29.3
 58369  121.78   31.05       5   27.3
 58366  121.49   31.67       4   29.7
 58362  121.45   31.40       5   31.7
 58370  121.53   31.23       4   28.9
 58361  121.37   31.10       5   30.1
 56380  103.35   29.88     571   28.1
 58316  116.92   31.47      23   23.4
 58427  117.50   30.65      15   27.8
 53767  111.17   37.33    1213    7.5
 57060  111.23   35.17     402   13.8
 53674  112.70   38.40     869   11.8
 57807  105.47   26.21    1361   29.5
 57900  105.22   25.83    1552   27.9
 57623  107.60   28.88     685   29.3
 59051  110.50   24.77     136   33.3
 59041  109.25   24.65     108   32.5
 57389  113.75   31.03      32   15.7
 58508  115.77   29.33      41   29.2
 50833  122.90   46.72     187    9.9
 57887  113.12   26.12     167   33.1
 57231  108.53   32.53     503   24.6
 57841  109.67   26.57     320   31.8
 53751  110.05   37.60     894   12.1
 57662  111.68   29.12     150   13.6
 57154  110.90   33.53     523   16.3
 57657  110.21   28.23     186   24.3
 57245  109.03   32.72     290   23.0
 57633  108.77   28.82     826   26.8
 57254  110.12   32.82     322   22.1
 55493   91.10   30.48    4200   10.0
 58435  118.53   30.30     220   29.7
 53957  110.72   35.62     459   14.7
 51329   80.85   44.05     640    8.5
 58609  115.82   28.22      27   33.8
 58601  115.38   28.70      53   32.5
 59205  105.63   23.65     685   33.0
 56449   99.73   28.02    3554   11.4
 55589   90.98   29.30    3555   16.7
 53908  105.23   35.22    1768   20.4
 53829  107.90   35.98    1093   20.0
 56091  104.47   34.85    1883   23.8
 54513  116.20   39.95      65   15.9
 58143  119.85   33.80       4   17.5
 54846  119.74   36.39      51   11.1
 54923  117.93   35.72     202   10.4
 54824  117.95   36.63      95    8.2
 54837  118.84   36.68      78    8.5
 54731  118.22   37.48      11    7.8
 58020  117.13   34.80      35   10.3
 54430  118.21   40.78     330    5.9
 55472   88.63   30.95    4672    6.3
 56867  101.12   23.98    1105   28.4
 57800  105.37   26.77    1457   28.6
 53845  109.45   36.58    1180   15.9
 57129  107.72   32.98     446   25.1
 53289  113.83   42.23    1322    1.8
 58806  116.01   26.48     209   29.1
 57492  114.84   30.84      40   16.1
 57489  114.01   30.52      23   14.4
 57541  109.48   30.00     532   27.8
 57595  114.50   29.60      76   26.0
 57760  111.43   27.70     249   34.5
 54187  128.92   43.12     366    7.8
 53877  112.25   36.17     860   11.3
 54195  129.78   43.30     244    8.5
 53585  113.27   39.17     933    8.1
 54260  125.08   42.92     252    7.0
 53588  113.52   38.95    2208    1.7
 54261  125.47   42.67     345    6.8
 53868  111.50   36.07     449   12.4
 54263  126.08   42.96     351    7.5
 57052  110.45   34.88     354   15.8
 54267  125.73   42.25     362    5.9
 53884  113.03   36.52     877   15.2
 57752  110.60   27.92     204   29.9
 58634  118.25   28.68     116   32.7
 59091  114.52   24.75     277   26.9
 58905  115.42   25.97     133   29.2
 53543  109.98   39.83    1461    6.7
 58748  119.65   27.10      50   32.6
 58923  117.83   25.70     400   31.5
 53738  108.17   36.92    1331   17.0
 53740  109.23   37.93    1111   13.4
 53938  108.30   35.17    1277   19.9
 54225  119.94   42.29     579    6.2
 52943   99.98   35.58    3323   17.3
 53941  109.58   35.18     804   17.6
 57046  110.08   34.48    2064   12.1
 57562  111.36   29.58     116   13.4
 57972  113.03   25.80     184   31.5
 57818  106.45   26.03    1140   30.3
 57728  107.47   27.07    1096   30.5
 54115  118.04   43.64     825    4.1
 59211  106.60   23.90     174   36.3
 59940  109.16   18.75     155   33.9
 59954  110.03   18.55      35   31.1
 55248   84.42   32.15    4414    7.7
 55228   80.08   32.50    4278    6.5
 55578   88.88   29.25    3836   14.3
 55680   89.60   28.92    4040   12.4
 56202   93.28   30.67    4488    6.4
 55597   91.68   29.03    3740   14.8
 54274  125.99   42.69     306    6.4
 54276  126.80   42.40     570    4.4
 54284  127.50   42.15     774    8.8
 54285  128.12   42.42     721    6.2
 54286  129.00   42.53     475    7.3
 54290  129.40   42.77     241    8.1
 54291  130.28   42.90      36    6.9
 54292  129.50   42.87     257    7.2
 54363  125.90   41.68     402    6.5
 54374  126.88   41.80     379    6.0
 59306  115.85   23.45      80   31.8
 54102  116.12   43.95    1003    1.6
 53420  107.12   40.85    1024   11.3
 53974  114.23   35.61      70    9.6
 57156  111.50   33.30     250   11.6
 57295  114.35   32.62      78   12.8
 57197  114.35   32.97      50   12.2
 52323   97.03   41.80    1770   -0.5
 52884  103.95   36.35    1668   22.4
 57343  109.53   31.90     995   24.7
 53763  112.17   37.92    1006   11.3
 53780  113.15   37.91    1066   10.0
 58408  115.43   30.23      35   26.2
 59500  115.32   22.97       6   28.9
 57247  108.90   32.32     438   26.7
 52877  102.25   36.10    2834   19.3
 56223   95.83   30.75    3640   13.1
 57840  109.20   26.90     401   32.9
 57921  107.34   25.85     821   31.7
 57714  106.23   27.47     942   29.9
 57708  105.60   27.15    1700   25.9
 57718  106.72   27.10    1112   29.9
 57903  105.60   25.94    1142   32.3
 57824  107.23   26.58    1001   30.6
 57829  107.80   26.20     963   28.7
 57806  105.90   26.25    1431   27.4
 57739  108.92   27.23     394   34.7
 57905  105.61   25.40    1184   30.6
 54273  126.75   42.98     263    7.3
 57028  107.32   34.03    1543   23.4
 57048  108.72   34.40     472   16.5
 57749  110.00   27.57     257   32.8
 57766  111.45   27.18     311   33.7
 57564  111.13   29.43     103   17.5
 57780  113.17   27.87      74   28.5
 57882  113.55   26.79     136   34.4
 57868  111.86   26.59     113   34.5
 57679  112.79   28.11     115   25.2
 57912  106.66   26.14     990   31.1
 57734  108.23   27.57     467   35.0
 57273  112.85   32.68     109   13.1
 53965  111.57   35.52     761   11.4
 58624  117.43   28.40      70   34.0
 59093  115.03   24.78     253   27.8
 57793  114.38   27.80     131   34.0
 56284  103.43   30.45     518   29.7
 56793  104.47   25.71    1800   26.5
 57713  106.88   27.70     843   30.4
 57687  112.79   28.11     119   25.0
 57772  112.50   27.75      86   26.1
 53955  110.45   35.47     458   14.1
 57021  107.13   34.65     751   17.0
 57915  106.77   26.63    1104   30.8
 57729  107.88   27.23     622   33.2
 59757  110.37   20.00       9   37.8
 59981  112.33   16.83       4   30.6
 57717  106.83   27.53     974   29.0
 57814  106.27   26.42    1298   28.8
 58404  115.22   30.47      61   25.9
 57486  113.85   30.65      25   14.6
 57259  110.77   32.03     426   22.0
 57381  113.34   31.62     116   16.5
 57368  111.63   31.05     141   14.5
 56996  104.70   23.13    1093   31.0
 56652  100.75   26.68    2130   21.6
 56646   99.92   26.53    2191   20.8
 56944   99.27   23.15    1278   27.1
 56548   99.28   27.17    2326   17.2
 56966  101.98   23.60     400   35.5
 56497  104.23   28.10     448   33.4
 56875  102.55   24.33    1716   24.3
 56746   99.52   25.47    1616   22.2
 56989  103.95   22.50     137   36.0
 56846   99.93   24.58    1569   22.6
 56985  103.38   23.38    1300   28.6
 56889  104.17   24.05    1518   29.0
 57042  109.18   34.78     470   15.6
 47035  124.40   40.10       5    1.7
 58607  115.95   28.55      31   33.0
 58705  115.42   27.33      85   32.2
 58706  115.83   27.43     181   31.6
 58600  115.37   28.87      78   32.7
 58635  118.20   28.43      95   33.0
 58505  115.90   29.62      63   26.8
 57007  105.18   34.18    1404   26.6
 57281  113.30   32.70     142   14.0
 53730  107.48   38.18    1333   10.8
 57395  114.12   31.57      74   15.9
 58401  115.40   30.75     123   27.0
 57351  111.00   30.83     206   16.8
 55664   87.08   28.63    4300   10.7
 55299   92.07   31.48    4507    8.9
 55572   89.10   29.68    4000   12.2
 56312   94.33   29.67    2991   16.3
 55569   87.60   29.08    4000   12.8
 56331   97.83   29.67    3780   12.3
 53937  107.92   35.52     979   21.3
 52533   98.48   39.77    1477    3.6
 56317   94.22   29.22    2950   14.5
 56891  104.32   24.98    1482   28.9
 56783  103.80   25.50    1906   25.2
 56785  103.08   25.36    1915   23.4
 56757  100.28   25.27    1742   23.3
 51802   76.17   38.93    1297   22.1
 53958  110.78   35.17     435   12.5
 53963  111.37   35.65     433   12.3
 53783  113.72   37.60     940   12.7
 53769  111.78   37.25     747   13.5
 53856  110.75   36.47     765   13.8
 53772  112.58   37.62     776   11.4
 53966  111.83   35.98     817   11.9
 57828  107.58   26.50     983   30.1
 57837  108.07   26.40     839   30.6
 57811  106.60   26.83    1296   29.2
 57609  105.70   28.58     317   27.8
 57742  109.20   27.52     884   29.9
 57536  108.76   29.52     786   24.2
 59288  113.02   23.15      29   31.2
 59750  110.07   20.97      33   35.9
 53787  112.98   37.07    1041   12.6
 53865  111.55   36.65    1011   10.6
 53786  113.33   37.09    1152   11.2
 56109   93.78   31.48    3940   12.3
 55681   90.40   28.97    4431    8.8
 55279   90.02   31.38    4700    3.9
 54753  120.34   37.64       4   14.1
 54805  115.47   36.45      39   11.2
 54744  118.55   37.58       8    7.8
 52984  103.18   35.58    1917   26.0
 52881  103.18   36.98    2484   18.7
 59268  111.54   23.26      70   34.6
 52895  104.68   36.57    1398   23.9
 59289  113.73   22.97      56   29.0
 52983  104.15   35.87    1874   25.4
 57053  110.72   34.70     505   15.4
 53685  113.42   38.07     953   11.4
 53577  112.30   39.00    1437    8.9
 58129  117.83   33.15      14   14.9
 57520  107.07   29.83     377   29.4
 55585   90.17   29.43    3809   15.6
 58542  119.68   29.82      46   34.2
 58648  119.64   27.99     246   33.2
 58746  119.70   27.55     538   31.1
 59209  105.83   23.42     794   30.2
 53472  112.57   40.87    1451    2.9
 57251  110.42   33.00     249   19.6
 59635  108.35   21.62      31   28.1
 51886   90.85   38.25    2944   10.9
 57498  114.94   30.52      26   18.6
 57386  114.00   31.25      51   17.6
 57482  113.95   30.90      25   15.7
 57359  110.73   31.35     336   25.5
 50778  132.53   47.67      57    8.6
 54915  116.60   35.43      33    8.6
 54765  121.43   37.48      82   12.6
 58002  115.58   34.85      49   11.4
 59475  112.65   22.40      27   29.6
 54725  117.53   37.50      11    7.9
 59469  111.78   22.17      37   30.2
 54857  120.33   36.07      76   11.4
 58034  118.32   34.60      36   12.8
 58730  118.03   27.77     222   30.0
 54831  118.50   36.65     102    8.4
 59126  117.65   24.50      28   31.7
 56106   93.78   31.88    4022   10.3
 58725  117.47   27.33     218   32.3
 51765   87.70   40.63     846   12.3
 58701  115.40   27.77      46   32.8
 57439  108.93   30.28    1074   25.5
 57495  114.88   30.67      28   17.8
 57493  114.33   30.35      73   15.4
 57481  113.57   30.95      30   15.6
 58500  115.20   29.85      45   26.2
 54132  121.07   42.40     400    6.4
 53928  107.02   35.30    1149   22.1
 52546   99.83   39.37    1332    5.1
 52896  104.15   36.55    1738   21.1
 53925  107.18   35.68    1172   20.7
 52656  100.82   38.43    2281   10.1
 58131  118.22   33.97      25   12.6
 57001  105.33   34.75    1271   25.0
 52995  104.62   35.58    1897   23.5
 57032  108.20   34.13     436   16.6
 53854  110.07   36.58     804   15.8
 57041  108.92   34.63     424   17.0
 57140  109.12   33.67     818   25.4
 53651  110.47   38.82    1098   12.0
 53942  109.41   35.77    1155   17.1
 51722   80.40   40.65    1044   21.3
 58622  117.58   28.95      88   32.0
 53972  112.90   35.05     117   16.6
 57889  113.94   26.08     835   25.5
 57175  112.23   33.05     191    9.8
 57845  109.78   26.17     397   30.7
 57162  112.07   34.13     440   16.5
 57680  113.11   28.86      82   25.0
 57396  114.85   31.63     128   14.0
 57745  109.68   27.45     272   32.2
 53433  108.65   40.73    1020    8.9
 57056  110.86   34.54     484   15.4
 58257  120.26   31.99       4   30.3
 54305  115.27   41.88    1468    0.8
 53068  111.93   43.62     963    6.9
 54505  116.10   39.94      98   16.1
 54421  117.12   40.65     293    8.4
 54410  116.13   40.60    1224    3.8
 54939  118.82   35.17     113   13.8
 54715  116.52   37.31      17    9.4
 54764  121.23   37.48      53   13.7
 54852  120.73   36.97      54   12.1
 54918  116.97   35.60      62    9.2
 54848  119.42   35.98      82   11.3
 57132  108.58   34.13     411   16.9
 57143  109.97   33.87     742   24.1
 57144  109.15   33.43     693   27.0
 57153  110.33   33.70     639   22.8
 57211  106.25   32.83     836   27.6
 59318  116.58   23.27       5   28.8
 59488  113.57   22.28      51   26.6
 59116  116.70   24.33      81   32.5
 59502  115.65   22.95       5   28.9
 59279  112.87   23.18      24   31.5
 59117  116.07   24.28     116   31.5
 59471  112.05   22.93     101   32.8
 56038   98.10   32.98    4200    8.9
 53995  114.50   35.55      62   10.6
 56492  104.60   28.80     340   28.9
 57084  113.05   34.49    1178   10.8
 57408  105.35   30.12     338   29.5
 57178  112.49   33.10     180   10.4
 57416  106.93   30.33     391   29.0
 57184  113.30   33.63      97   12.6
 52998  104.20   35.13    2111   20.7
 57204  105.22   32.57     782   28.9
 57110  106.08   33.78     930   25.5
 54925  117.63   35.52     167   10.9
 54910  116.05   35.82      40    9.4
 52978  102.49   35.19    2948   19.1
 52446   99.52   40.30    1177    6.0
 59027  107.25   24.13     254   33.5
 59038  108.65   24.07     138   33.8
 59022  107.55   24.98     749   30.1
 59025  107.38   24.53     248   34.0
 54501  115.68   39.97     440   11.9
 59319  116.83   23.43       4   27.7
 57647  109.18   28.15     406   28.7
 57345  109.62   31.40     337   26.4
 57985  113.68   25.57     609   24.2
 57678  112.55   28.25      74   25.5
 57851  110.83   26.46     346   32.2
 57774  112.17   27.45     100   34.9
 57966  111.96   25.59     244   32.8
 57857  110.32   26.37     477   32.3
 57663  111.95   28.92      31   14.6
 57612  106.65   29.00     474   29.0
 54825  117.85   36.52     189   10.6
 56186  104.20   31.33     589   27.9
 50928  120.33   45.07     628    5.6
 56147   98.83   31.22    3260   18.0
 53192  114.95   44.02    1126    2.8
 59312  116.70   23.67      60   30.1
 57320  107.22   31.93     482   29.0
 59264  111.50   23.40      83   34.5
 56198  104.50   31.32     525   28.8
 59315  116.40   23.59      43   30.4
 56371  102.23   29.92    1321   30.7
 59270  112.18   23.92      84   32.6
 56263  101.88   30.88    1949   28.9
 59271  112.43   23.63      57   33.4
 54416  116.87   40.38      71   11.7
 54499  116.22   40.22      76   15.4
 57606  106.83   28.13     972   27.2
 56792  104.97   25.78    1649   27.8
 57813  106.47   26.57    1261   29.1
 57926  107.88   25.42     428   33.6
 57835  108.43   26.72     527   34.0
 57658  110.20   28.02     152   29.1
 57974  112.37   25.58     214   32.4
 57761  111.30   27.75     211   30.2
 57574  112.40   29.37      36   14.0
 57973  112.72   25.75     329   31.1
 54844  119.18   36.42      62   10.0
 54906  115.42   35.25      49   11.0
 54821  117.20   37.00      20    8.1
 57522  107.27   29.74     372   28.2
 53917  106.07   35.22    1631   23.3
 59640  109.18   21.67       5   30.1
 59451  110.35   22.70      98   33.9
 51629   80.23   41.27    1132   20.6
 51633   81.90   41.78    1229   15.7
 57179  113.00   33.28     160   11.9
 57290  113.91   32.94     106   12.8
 57191  114.47   34.51      64   12.0
 56152  100.33   32.28    3893   11.6
 54596  116.19   39.77      48   13.5
 56675  102.58   26.65    1694   26.8
 54406  115.97   40.45     487   10.2
 56381  103.50   30.07     630   28.1
 54511  116.47   39.80      31   15.2
 57600  105.06   28.71     420   27.5
 54514  116.25   39.87      55   15.3
 56490  103.90   28.95     424   29.9
 54597  115.74   39.73     407   12.5
 57414  106.45   30.52     403   27.3
 54433  116.50   39.95      35   14.9
 57260  111.52   32.57     133   14.6
 57361  111.27   31.88     327   21.4
 53646  109.78   38.27    1157    9.9
 53748  109.70   37.18    1063   11.6
 57022  107.78   34.68    1026   22.2
 57024  107.65   34.45     669   15.8
 57027  107.73   34.27     517   18.0
 57033  108.82   34.55     428   16.6
 57044  109.23   34.40     424   17.3
 57113  106.55   33.93     984   26.4
 57127  107.03   33.07     509   23.1
 57932  108.53   25.97     285   33.3
 57511  106.45   29.85     240   29.7
 57437  108.03   30.30     325   29.0
 56180  103.85   31.68    1590   24.2
 56190  104.55   31.55     519   28.6
 56189  103.93   30.98     581   28.2
 57313  106.77   31.87     417   28.3
 56167  101.12   30.98    2957   19.4
 56272  103.88   30.82     558   28.9
 57208  105.52   32.28     544   28.8
 56391  103.82   30.08     415   30.4
 57507  105.30   29.33     385   26.7
 53926  107.35   35.35    1028   22.5
 56479  102.85   28.00    2132   26.6
 54424  117.12   40.17      32   13.4
 57603  105.83   28.82     283   28.2
 54826  117.10   36.25    1533    6.9
 57303  105.92   31.73     459   28.0
 54927  117.20   35.10      74    9.6
 56188  103.66   31.00     698   25.7
 54752  120.77   37.80      60   12.2
 56199  104.68   31.03     423   30.1
 54832  118.80   36.86      23    8.7
 54234  121.75   42.73     297    6.8
 59644  109.13   21.45      12   29.7
 57637  108.10   28.25     629   28.2
 57922  107.54   25.83    1013   29.3
 57821  107.50   26.70     925   31.4
 51717   76.78   39.25    1206   24.1
 51636   82.65   41.55    1009   16.6
 51369   87.65   43.97     600   -1.4
 58444  120.29   30.42     101   33.7
 58450  120.05   30.87       7   34.2
 58451  120.93   30.83       2   33.6
 58452  120.77   30.73       4   33.2
 58453  120.50   30.07       7   34.1
 58456  120.52   30.63       6   33.4
 57102  105.72   33.75     970   24.8
 53930  107.98   36.45    1271   20.1
 57111  106.30   33.92     961   26.5
 58006  115.88   34.38      46   11.3
 57189  113.95   33.13      64   12.5
 57294  114.02   32.83      83   13.1
 54412  116.63   40.73     331    9.3
 57061  111.20   34.83     410   15.1
 53853  110.95   36.70    1052    9.8
 53659  111.00   37.97    1163    7.6
 58637  117.98   28.45     118   32.8
 58519  116.68   29.00      40   31.8
 59012  106.55   24.78     972   31.2
 57859  110.63   26.03     408   30.2
 59045  109.75   24.48      94   33.3
 59419  106.74   22.06     348   32.7
 57955  110.67   25.62     224   32.1
 59454  111.00   22.95     202   33.4
 53882  113.03   36.07    1046   12.7
 59246  109.67   23.60      70   32.9
 50936  122.83   45.63     155   10.0
 57927  107.18   24.97     287   34.4
 59254  110.08   23.40      42   33.4
 50939  122.82   45.33     150    9.9
 58458  120.90   30.54       4   33.4
 58464  121.12   30.65       4   28.2
 58472  122.45   30.73      79   19.8
 58477  122.10   30.03      35   23.5
 58484  122.20   30.25      37   23.3
 58547  119.18   29.03      66   33.5
 58550  120.25   29.70      39   34.1
 58553  120.82   30.05       6   33.2
 58555  120.88   29.52     113   35.0
 58556  120.82   29.60     104   34.4
 58558  120.22   29.27      89   34.6
 58560  120.43   29.05     304   32.9
 57895  114.78   26.47     101   28.5
 57333  108.67   31.95     798   28.9
 58251  120.28   32.85       3   26.3
 57181  113.05   33.88     136   13.4
 53889  113.82   36.07     306   12.6
 57063  111.77   34.77     523   16.4
 53898  114.14   36.05     194   12.2
 52681  103.08   38.63    1367    7.7
 52981  103.38   35.68    2421   22.0
 52436   97.03   40.27    1526    4.7
 53923  107.63   35.73    1421   18.2
 54749  119.95   37.18      48   11.7
 59421  107.20   22.83     255   34.7
 50940  123.17   45.85     141   11.2
 59015  106.57   24.35     437   33.5
 50946  124.83   45.18     139   10.4
 57960  111.07   25.93     195   32.5
 50948  124.02   45.00     146   10.3
 50949  124.87   45.08     136   10.7
 54041  123.07   44.80     150   10.2
 57123  108.07   34.28     506   16.5
 54064  125.15   44.38     170    7.3
 58568  121.38   29.12      34   31.9
 58570  122.30   29.95      85   22.5
 58647  119.13   28.08     222   32.0
 58654  120.08   28.67     184   33.3
 58658  120.68   28.15      34   29.2
 58667  121.27   28.08      95   21.6
 58750  120.08   27.78     105   34.5
 58751  120.57   27.67     254   27.7
 58755  120.39   27.50     118   30.3
 53480  113.07   41.03    1419    4.1
 54113  118.65   43.53     621    6.5
 58024  117.58   34.87      77   10.6
 54855  120.38   36.40      47   13.7
 57523  107.73   29.85     290   29.7
 53502  105.75   39.78    1031   13.2
 59224  107.12   23.60     111   35.2
 59441  109.25   22.70      78   31.5
 59059  110.80   24.18     105   31.2
 59417  106.86   22.33     128   34.8
 57964  111.15   25.50     263   32.3
 59046  109.40   24.35      96   33.1
 57949  110.00   24.98     156   31.5
 59017  106.27   24.27     278   35.2
 57037  108.98   34.93     710   14.0
 54069  125.80   44.12     173    6.2
 57232  108.27   33.05     484   26.1
 54072  126.52   44.85     196    7.8
 57871  112.37   26.98      90   35.5
 54076  126.93   44.38     268    7.1
 57643  109.83   29.00     268   23.9
 54155  124.23   43.67     144    7.8
 57762  111.70   27.69     165   34.2
 54156  124.80   43.52     200   10.0
 57596  114.20   29.63     751   21.9
 54157  124.33   43.17     165    9.5
 54399  116.28   39.98      45   16.7
 54398  116.62   40.13      28   12.8
 50834  121.22   46.60     499    7.1
 59004  105.10   24.50     725   35.6
 54517  117.20   39.07       2   11.3
 50851  126.08   46.68     207    6.0
 50564  127.35   49.43     234    4.7
 50892  134.00   46.80      54    9.7
 58407  115.03   30.23      32   26.8
 57399  114.95   31.13      74   16.7
 57475  112.90   30.40      31   14.0
 53934  107.98   35.78    1274   18.3
 52996  105.02   35.38    2450   15.6
 56093  104.02   34.43    2315   22.7
 52652  100.28   39.08    1461    4.9
 56065  101.60   34.73    3500   15.5
 50937  121.48   45.06     282   10.1
 57349  109.86   31.08     606   24.0
 50871  129.88   46.73      95    7.1
 50987  131.09   45.26     219   10.0
 50655  126.18   48.50     266    6.8
 59845  109.58   19.52     169   36.5
 53754  110.22   37.50     929   10.8
 54161  125.22   43.90     236    8.7
 57571  112.40   29.70      35   13.2
 54164  125.28   43.35     248    8.2
 54619  116.92   38.92       5   11.0
 54165  125.63   43.55     219    7.0
 57581  113.45   29.81      27   14.8
 54172  126.53   43.87     290    7.9
 53664  111.13   38.47    1012   10.5
 54175  126.62   43.42     537    8.5
 53574  112.27   39.52    1409    5.8
 54181  127.33   43.70     295    7.0
 53576  112.82   39.50    1045   10.4
 58402  115.68   30.74     123   27.2
 57370  112.22   31.73      67   14.7
 51810   77.63   38.92    1178   22.9
 51357   85.62   44.33     522    0.0
 53547  109.03   39.10    1312    9.7
 57640  109.45   28.58     341   25.6
 57669  111.22   28.38     128   22.3
 57773  112.83   27.88      63   27.2
 57874  112.39   26.41     116   34.6
 57976  112.94   25.41     222   30.7
 57866  111.62   26.23     172   32.9
 57969  111.31   25.28     269   31.4
 57477  112.22   30.07      38   13.2
 56755  100.40   25.39    1711   22.8
 56763  101.87   25.73    1120   31.0
 56764  101.23   25.53    1873   23.6
 56766  101.52   25.31    1822   23.0
 56767  101.28   25.18    1857   22.7
 56768  101.55   25.03    1824   22.6
 56775  102.45   25.55    1750   24.9
 56786  103.83   25.58    1898   24.8
 56788  103.62   24.98    1857   24.4
 56645   99.42   26.42    2344   16.8
 56959  100.78   22.00     582   32.8
 52836   98.10   36.30    3189   18.0
 57074  112.40   34.42     252   19.7
 57274  112.12   32.70     107   12.5
 51839   82.72   37.07    1409   15.9
 54049  123.97   44.25     188    7.6
 50945  124.24   45.51     142    8.2
 54063  126.00   44.97     196    7.5
 54142  123.53   43.50     114    9.0
 54171  126.52   43.70     229    8.7
 54266  125.63   42.53     340    5.9
 54362  125.73   41.67     380    4.4
 54377  126.22   41.15     225    7.2
 56257  100.27   30.00    3948   10.2
 57767  111.01   27.13     308   33.4
 53896  114.95   36.35      50   12.6
 54404  115.83   40.88     867    7.8
 53899  114.97   36.48      48   12.2
 50853  126.97   46.62     179    7.2
 54438  118.88   39.88      65    9.0
 53518  106.35   39.03    1117    9.7
 53723  107.38   37.80    1349   11.7
 53806  105.65   36.57    1854   21.5
 53618  106.25   38.28    1113   13.9
 54711  116.28   37.70      18   11.1
 52856  100.62   36.27    2835   20.0
 54386  128.18   41.42     775    7.9
 57590  114.37   29.85      98   17.1
