diamond  3 2015年05月07日08时地面变温                        
  15  05  07  08 1000 0 0 0
39 122.7 37.3 122.5 36.7 120.8 36.2  119.3 35.0 120.4 34.3
 121.1 32.7 122.3 30.9 122.5 30.1  121.5 28.0 119.8 25.0
 116.1 22.6 111.0 21.0 111.0 18.6  109.6 18.1 108.3 18.5
 108.9 19.9 109.3 21.0 106.4 21.6 104.1 22.2 101.6 20.8
 98.7 22.0  97.1 24.1  97.7 27.0 91.7 26.6  85.7 27.7
 78.9 30.6  73.3 37.1  74.1 40.7 87.6 49.8  98.5 43.9
 110.4 44.3 122.0 54.7 135.7 48.3 131.5 42.2 125.2 39.4
 121.3 38.5 121.2 40.3 118.5 38.6 120.8 38.1
1  1658
28044  60.53  59.60   130    -2
28049  62.33  59.43   130    -3
28064  65.72  59.63    72   -13
28076  69.28  59.60    56   -11
28097  73.28  59.58    60    -3
28144  60.78  58.87   125    -5
28165  66.08  58.72    81   -11
28240  60.07  57.88   260    -6
28255  63.68  58.05   102   -13
28275  68.25  58.15    46    -9
28366  67.08  57.42    52    -7
28367  65.43  57.12   101    -4
28382  71.18  57.68    55   -11
28383  72.40  57.52    66    -9
28440  60.63  56.83   281    -6
28451  62.72  56.85   126   -10
28465  66.35  56.68    61    -6
28481  70.62  56.82    78   -10
28491  72.67  56.93    87    -8
28493  74.38  56.90    73    -6
28541  60.30  56.08   398    -8
28552  63.65  56.07    89    -1
28573  69.43  56.10    82    -5
28586  72.22  55.87   117    -5
28588  71.37  55.57   126    -6
28593  74.63  56.10    77    -5
28645  61.30  55.15   236    -2
28655  63.32  55.23   177    -1
28661  65.42  55.45    73    -5
28666  67.30  55.25   140    -5
28676  69.12  54.78   101    -2
28688  71.27  54.93   126    -3
28696  74.58  55.03   110     0
28698  73.38  55.02   122    -6
28748  61.62  54.08   192    -2
28756  64.87  54.47   117    -2
28766  66.97  54.37   151    -3
28786  71.75  54.37   124    -1
28791  72.43  54.63   114     0
28797  72.97  54.20   124     0
28799  74.80  54.17   114    -1
28867  65.55  53.32   216    -3
28879  69.38  53.28   229    -1
28952  63.62  53.22   170     0
28966  66.97  52.82   227     0
28978  68.75  52.53   398     5
28984  70.22  52.95   395     3
29023  81.95  59.85    76    -3
29059  89.28  59.43   102    -3
29068  90.92  59.50    66    -4
29111  78.23  59.22    69    -2
29122  80.83  59.05    57    -3
29203  76.50  58.57    80     3
29209  77.22  57.80    99     2
29231  82.95  58.32    75    -5
29253  89.47  58.45   133     0
29263  92.20  58.45    78     4
29274  93.03  58.07    89     3
29276  94.73  58.17   170     2
29282  97.45  58.38   133     2
29313  79.42  57.55    95     1
29328  82.05  57.00   110    -3
29332  83.75  57.57   112    -2
29348  86.22  57.07   114     1
29363  92.27  57.62   179     4
29367  90.67  56.97   180     2
29374  93.25  57.67    92     3
29379  94.55  57.20   164     3
29393  99.53  57.65   220     1
29418  78.35  56.33   126     3
29430  84.92  56.50   139    -3
29456  89.32  56.53   205     0
29464  90.58  56.65   231     1
29467  90.52  56.28   257     0
29471  93.17  56.88   179     3
29477  93.27  56.48   164     4
29481  95.22  56.82   188     3
29485  96.05  56.67   244     2
29524  80.05  55.85   128     1
29551  87.68  56.18   144     3
29553  89.55  56.22   290     2
29557  88.30  55.75   211     2
29558  89.20  55.53   318     0
29561  90.32  56.03   255     0
29562  91.67  56.10   331     1
29563  92.20  56.12   478     2
29566  92.27  55.93   274     1
29570  92.75  56.03   276     0
29571  92.73  56.07   234     2
29576  94.30  55.82   375     2
29578  93.73  55.72   399     4
29580  95.27  56.17   357     4
29581  95.63  56.20   202     4
29587  95.48  55.65   252     4
29594  98.00  55.95   306     1
29602  76.75  55.30   111    -2
29605  76.02  55.22   112    -2
29612  78.30  55.35   119     2
29625  80.97  55.10   141     0
29631  82.73  55.32   146    -3
29636  84.38  55.22   172    -2
29638  82.95  54.90   131     1
29645  86.22  55.25   148    -2
29653  89.82  55.30   387    -1
29654  87.63  55.20   498     1
29662  91.62  55.38   321     0
29664  90.83  55.08   325     2
29674  93.38  55.12   458    -1
29676  94.90  55.27   337     3
29698  99.03  54.88   411     1
29706  77.30  54.38   116     1
29724  80.47  54.33   160     6
29726  81.88  54.37   132     7
29736  84.20  54.33   198     4
29745  86.33  54.45   225    -2
29752  88.82  54.75  1188    -6
29759  89.28  54.33   846     0
29766  92.15  54.35   281     5
29768  91.58  54.18   252     4
29771  92.08  55.35   804     5
29772  93.43  54.35   479     4
29789  96.97  54.22   984    -2
29802  76.53  53.82   114     3
29807  75.45  53.35    94    -4
29822  81.27  53.82   129     9
29838  83.52  53.43   185    -1
29846  86.88  53.82   309     1
29864  90.37  53.72   525     3
29866  91.70  53.72   254     5
29869  92.40  53.27   297     5
29874  92.88  53.58   319     5
29876  94.20  53.68   446     4
29892  98.82  53.95   705    -2
29915  78.65  52.97   125     7
29923  82.33  53.07   219     9
29937  82.77  52.52   175     6
29939  84.92  52.67   225     2
29956  89.92  52.80   449     4
29974  93.23  52.80  1398     1
29998  99.82  52.50  1374    -2
30054 112.58  59.45   190    -1
30074 117.60  59.93   163    -5
30089 121.77  59.02   175    -4
30127 105.73  58.23   438     1
30157 112.87  58.32   224    -3
30165 116.02  58.42   422    -2
30173 119.80  59.00   198    -1
30198 123.72  58.07   416     0
30230 108.07  57.77   258     0
30252 114.02  57.82   249    -2
30309 101.75  56.28   416     0
30323 105.80  56.80   325     0
30328 105.83  56.05   338     1
30337 107.62  56.32   356     2
30372 118.27  56.90   710     3
30385 121.50  56.58   425     1
30393 124.87  56.83   858     4
30405 101.03  55.38   422     3
30433 109.57  55.78   479     8
30439 109.75  55.12   464     2
30455 113.62  55.48  1096     6
30493 124.88  55.97   860     5
30499 124.67  55.18   528     6
30504 100.63  54.60   522     5
30521 105.17  54.80   418     0
30526 107.07  54.48   650     0
30554 113.57  54.43   902     5
30603 102.05  53.93   458     2
30612 103.07  54.00   426     1
30622 105.90  53.97   521     2
30627 105.53  53.10   761     5
30635 109.02  53.42   460     0
30636 109.63  53.62   488     3
30637 107.73  53.32   461     0
30650 112.78  53.20   922     1
30664 115.62  53.53   811     1
30673 119.73  53.75   624     4
30683 121.93  53.97   521     7
30695 123.90  53.47   265     7
30703 101.98  52.97   543     2
30714 102.70  52.10   755     2
30731 108.28  52.98   491     2
30739 109.78  52.17   666     4
30741 109.97  52.77  1286     4
30745 111.55  52.53   951     4
30758 113.48  52.08   670     4
30764 115.17  52.65   645    -5
30777 117.70  52.23   525     0
30781 120.03  52.75   374     0
30802 100.98  51.68  1304    -4
30815 103.60  51.53  1442     2
30822 105.85  51.70   467    -1
30823 107.60  51.83   514     2
30829 106.63  51.10   556     3
30838 108.87  51.32   805     1
30844 110.47  51.37   801     0
30846 112.47  51.35   743     1
30859 114.52  51.10   681     4
30862 116.03  51.87   597    -1
30879 119.62  51.32   619     0
30925 106.45  50.35   797    -2
30935 108.75  50.37   770    -2
30949 111.97  49.57   907     2
30957 113.27  50.27   732    -2
30961 115.58  50.95   639     3
30965 116.52  50.40   675     0
30971 117.93  50.92   806    -2
30975 119.07  50.33   521    -2
30978 118.38  49.83   550    -3
31004 125.37  58.62   679    -1
31005 126.27  58.97   283    -1
31011 127.05  59.67   278     0
31016 128.50  58.63   230    -3
31026 130.62  58.73   197     1
31041 133.03  59.63   179    -1
31054 135.15  59.18   212    -2
31062 137.67  59.77   383     0
31102 125.97  57.65  1204     4
31123 130.90  57.77   254    -4
31137 131.13  56.28   849     6
31152 136.15  57.65   318     2
31168 138.15  56.45     7     2
31174 137.53  54.83     9     1
31253 128.87  54.72   364     3
31285 134.42  54.50    61     0
31295 125.82  53.47   363     5
31300 127.27  53.73   230     3
31329 132.93  53.08   542     2
31348 136.03  53.05   153     2
31371 126.00  52.78   209     4
31388 129.92  52.35   207     2
31416 136.50  52.42    70     0
31418 135.80  52.28   201     1
31442 127.65  51.98   280     5
31445 128.12  51.45   200     4
31474 133.27  51.63   384     2
31478 133.98  52.27   902     2
31484 135.08  51.42   268    -2
31489 136.80  51.20    91    -1
31510 127.48  50.28   169     3
31513 128.47  50.92   177     5
31521 129.33  50.78   230     3
31527 129.47  50.12   239     3
31532 132.25  50.87   271     5
31534 131.02  50.43   273     4
31538 132.13  50.07   347     2
31561 137.03  50.53    21    -1
31587 128.65  49.62   114     3
31594 130.08  49.42   134     5
31624 133.23  49.40   201     1
31632 134.63  49.93   283     3
31655 136.57  49.45    37     1
31702 131.08  49.00   267     0
31707 130.97  47.73    72     1
31713 132.95  48.73    77     1
31725 133.83  48.62    52     1
31733 135.88  48.82    58     1
31735 135.18  48.52    76     2
31754 137.05  48.60   402     1
31801 136.18  47.67   180    -1
31825 138.40  47.60   164     1
31832 134.27  46.80    67    -3
31845 135.32  46.53   129    -4
31866 138.33  46.53     4     4
31873 133.73  45.87   104    -3
31878 133.50  45.10    97     0
31909 136.60  45.00    61    -4
31913 131.98  45.22    87    -4
31915 131.38  44.40   211     0
31921 132.07  44.72    77    -1
31939 133.87  44.15   258    -2
31959 135.85  44.37    33    -7
31960 131.92  43.12   188    -2
31961 131.97  43.88    36    -2
31969 130.80  42.65    39    -3
31981 133.07  43.97   187    -1
31987 133.02  43.15   207    -4
31989 133.90  42.90    42    -2
35067  66.33  51.88   221    -1
35078  68.37  51.82   304     3
35085  70.95  52.00   384     2
35092  73.10  52.50   168     2
35167  66.30  51.08   243    -1
35173  69.80  51.62   305    -5
35188  71.37  51.13   350    -5
35357  69.52  49.68   349     1
35394  73.15  49.80   553    -1
35475  68.65  49.00   490     2
35497  72.87  48.85   656    -1
35662  66.72  47.83   488    -3
35671  67.72  47.80   346     1
35699  74.82  47.45   620    -3
35746  61.65  46.78    62     2
35793  73.35  47.22   582     1
35796  75.08  46.80   350     0
35849  62.12  45.77    68     6
35953  64.08  45.50   103    -1
36003  76.93  52.30   122    10
36020  80.17  52.48   158    11
36021  79.18  52.25   142    10
36022  80.33  52.02   208     9
36026  79.42  51.07   258     6
36034  81.18  51.57   219     8
36038  82.17  51.15   354    12
36058  86.02  51.38   419     7
36061  87.12  52.25   326     3
36064  87.60  51.77   480     0
36078  90.20  51.00   983    -1
36087  91.50  51.20   724     1
36090  93.68  51.12  1042     2
36091  93.00  52.25   662     4
36092  93.90  52.13   852     1
36096  94.48  51.70   632     0
36103  96.12  52.47   919     3
36104  95.57  51.47   705     2
36152  78.35  50.87   149     8
36177  80.30  50.42   196     5
36197  82.03  50.17   270     5
36208  83.55  50.33   811     2
36229  85.62  50.27   977     4
36231  86.13  50.73   833     7
36259  88.67  50.00  1760     7
36278  90.42  50.37  1850     1
36307  95.17  50.25  1100     5
36325  97.52  50.60  1315     2
36341  76.37  49.78   776     6
36397  81.22  49.22   455     7
36428  84.52  49.20   401     2
36535  82.37  48.75   512    -5
36639  81.62  47.12   491     0
36785  79.48  45.38   628     2
36821  76.27  44.83   396     1
36856  79.30  44.27  1224    -6
36859  80.07  44.17   645    -1
36864  75.25  43.53   743     5
36870  76.93  43.23   851     2
36871  76.75  43.18   810     1
36883  76.98  43.48   614    -1
36911  75.28  42.83   817     1
36974  76.00  41.43  2041     4
36982  78.23  41.88  3639     3
38062  65.50  44.85   130     0
38069  66.75  44.17   153     4
38178  64.33  43.15   236     2
38196  68.90  43.55   822     2
38198  68.22  43.27   207     2
38222  73.78  43.70   456     4
38313  69.00  42.72   406     0
38318  68.12  42.10   184     0
38328  69.70  42.32   604     4
38334  70.30  42.48   808     3
38341  71.30  42.85   652     5
38343  72.75  42.95   683     2
38345  72.22  42.52  1218     2
38353  74.53  42.85   760     5
38396  60.63  41.57   100     1
38403  62.47  41.75    97     3
38413  64.62  41.73   236    -3
38439  68.00  41.37   275     0
38457  69.30  41.33   477     0
38462  70.37  41.90  1255     1
38545  62.28  40.47   142    -1
38565  65.68  40.55   484    -2
38579  67.83  40.12   343    -3
38583  68.68  40.82   263     0
38598  69.82  40.27   347     2
38599  69.73  40.22   427     2
38611  71.58  41.00   474     3
38613  72.95  40.92   765     2
38616  72.90  40.70   868     5
38618  71.75  40.38   577     7
38683  64.62  39.72   224    -1
38687  63.60  39.08   190     0
38696  66.95  39.63   725    -2
38705  67.60  39.50  1015     0
38713  68.98  39.90  1004    -1
38718  68.38  39.10  2204     1
38719  68.87  39.08  3373     2
38725  69.67  39.43  2234     1
38734  70.20  39.45  2561     1
38744  71.87  39.28  1198     3
38799  62.80  38.08   185    -2
38806  64.37  38.47   212    -2
38812  65.72  38.75   375     0
38838  68.35  38.05   563     3
38844  69.23  38.25  2239     6
38846  69.98  38.37  1468     0
38847  69.28  38.07   669     2
38851  70.30  39.00  1316     2
38856  70.88  38.47  1288     5
38875  73.55  39.02  3930     8
38878  73.97  38.17  3576     7
38886  60.52  37.38   186    -2
38895  62.18  37.60   240    -5
38911  65.20  37.83   240     0
38915  66.02  37.52   265    -3
38927  67.32  37.28   311     0
38933  68.78  37.82   427     3
38944  69.38  37.48   447     3
38947  69.08  37.23   327     7
38951  71.55  37.95  1981     7
38954  71.50  37.50  2075     2
38957  71.60  36.72  2523     1
38974  61.22  36.53   275    -5
38987  62.35  35.28   625    -2
40741  61.17  36.53   235    -3
40827  60.03  31.53  1211    -3
40829  61.48  31.05   489    -1
40856  60.88  29.47  1370    -3
40878  62.33  27.33  1195    -3
40879  60.70  27.20   591    -2
40898  60.62  25.28     8    -1
41506  71.83  35.85  1500    -3
41508  71.85  35.20  1370     1
41515  71.78  35.57  1465     4
41523  72.35  34.73   951    -1
41529  71.93  34.03   329     2
41535  73.25  34.18  1309     0
41536  73.35  34.38   981     6
41573  73.38  33.92  2127     4
41594  72.67  32.05   188     1
41598  73.72  32.93   234     2
41600  74.53  32.50   256     1
41620  69.47  31.35  1407     1
41624  70.92  31.82   173     1
41630  73.10  31.43   184     0
41640  74.33  31.55   215     2
41675  71.43  30.20   123     3
41678  73.25  29.95   163     1
41685  69.72  29.88  1098     1
41697  67.88  29.55   134     2
41700  71.78  29.40   113    -2
41710  62.75  28.82   683    -1
41712  64.40  28.88   850    -1
41715  68.47  28.30    56     1
41718  70.68  28.65    88    -1
41725  68.90  27.67    68     1
41739  64.10  26.97   981    -1
41744  66.63  27.83  1232    -2
41746  68.13  26.85    47     1
41749  68.37  26.25    38    -1
41756  61.80  25.07    57     2
41759  63.48  25.27     6     1
41764  68.42  25.38    30     1
41768  69.78  25.52     6     1
41780  67.13  24.90    22     1
41785  68.90  24.63    11     0
41856  88.60  24.30    23     1
41858  88.92  25.75    44     2
41895  88.70  24.37    20     0
41915  91.73  24.30    23     4
41933  91.18  23.43    10     0
41938  90.70  22.40     8     1
41951  90.65  22.68     5     0
41998  92.30  20.87     6     0
42027  74.83  34.08  1587     0
42071  74.87  31.63   234     0
42101  76.47  30.33   252     1
42111  78.03  30.32   683     2
42131  75.73  29.17   210     7
42165  73.30  28.00   224     1
42182  77.20  28.58   216     4
42189  79.40  28.37   169     2
42309  94.12  27.23   101    -1
42314  95.02  27.48   111     2
42328  70.92  26.90   257    -2
42339  73.02  26.30   221     0
42348  75.80  26.82   390     2
42379  83.37  26.75    77     5
42410  91.58  26.10    72    -1
42415  92.78  26.62    91     0
42452  75.85  25.15   279     1
42492  85.17  25.60    57     4
42559  77.32  24.65   481     3
42571  80.83  24.57   316     3
42587  84.07  24.05   221     0
42591  84.95  24.75   116     0
42623  93.90  24.77   774     0
42634  69.80  23.25   117     1
42647  72.63  23.07    56     3
42667  77.35  23.28   521    -1
42675  79.95  23.20   398     0
42701  85.32  23.32   646     2
42724  91.25  23.88    38     2
42737  70.78  22.30   138     0
42754  75.80  22.72   567    -2
42779  81.90  22.77   625    -1
42798  86.18  22.82   143     3
42809  88.45  22.65     6    -1
42840  72.83  21.20    10    -1
42867  79.05  21.10   310    -2
42874  81.65  21.23   296     0
42886  84.08  21.92   230     0
42895  86.93  21.52    18     2
42921  73.82  19.97   601     0
42933  77.03  20.70   282    -2
42971  85.83  20.25    49     0
43003  72.85  19.12    14    -3
43014  75.40  19.85   585     2
43041  82.03  19.08   554    -2
43063  73.85  18.53   558     1
43086  79.43  18.77   160    -1
43110  73.33  16.98    91     2
43117  75.90  17.67   479     3
43128  78.47  17.45   535     1
43150  83.30  17.68    69    -1
43185  81.15  16.20     9     0
43189  82.23  16.95     7    -2
43192  73.82  15.48    64     3
43198  74.62  15.85   755     4
43201  75.63  15.42   669     0
43213  78.07  15.80   289     0
44203  99.67  51.12  1583     0
44207 100.15  50.43  1668     0
44210  90.35  49.60  1480     0
44212  92.08  49.80   939     2
44213  94.40  49.65  1232     5
44214  89.93  48.93  1715     3
44215  91.72  49.02  1590     2
44216  93.10  48.82  1051     2
44217  89.52  48.28  2148     5
44218  91.57  48.02  1405     2
44219  95.00  47.63  1391     1
44221  96.37  49.70  1420     3
44224  96.02  48.77  1928     2
44225  98.20  48.73  1723     1
44229  99.88  48.15  2055     4
44230 102.00  49.57  1235    -2
44231 100.17  49.63  1283     1
44232 102.70  49.38   938    -1
44237 101.38  48.53  1509     1
44239 103.55  48.80  1208     1
44241 106.07  48.92   807     1
44242 105.40  49.15   748     1
44243 106.67  49.75   676    -2
44254 111.62  49.03   987     2
44256 114.40  49.55   705    -1
44257 110.57  48.62  1050     2
44259 114.55  48.08   747     0
44263  91.08  46.92  1951     4
44265  91.47  46.12  1186    -2
44266  93.90  46.32  2222     3
44272  96.85  47.75  1759     4
44275  98.08  46.83  2255    -1
44277  96.25  46.40  2181     2
44282 101.47  47.45  1691     3
44284 100.13  46.70  2126     1
44285 102.77  46.90  1662     2
44286 104.15  47.15  1363     2
44287 100.68  46.13  1859    -3
44288 102.78  46.27  1813    -2
44291 106.75  47.85  1272     0
44292 106.87  47.92  1729    -1
44294 107.48  47.30  1430     2
44298 108.22  46.45  1286    -1
44302 112.12  47.78   926     2
44304 110.63  47.32  1033     0
44305 113.28  46.68   981    -3
44313 118.62  47.62   688    -2
44314 115.63  47.17   907    -1
44317 115.37  45.90  1076    -3
44325  96.77  44.93  1182    -2
44329  99.27  45.38  2219     3
44336 103.90  45.45  1316    -2
44338 102.17  44.70  1519    -8
44341 106.28  45.77  1393    -1
44347 105.32  44.42  1298    -3
44348 108.25  44.40  1308    -5
44352 112.37  45.73  1101    -2
44354 110.12  44.90   938    -4
44358 111.90  43.73   964    -4
44373 104.42  43.58  1465    -4
44374 101.03  43.23  1726    -4
44385 107.18  43.18  1114    -9
44386 109.20  43.10   995   -10
44404  80.58  29.30  1848    -1
44409  80.55  28.80   187     3
44418  81.67  28.10   165     2
44424  82.17  29.28  2300     0
44429  82.50  28.05   634     5
44434  84.00  28.22   827     0
44449  84.98  27.17   137     1
44454  85.37  27.70  1337     4
44462  86.50  27.30  1720     0
44477  87.35  26.98  1210     0
44478  87.27  26.48    72     0
45004 114.17  22.30    66     2
45005 114.17  22.30    40     2
45007 113.92  22.30     7     1
45011 113.55  22.15   114     0
45045 114.30  22.17    60     2
47003 130.40  42.32     3     0
47005 128.30  41.82  1381     1
47008 129.82  41.78    43    -1
47014 126.88  41.78   331    -1
47016 128.17  41.40   714    -3
47020 126.60  40.97   306    -2
47022 128.15  40.82  1200    -2
47025 129.20  40.67    23     2
47028 124.93  40.45    76    -2
47031 127.25  40.37  1080    -1
47035 124.38  40.10     7    -3
47037 125.25  39.98    99    -3
47039 126.25  40.17   155    -3
47041 127.55  39.93    22     0
47046 128.18  40.03    19     0
47050 125.65  39.62    27    -3
47052 126.65  39.22   279     3
47055 127.43  39.18    36    -1
47058 125.78  39.03    36     0
47060 125.38  38.72    47     1
47061 128.18  38.73    34     1
47065 125.77  38.52    52     3
47067 126.53  38.50    97     2
47068 124.88  38.15     6     0
47069 125.70  38.03    81     2
47070 126.57  37.97    70     3
47075 127.28  38.42   352     4
47090 128.55  38.25    19    -5
47095 127.30  38.13   155     2
47097 127.48  37.25    79     3
47098 127.05  37.90   110     1
47099 126.75  37.88    30     2
47100 128.72  37.67   773     3
47101 127.73  37.90    78     3
47102 124.62  37.95   146    -1
47104 128.85  37.80    80     2
47105 128.88  37.75    27    -1
47106 129.12  37.50    41     0
47108 126.95  37.57    87     2
47112 126.62  37.47    69     2
47114 127.93  37.33   150     4
47115 130.88  37.47   224     1
47119 126.98  37.27    37     3
47121 128.45  37.17   241     4
47127 127.95  36.97   116     1
47129 126.48  36.77    30     0
47130 129.40  36.98    51    -4
47131 127.43  36.63    58     2
47133 127.37  36.37    69     4
47135 127.98  36.22   245     4
47136 128.70  36.57   141     3
47137 128.15  36.40    97     1
47138 129.37  36.02     3     3
47140 126.75  36.00    24     3
47143 128.62  35.88    65     3
47145 127.12  36.77    25     3
47146 127.15  35.82    54     3
47150 126.55  36.32    16     2
47152 129.32  35.55    35     4
47154 128.32  36.12    50     4
47155 128.57  35.17    38     3
47156 126.88  35.17    73     4
47157 127.90  35.67   222     3
47159 129.02  35.10    70     3
47162 128.43  34.83    34     3
47165 126.37  34.82    39     2
47168 127.73  34.73    65     3
47169 125.45  34.68    77     4
47170 126.70  34.38    36     2
47171 126.85  35.55    46     1
47172 126.58  35.33    56     2
47173 127.32  35.40    91     3
47174 127.23  35.07    75     5
47175 126.32  34.47   477     4
47184 126.52  33.50    21     3
47185 126.15  33.28    75     2
47188 126.87  33.38    19     3
47189 126.55  33.23    50     2
47192 128.03  35.15    31     4
47570 139.90  37.48   213     4
47600 136.88  37.38     6    -4
47604 139.02  37.88     5    -1
47605 136.63  36.58    33    -3
47610 138.18  36.65   419    -1
47624 139.05  36.40   114     0
47636 136.95  35.17    56     1
47651 136.52  34.73    18     2
47655 138.20  34.60    46     1
47662 139.75  35.68    36    -2
47675 139.35  34.73    75     1
47678 139.77  33.12   156     0
47740 133.33  36.20    28     1
47741 133.05  35.45    22     3
47746 134.23  35.48    15     2
47750 135.32  35.45    22     1
47765 132.45  34.38    54     0
47772 135.52  34.67    83     0
47778 135.75  33.45    69    -3
47800 129.22  34.15   130     3
47807 130.37  33.57    15    -2
47815 131.62  33.23    13    -3
47817 129.87  32.73    35    -2
47827 130.53  31.55    31    -1
47830 131.40  31.93    15    -5
47843 128.82  32.68    26    -1
47887 132.77  33.83    34    -2
47891 134.05  34.32    14     1
47893 133.53  33.57     4     1
47895 134.57  34.07     6     0
47909 129.55  28.38   294    -1
47918 124.15  24.33    14     0
47927 125.27  24.78    41     0
47936 127.68  26.20    50     0
47945 131.22  25.82    20     4
48008  97.40  25.37   147     1
48010  94.92  24.87   131     1
48018  96.33  24.17    95     1
48019  97.20  24.27   113     1
48030  93.62  22.65  1865     1
48031  93.68  22.92  1372    -4
48033  95.72  22.58   110     3
48034  96.50  22.92  1175    -1
48035  97.75  22.93   749     1
48037  95.13  22.10    82     1
48039  95.95  21.87    74    -1
48042  96.10  21.98    76    -1
48043  96.40  22.00  1078     1
48048  94.92  21.20    55    -2
48051  92.63  20.85     3     2
48052  94.80  20.90    82    -4
48053  95.83  20.83   220    -3
48055  97.72  20.88   981     0
48057  97.05  20.78  1436    -1
48060  99.62  21.30   828     0
48062  92.88  20.13     5    -1
48064  94.88  20.17    51    -2
48065  94.95  20.13    75    -2
48071  93.55  19.42     5     1
48074  96.22  19.72   104    -1
48075  97.22  19.68   894    -3
48077  95.22  18.80    60    -2
48078  96.47  18.92    49    -3
48080  94.35  18.47    11     1
48087  95.42  17.67    25     0
48092  96.02  17.10    12    -1
48093  96.50  17.33    15     0
48094  94.77  16.77    10     0
48097  96.17  16.77    15    -1
48099  97.67  16.75    10    -1
48103  97.62  16.50    22     0
48107  97.87  15.25     7     0
48300  97.97  19.28   274    -2
48302  99.03  19.92  1530     0
48303  99.87  19.95   393     1
48304  99.77  19.87   401     2
48307 100.87  19.40   334     0
48310  99.88  19.18   398     1
48315 100.80  19.12   236     1
48324  99.23  17.63   192     1
48325  97.93  18.17   213    -4
48327  98.97  18.77   314    -1
48329  99.03  18.55   298    -1
48330 100.15  18.12   162     2
48331 100.75  18.77   201     1
48333 100.73  18.85   265     1
48334  99.30  18.32   319    -1
48350 101.72  17.40   263     0
48351 100.08  17.62    64     2
48352 102.73  17.85   175     2
48353 101.72  17.45   254    -1
48354 102.80  17.37   178     1
48355 104.05  17.12   192     3
48356 104.13  17.15   172     2
48357 104.78  17.42   147     3
48358 104.78  17.43   153     3
48360 102.42  17.22   228    -1
48372  99.80  17.10    50     3
48373  99.85  17.15    54     2
48374 101.23  16.77   144     0
48375  98.53  16.70   197    -1
48376  99.13  16.87   126     1
48377  99.00  17.23   144     0
48378 100.27  16.78    45     3
48379 101.15  16.43   116     1
48380  99.52  16.48    81     2
48381 102.78  16.45   193    -1
48382 103.07  16.23   154     1
48383 104.72  16.53   139     2
48384 102.82  16.33   166     0
48385  98.85  16.02   460    -1
48386 100.37  16.33    39     3
48387  98.93  16.75   867     0
48390 103.58  16.32   140     0
48400 100.12  15.67    35     1
48401 100.52  15.33    93     1
48402 100.18  15.15    16     1
48403 102.02  15.80   184     0
48404 103.60  16.07   155     1
48405 103.65  16.05   142     0
48407 104.87  15.25   123     2
48408 105.03  15.23   130     2
48409 104.32  15.08   129     1
48413 101.10  15.65    69     1
48416 103.67  15.30   129     1
48418 101.18  15.27    51     1
48437 103.25  15.23   184    -2
48802 103.82  22.35  1581    -3
48803 103.97  22.50    97     0
48806 103.90  21.33   676    -1
48808 106.25  22.67   243     1
48810 105.83  22.15   176     0
48823 106.15  20.43     3     1
48825 105.77  20.97     7     0
48826 106.63  20.80   116     0
48830 106.77  21.83   263    -1
48831 105.83  21.60    32     0
48838 107.97  21.52     7     0
48839 107.72  20.13    56     1
48840 105.78  19.75     5     0
48845 105.68  18.67     6     2
48846 105.90  18.35     3     1
48848 106.60  17.48     8     1
48852 107.58  16.43     9     2
48855 108.35  16.07     7     1
48863 108.78  15.13     9     0
48921 101.88  21.63  1360     2
48924 101.47  21.05   552    -1
48930 102.13  19.88   305    -1
48935 103.13  19.47  1094    -1
48938 101.73  19.23   292     1
48940 102.57  17.95   171     1
48941 102.40  18.47   179     2
48946 104.65  17.38   152     3
48948 105.00  16.67   185     1
48952 106.43  15.68   180     2
48955 105.77  15.12   102     1
50136 122.52  52.97   438     2
50246 124.72  52.35   361     5
50247 123.57  52.03   514     2
50349 124.40  51.67   501     3
50353 126.63  51.73   173     5
50425 120.18  50.25   581    -2
50434 121.68  50.48   732     1
50442 124.12  50.40   371     1
50468 127.45  50.25   166     3
50514 117.32  49.58   661     0
50527 119.70  49.25   649     0
50548 123.72  49.20   286     1
50557 125.23  49.17   242    -1
50564 127.35  49.43   234     2
50603 116.81  48.68   542    -1
50618 118.27  48.22   642     0
50632 121.92  48.77   739    -1
50639 122.73  48.00   306     0
50656 126.50  48.25   276    -1
50658 125.88  48.05   236    -2
50727 119.93  47.17   997     1
50739 123.24  47.30   209    -1
50742 124.48  47.80   162    -2
50745 123.92  47.38   147    -2
50756 126.87  47.45   247    -2
50758 125.90  47.18   246    -2
50774 128.83  47.70   264     0
50775 130.20  47.34   182    -1
50788 131.98  47.23    66     2
50834 121.22  46.60   499    -7
50838 122.05  46.08   274    -4
50844 123.45  46.40   138     0
50853 126.97  46.62   179     5
50854 125.32  46.38   149     4
50862 127.98  46.98   206     0
50873 130.30  46.78    82     0
50877 129.58  46.30   100     0
50888 132.17  46.39    79    -2
50915 116.97  45.52   838    -2
50936 122.83  45.63   155    -4
50945 124.24  45.51   142     0
50948 124.02  45.00   146     1
50949 124.87  45.08   136     3
50950 125.25  45.70   148     3
50953 126.57  45.93   118     3
50955 126.32  45.39   168     3
50963 128.73  45.97   108     0
50968 127.97  45.22   189    -1
50973 130.61  45.75   234    -3
50983 132.96  45.77   100    -2
51053  86.40  48.05   532     1
51059  85.87  47.43   984     0
51060  86.87  47.70   473     0
51068  87.48  47.12   497    -2
51076  88.08  47.73   735     0
51087  89.52  46.98   807    -1
51133  83.00  46.73   534     1
51156  85.75  46.82  1322     1
51186  90.38  46.67  1218     1
51232  82.57  45.18   336     1
51238  82.07  44.90   532     0
51241  83.60  45.93  1094     1
51243  84.85  45.62   450     5
51288  90.53  45.37  1653     2
51330  81.02  44.97  1357     0
51334  82.82  44.57   329    -2
51346  84.67  44.43   478     2
51356  86.05  44.32   442     2
51358  85.82  44.28   468     0
51365  87.53  44.20   440     2
51367  86.85  44.17   575     1
51379  89.57  44.02   793     2
51431  81.33  43.95   662    -1
51433  82.52  43.80  1105    -3
51437  81.13  43.15  1851     1
51463  87.65  43.78   935     0
51467  86.33  42.76  1732    -4
51477  88.32  43.35  1103     1
51495  91.73  43.22   721     2
51526  88.22  42.23   922    -1
51542  84.15  43.03  2458    -1
51567  86.57  42.08  1055    -2
51573  89.20  42.93    34     2
51581  90.23  42.85   398    -1
51628  80.23  41.17  1103     1
51633  81.90  41.78  1229    -2
51639  82.78  41.23   980    -6
51642  84.27  41.82   982    -3
51644  82.97  41.72  1081    -5
51655  86.27  41.35   884    -3
51656  86.13  41.75   931    -3
51701  75.40  40.52  3504    -1
51704  76.17  39.72  1298     0
51705  75.25  39.72  2175     6
51709  75.75  39.49  1385    -3
51711  78.45  40.93  1985    -1
51716  78.57  39.80  1116     5
51720  79.05  40.50  1161     0
51730  81.27  40.55  1012    -1
51747  83.67  39.00  1099     4
51765  87.70  40.63   846    -3
51777  88.17  39.03   887    -6
51804  75.23  37.77  3090     1
51810  77.63  38.92  1178     4
51811  77.27  38.43  1231     1
51818  78.28  37.62  1375     3
51828  79.93  37.13  1375    -3
51839  82.72  37.07  1409    -6
51855  85.55  38.15  1247    -2
51886  90.85  38.25  2944    -1
51931  81.65  36.85  1422    -7
52101  93.05  43.60  1679    -1
52112  94.98  43.76   479    -1
52203  93.52  42.82   737    -1
52267 101.07  41.95   940    -2
52313  94.67  41.53  1573    -1
52323  97.03  41.80  1770     1
52418  94.68  40.15  1139     3
52424  95.78  40.53  1170    -1
52436  97.03  40.27  1526     6
52446  99.52  40.30  1177     1
52447  98.88  40.00  1270     0
52495 104.80  40.17  1323    -2
52533  98.48  39.77  1477     3
52546  99.83  39.37  1332     2
52576 101.68  39.22  1510     3
52602  93.33  38.75  2770    -2
52633  98.42  38.82  3367     1
52645  99.60  38.43  3314     4
52652 100.28  39.08  1461     2
52657 100.25  38.18  2787     2
52674 101.97  38.23  1976    -2
52679 102.67  37.92  1531     0
52681 103.08  38.63  1367     0
52707  93.68  36.80  2767    -2
52713  95.35  37.85  3173     0
52737  97.38  37.37  2981     1
52754 100.13  37.33  3301     0
52765 101.62  37.38  2850     2
52787 102.87  37.20  3045    -4
52797 104.05  37.18  1630     0
52818  94.92  36.42  2807     0
52825  96.43  36.43  2790     1
52833  98.48  36.93  2950     2
52836  98.10  36.30  3189    -2
52856 100.62  36.27  2835     1
52866 101.75  36.73  2295     2
52868 101.37  36.02  2273     3
52876 102.83  36.33  1813     4
52881 103.18  36.98  2484     1
52884 103.95  36.35  1668     4
52895 104.68  36.57  1398     1
52908  93.08  35.22  4612     1
52943  99.98  35.58  3323     1
52955 100.73  35.58  3120     1
52974 102.02  35.52  2491     0
52983 104.15  35.87  1874     3
52984 103.18  35.58  1917     3
52986 103.87  35.37  1893     5
53068 111.93  43.62   963    -5
53083 114.15  44.62  1181    -3
53149 110.13  42.53  1225    -6
53192 114.95  44.02  1126    -4
53195 113.63  43.85  1036    -7
53231 106.40  41.40  1510     2
53276 112.90  42.40  1150    -7
53336 108.52  41.57  1288     1
53352 110.43  41.70  1376    -4
53362 111.68  41.53  1490    -4
53391 114.00  41.90  1482    -3
53399 114.70  41.15  1393    -4
53446 109.88  40.53  1004     4
53463 111.57  40.85  1153     3
53478 112.45  40.00  1345    -3
53480 113.07  41.03  1419    -1
53487 113.42  40.08  1052     0
53490 114.05  40.43  1014     1
53502 105.75  39.78  1031    -3
53513 107.37  40.73  1041     1
53519 106.77  39.22  1092     2
53529 107.96  39.09  1381     1
53543 109.98  39.83  1461     2
53564 111.21  39.37  1036     2
53578 112.43  39.37  1114    -1
53588 113.52  38.95  2208    -1
53593 114.57  39.83   909     2
53594 114.18  39.45   938    -1
53602 105.67  38.83  1561    -2
53603 106.37  38.83  1095     1
53612 106.18  37.98  1128     0
53614 106.20  38.47  1110     0
53615 106.70  38.80  1101    -1
53646 109.78  38.27  1157     2
53651 110.47  38.82  1098     2
53663 111.82  38.92  1401     2
53664 111.13  38.47  1012    -1
53673 112.72  38.73   828    -4
53687 113.63  37.78   753    -2
53698 114.36  38.07   103    -1
53704 105.18  37.53  1225     3
53705 105.68  37.48  1183     1
53723 107.38  37.80  1349     1
53725 107.58  37.58  1360     1
53735 108.80  37.62  1336     0
53738 108.17  36.92  1331     4
53740 109.23  37.93  1111     2
53754 110.22  37.50   929     1
53764 111.10  37.50   950    -1
53772 112.58  37.62   776    -4
53775 112.59  37.42   785    -3
53782 113.62  37.93   767    -2
53787 112.98  37.07  1041    -5
53798 114.36  37.18   183    -2
53806 105.65  36.57  1854    -1
53810 105.90  36.97  1339     1
53817 106.27  36.00  1753    -2
53821 107.30  36.57  1255     1
53845 109.45  36.58  1180     0
53853 110.95  36.70  1052    -3
53854 110.07  36.58   804     1
53859 110.67  36.10   851    -2
53863 111.95  37.07   746    -5
53868 111.50  36.07   449    -5
53877 112.25  36.17   860    -7
53882 113.03  36.07  1046    -7
53884 113.03  36.52   877    -5
53898 114.14  36.05   194    -3
53903 105.72  35.97  1916     3
53915 106.67  35.55  1346     0
53923 107.63  35.73  1421     1
53929 107.80  35.20  1206    -1
53942 109.41  35.77  1155     2
53948 109.58  34.95   499     1
53955 110.45  35.47   458     0
53959 111.07  35.11   375    -3
53963 111.37  35.65   433    -2
53968 111.67  35.28   505    -4
53975 112.40  35.48   659    -4
53986 113.88  35.32    73    -1
54012 117.63  44.57  1001    -3
54026 120.90  44.57   265     0
54027 119.40  43.98   486    -1
54041 123.07  44.80   150     2
54049 123.97  44.25   188     3
54063 126.00  44.97   196     2
54064 125.15  44.38   170     5
54094 129.67  44.50   305     0
54096 131.17  44.38   567     1
54102 116.12  43.95  1003    -3
54115 118.04  43.64   825    -3
54134 121.28  43.60   241     3
54135 122.27  43.60   178     5
54142 123.53  43.50   114     1
54157 124.33  43.17   165     4
54161 125.22  43.90   236     4
54165 125.63  43.55   219     4
54171 126.52  43.70   229     5
54181 127.33  43.70   295     1
54186 128.20  43.37   524     3
54195 129.78  43.30   244    -1
54208 116.47  42.19  1245    -3
54213 119.02  42.93   634    -1
54218 118.83  42.31   668     2
54226 120.70  42.33   400     4
54236 122.56  42.39    79     4
54237 121.75  42.07   167     2
54243 124.12  42.78   165     1
54254 124.05  42.53    98    -1
54259 124.87  42.07   224     0
54260 125.08  42.92   252     2
54263 126.08  42.96   351     2
54266 125.63  42.53   340     2
54273 126.75  42.98   263     0
54276 126.80  42.40   570     1
54279 126.58  42.05   544     0
54284 127.50  42.15   774     3
54285 128.12  42.42   721     5
54286 129.00  42.53   475     2
54292 129.50  42.87   257    -2
54308 116.63  41.20   735     4
54311 117.77  41.97   892     3
54324 120.43  41.55   174     2
54326 119.63  41.41   462     2
54334 121.25  41.52    74     1
54335 122.08  41.68    37    -1
54337 121.12  41.13    65    -3
54339 123.00  41.08    77    -1
54342 123.52  41.73    49    -1
54346 123.78  41.32   185    -4
54349 124.13  41.30   258    -2
54351 124.08  41.92   118    -2
54353 125.05  41.73   328     2
54363 125.90  41.68   402    -3
54365 125.35  41.28   245    -3
54374 126.88  41.80   379    -3
54377 126.22  41.15   225    -4
54386 128.18  41.42   775    -4
54401 114.92  40.77   772     2
54405 115.50  40.42   570     2
54406 115.97  40.45   487     1
54416 116.87  40.38    71    -2
54423 117.92  40.97   422     3
54429 117.95  40.20    54    -3
54436 118.95  40.42   254    -2
54449 119.52  39.85     2    -4
54452 119.82  40.80   365    -1
54454 120.30  40.33    29    -5
54455 120.65  40.62    20    -5
54470 122.07  41.02     5    -2
54471 122.17  40.65     3    -2
54472 122.72  40.88    25    -3
54476 122.14  40.17    20    -3
54486 123.28  40.34    97    -7
54493 124.78  40.72   260    -3
54497 124.33  40.05    13    -3
54511 116.47  39.80    31    -3
54518 116.39  39.17     8    -5
54525 117.28  39.73     5    -5
54526 117.33  39.08     1    -6
54527 117.05  39.08     3    -7
54534 118.10  39.65    23    -6
54539 118.88  39.43     8    -5
54563 122.02  39.63   118    -3
54565 121.47  39.60    70    -3
54584 122.95  39.72    34    -5
54602 115.48  38.73    16    -3
54606 115.73  38.23    19    -3
54618 116.55  38.08    13    -2
54623 117.72  39.05     4    -5
54624 117.32  38.41     4    -5
54660 121.23  38.82    66    -6
54662 121.63  38.90    91    -2
54705 115.38  37.37    27     1
54715 116.52  37.31    17    -2
54725 117.53  37.50    11    -2
54727 117.55  36.68   121    -4
54736 118.67  37.43     6    -3
54744 118.55  37.58     8    -3
54751 120.73  37.94    39    -2
54753 120.34  37.64     4    -2
54764 121.23  37.48    53    -1
54774 122.13  37.47    65     2
54776 122.70  37.40    47    -4
54808 115.63  36.23    37    -4
54823 117.00  36.60   170    -5
54824 117.95  36.63    95    -4
54826 117.10  36.25  1533    -2
54836 118.17  36.18   305    -3
54842 119.99  36.79    62    -5
54843 119.20  36.75    22    -4
54852 120.73  36.97    54    -5
54857 120.33  36.07    76    -3
54863 121.18  36.78    40    -4
54871 122.48  36.93     9    -3
54909 115.52  35.08    51    -3
54916 116.85  35.57    51    -2
54929 117.97  35.27   121    -3
54936 118.83  35.57   107    -3
54945 119.55  35.47    64    -4
55228  80.08  32.50  4278     2
55248  84.42  32.15  4414     2
55279  90.02  31.38  4700     1
55294  91.10  32.35  4800     3
55299  92.07  31.48  4507     5
55437  81.25  30.28  3900     1
55472  88.63  30.95  4672    -1
55493  91.10  30.48  4200     5
55569  87.60  29.08  4000    -3
55578  88.88  29.25  3836    -2
55585  90.17  29.43  3809     1
55591  91.13  29.67  3648     2
55598  91.77  29.27  3560    -1
55655  85.97  28.19  3810     0
55664  87.08  28.63  4300     0
55680  89.60  28.92  4040    -2
55690  91.95  27.98  4280    -1
55696  92.47  28.42  3860    -2
55773  89.08  27.73  4300     0
56004  92.43  34.22  4533     1
56018  95.28  32.88  4066     0
56021  95.81  34.13  4175     0
56029  96.96  33.00  3716    -1
56033  98.22  34.92  4272    -1
56034  97.13  33.80  4415    -1
56038  98.10  32.98  4200    -1
56043 100.23  34.48  3719     1
56046  99.65  33.75  3967    -1
56065 101.60  34.73  3500     1
56067 101.48  33.43  3628     0
56074 102.08  34.00  3471    -2
56079 102.97  33.58  3441     1
56080 102.90  35.00  2910     4
56093 104.02  34.43  2315     5
56096 104.92  33.40  1079     4
56106  93.78  31.88  4022    -2
56116  95.60  31.42  3873    -1
56125  96.47  32.20  3643     2
56137  97.17  31.15  3315     0
56144  98.58  31.80  3184     3
56146 100.00  31.62  3393     2
56151 100.75  32.93  3530     0
56152 100.33  32.28  3893     0
56167 101.12  30.98  2957     3
56172 102.23  31.90  2664     2
56173 102.55  32.80  3491    -1
56178 102.36  31.00  2438     2
56182 103.60  32.67  2881     1
56187 103.86  30.75   547     4
56188 103.66  31.00   698     3
56193 104.52  32.42   893     2
56196 104.73  31.45   522     3
56202  93.28  30.67  4488     1
56223  95.83  30.75  3640     1
56227  95.77  29.87  2736     4
56247  99.11  30.00  2589     3
56251 100.32  30.93  3000     3
56257 100.27  30.00  3948     3
56287 103.00  29.98   627     2
56312  94.33  29.67  2991     3
56331  97.83  29.67  3780     2
56357 100.30  29.05  3727     4
56374 101.97  30.05  2615     0
56385 103.34  29.52  3047     3
56386 103.76  29.56   424     3
56434  97.47  28.65  2327    -2
56444  98.92  28.48  3319     0
56459 101.27  27.93  2426     1
56462 101.50  29.00  2925     5
56475 102.52  28.65  1659    -1
56479 102.85  28.00  2132     2
56485 103.58  28.27  1255     2
56492 104.60  28.80   340     2
56533  98.67  27.75  1583     1
56543  99.70  27.83  3276     3
56548  99.28  27.17  2326     3
56565 101.52  27.43  2545     2
56571 102.27  27.90  1590    -1
56586 103.72  27.35  1949     2
56643  98.85  25.87   949     0
56651 100.22  26.85  2380     1
56664 101.27  26.63  1230    -1
56666 101.72  26.58  1224     0
56671 102.25  26.65  1787     0
56684 103.25  26.40  2188     2
56691 104.28  26.87  2237     2
56739  98.51  24.98  1695     0
56748  99.18  25.12  1652     0
56751 100.18  25.70  1990     0
56763 101.87  25.73  1120     1
56768 101.55  25.03  1824     2
56778 102.65  25.00  1888     1
56786 103.83  25.58  1898     1
56793 104.47  25.71  1800     3
56838  97.85  24.00   762     1
56856 100.87  24.47  1162     0
56875 102.55  24.33  1716     0
56886 103.77  24.53  1704     1
56946  99.40  23.55  1104     1
56951 100.08  23.88  1502     1
56954  99.93  22.57  1054     2
56959 100.78  22.00   582     0
56964 100.97  22.78  1302     0
56966 101.98  23.60   400    -1
56977 101.85  22.58  1120     1
56985 103.38  23.38  1300     0
56986 103.68  22.98  1414    -1
56991 104.33  23.62  1561     1
57003 106.83  34.90   924     2
57014 105.87  34.57  1085     2
57025 107.38  34.52   781     1
57030 108.15  34.70   994    -1
57034 108.24  34.31   471     2
57037 108.98  34.93   710     1
57046 110.08  34.48  2064     2
57048 108.72  34.40   472     0
57049 109.73  34.52   341    -2
57051 111.20  34.80   409    -1
57052 110.45  34.88   354    -3
57067 111.07  34.08   658    -1
57071 112.43  34.82   333    -4
57077 111.65  33.78   742    -1
57083 113.65  34.72   110    -3
57089 113.93  34.07    67    -1
57091 114.30  34.78    73    -3
57106 106.15  33.32   794     2
57123 108.07  34.28   506     1
57124 106.93  33.63  1032     4
57127 107.03  33.07   509     3
57131 108.97  34.43   410    -1
57134 107.98  33.52   827     3
57143 109.97  33.87   742     0
57144 109.15  33.43   693     0
57154 110.90  33.53   523     3
57156 111.50  33.30   250     2
57178 112.49  33.10   180     2
57181 113.05  33.88   136    -1
57193 114.52  33.78    52    -2
57206 105.90  32.42   545     4
57211 106.25  32.83   836     4
57232 108.27  33.05   484     2
57237 108.03  32.07   674     0
57238 107.90  32.53   693     2
57245 109.03  32.72   290     3
57251 110.42  33.00   249     0
57256 110.78  32.65   286     0
57259 110.77  32.03   426     1
57265 111.73  32.43   132     2
57278 112.08  32.00   163     1
57279 112.75  32.15   125     2
57285 113.42  32.38   153     0
57290 113.91  32.94   106    -2
57297 114.05  32.13   114     1
57306 105.97  31.58   382     4
57313 106.77  31.87   417     3
57328 107.51  31.21   344     1
57343 109.53  31.90   995     1
57348 109.53  31.02   299     0
57355 110.37  31.03   334    -1
57358 110.97  30.83   295     1
57359 110.73  31.35   336     0
57378 112.57  31.17    65     3
57381 113.34  31.62   116     2
57385 113.82  31.62    93     2
57386 114.00  31.25    51     2
57395 114.12  31.57    74     2
57399 114.95  31.13    74     1
57405 105.55  30.50   355     2
57411 106.10  30.78   309     2
57426 107.80  30.68   454     2
57432 108.40  30.77   186     1
57439 108.93  30.28  1074     2
57445 109.72  30.60   609     0
57447 109.47  30.28   457     2
57453 111.32  30.77   115     2
57458 110.67  30.20   619     2
57461 111.36  30.74   256     2
57476 112.15  30.35    31     3
57482 113.95  30.90    25     1
57483 113.13  30.67    31     2
57484 112.55  30.74    57     4
57493 114.33  30.35    73     1
57494 114.05  30.60    23     1
57495 114.88  30.67    28     2
57502 105.70  29.70   394     4
57503 105.12  29.62   349     2
57512 106.26  29.97   364     2
57516 106.47  29.58   259     4
57517 106.25  29.28   261     3
57520 107.07  29.83   377     3
57522 107.27  29.74   372     3
57523 107.73  29.85   290     1
57536 108.76  29.52   786     2
57545 109.42  29.53   502     2
57554 110.16  29.40   322     2
57562 111.36  29.58   116     0
57573 112.90  29.83    30     2
57574 112.40  29.37    36     2
57581 113.45  29.81    27     2
57583 113.97  29.92    61     2
57584 113.09  29.38    53     2
57595 114.50  29.60    76     1
57596 114.20  29.63   751     3
57598 114.58  29.03   146    -1
57604 105.38  28.78   368     2
57606 106.83  28.13   972     2
57608 105.43  28.17   377     1
57612 106.65  29.00   474     2
57614 106.22  28.33  1180     2
57625 107.45  28.55   679     2
57633 108.77  28.82   826     2
57642 109.65  28.70   325     1
57647 109.18  28.15   406     2
57649 109.68  28.24   254     1
57655 110.40  28.47   151     0
57662 111.68  29.12   150     2
57669 111.22  28.38   128    -3
57671 112.37  28.85    37     2
57673 112.89  28.69    53     2
57679 112.79  28.11   115     1
57682 113.57  28.71   106     0
57687 112.79  28.11   119     1
57696 114.78  28.40    91     1
57707 105.29  27.30  1510     2
57710 106.40  27.80   890     2
57718 106.72  27.10  1112     2
57722 107.47  27.77   792     1
57729 107.88  27.23   622     1
57731 108.25  27.95   416     2
57741 109.18  27.73   353     2
57745 109.68  27.45   272     0
57749 110.00  27.57   257    -1
57752 110.60  27.92   204     0
57758 110.60  27.03   339     2
57761 111.30  27.75   211     0
57766 111.45  27.18   311     1
57774 112.17  27.45   100     1
57776 112.69  27.30  1265     4
57779 113.35  27.00   102     1
57780 113.17  27.87    74     1
57783 113.82  27.88   118     3
57789 113.95  27.13   194     2
57793 114.38  27.80   131     2
57794 114.02  27.63   177     0
57799 114.92  27.05    71     1
57803 106.02  27.04  1231     3
57805 105.77  26.68  1319     2
57806 105.90  26.25  1431     2
57816 106.73  26.58  1223     2
57825 107.98  26.60   720     1
57827 107.53  26.32   969     2
57832 108.67  26.97   626     0
57839 109.15  26.23   568     2
57840 109.20  26.90   401     1
57841 109.67  26.57   320     1
57845 109.78  26.17   397     1
57853 110.63  26.73   341     2
57857 110.32  26.37   477     3
57866 111.62  26.23   172     4
57872 112.60  26.89   104     3
57874 112.39  26.41   116     2
57889 113.94  26.08   835     0
57894 114.17  26.58   843     1
57896 114.50  26.33   126     1
57902 105.18  25.43  1378     3
57906 106.08  25.18   566     1
57907 104.90  25.08  1299     2
57910 106.08  25.77  1197     3
57912 106.66  26.14   990     1
57916 106.77  25.43   440     1
57922 107.54  25.83  1013     0
57926 107.88  25.42   428     1
57932 108.53  25.97   285     1
57947 109.40  25.22   121     3
57957 110.30  25.32   164     4
57965 111.60  25.53   192     2
57972 113.03  25.80   184     2
57974 112.37  25.58   214     2
57993 115.00  25.87   137     2
57996 114.25  25.08   149     2
58005 115.54  34.44    50    -3
58015 116.33  34.45    44    -3
58026 118.02  34.39    25    -4
58027 117.16  34.29    41    -3
58034 118.32  34.60    36    -3
58038 118.78  34.08    10     2
58040 119.13  34.86     5     0
58047 119.24  34.26     4     1
58102 115.73  33.78    39    -2
58111 116.45  33.97    32    -3
58118 116.52  33.27    26    -1
58122 116.98  33.63    25     1
58130 117.95  33.93    23    -2
58135 118.22  33.48    16     1
58138 118.52  32.98    40     2
58141 118.93  33.64    12     1
58143 119.85  33.80     4     2
58150 120.30  33.75     1    -1
58158 120.48  33.20     3    -1
58203 115.73  32.87    32     0
58208 115.62  32.17    42     1
58215 116.78  32.43    25     1
58221 117.30  32.85    26     2
58225 117.67  32.53    69     1
58236 118.25  32.35    33     1
58238 118.90  31.93    35     1
58241 119.45  32.79     5     2
58246 119.99  32.56     2     1
58251 120.28  32.85     3    -1
58252 119.47  32.18    27     1
58255 120.57  32.37     6     0
58259 120.98  32.08     4     2
58265 121.60  32.07     3     1
58311 116.50  31.73    74     2
58314 116.32  31.40    86     3
58319 116.95  31.07    85     1
58321 117.30  31.78    27     1
58326 117.83  31.58    30     1
58336 118.57  31.70    80     2
58338 118.60  31.12    40     0
58343 119.98  31.88     4     2
58345 119.50  31.43     5     2
58354 120.35  31.62     3     2
58356 121.00  31.40     3     1
58358 120.43  31.07    16     0
58362 121.45  31.40     5     0
58402 115.68  30.74   123     1
58407 115.03  30.23    32     3
58414 116.32  30.43   105     1
58419 117.02  30.10    17    -2
58424 116.97  30.62    62     1
58429 117.85  30.98    11     1
58436 118.98  30.62    87     1
58437 118.15  30.13  1840     1
58448 119.70  30.22   117     2
58450 120.05  30.87     7     2
58457 120.17  30.23    41     2
58464 121.12  30.65     4    -1
58467 121.27  30.20     4     0
58472 122.45  30.73    79     1
58477 122.10  30.03    35     1
58500 115.20  29.85    45     1
58505 115.90  29.62    63     2
58506 115.98  29.57  1164     5
58507 115.12  29.25   116     0
58520 117.72  29.85   142    -1
58524 117.22  29.37    87     2
58527 117.20  29.30    61     2
58531 118.28  29.72   142     1
58543 119.02  29.62   171     5
58549 119.65  29.12    62     3
58553 120.82  30.05     6     2
58556 120.82  29.60   104     4
58557 120.08  29.33    90     3
58560 120.43  29.05   304     6
58561 121.60  29.98     4     0
58562 121.55  29.78     5     1
58566 121.88  29.47     6     1
58569 121.95  29.20   128     1
58600 115.37  28.87    78     2
58606 115.92  28.60    46     0
58608 115.55  28.07    30     1
58622 117.58  28.95    88     1
58626 117.23  28.30    60     1
58633 118.90  29.00    82     3
58634 118.25  28.68   116     3
58637 117.98  28.45   118     2
58646 119.93  28.46    59     6
58647 119.13  28.08   222     5
58648 119.64  27.99   246     6
58652 120.72  28.87    83     3
58660 121.20  28.87     6     2
58665 121.42  28.62     4     3
58666 121.90  28.45    86     3
58667 121.27  28.08    95     5
58705 115.42  27.33    85     0
58715 116.65  27.58    80     0
58718 116.53  27.22   111     1
58725 117.47  27.33   218     3
58730 118.03  27.77   222     3
58731 118.53  27.92   276     2
58734 118.12  27.33   196     3
58737 118.32  27.05   154     4
58742 119.56  28.11   163     4
58744 119.42  27.45   815     7
58752 120.65  27.78    39     3
58754 120.20  27.33    36     3
58760 121.15  27.83    68     3
58806 116.01  26.48   209     1
58813 116.33  26.85   143     0
58818 116.63  26.23   358     2
58820 117.17  26.90   342     3
58834 118.17  26.63   152     4
58837 118.15  26.15   204     5
58843 120.02  26.88    56     2
58846 119.52  26.67    32     3
58847 119.28  26.08    84     4
58850 120.23  26.92    92     1
58911 116.37  25.85   310     2
58918 116.42  25.05   198     3
58921 117.35  25.97   206     5
58926 117.42  25.30   205     5
58927 117.02  25.05   376     4
58931 118.10  25.72  1653     2
58933 118.98  26.92   869     4
58936 118.70  25.37    77     4
58944 119.78  25.52    32     2
58968 121.52  25.03     9     2
58974 122.07  25.63   102    -2
59007 105.07  24.07  1249     0
59021 107.03  24.55   509     0
59023 108.03  24.70   260     2
59037 108.10  23.93   170     1
59046 109.40  24.35    96     2
59058 110.53  24.20   181     3
59065 111.50  24.42   148     1
59072 112.37  24.80   131     1
59082 113.60  24.67   121     1
59087 113.52  23.88    97    -2
59088 113.42  24.18    74     0
59092 114.82  24.92   206     2
59096 114.48  24.37   214     1
59097 114.20  24.05   198    -2
59102 115.65  24.95   303     3
59107 115.28  24.12   179     1
59113 116.72  24.73   226     3
59116 116.70  24.33    81     4
59117 116.07  24.28   116     4
59126 117.65  24.50    28     6
59133 118.92  24.90    21     3
59134 118.07  24.48   139     6
59158 120.68  24.15    78     0
59209 105.83  23.42   794     2
59211 106.60  23.90   174     1
59218 106.42  23.13   739     0
59228 107.58  23.32   108     0
59242 109.23  23.75    84     2
59254 110.08  23.40    42     0
59265 111.30  23.48   114    -1
59271 112.43  23.63    57    -3
59278 112.45  23.03    41    -2
59280 113.08  23.72    79    -2
59287 113.48  23.22    70    -2
59289 113.73  22.97    56    -2
59293 114.73  23.80    70    -1
59294 113.83  23.33    30    -2
59298 114.37  23.07   108     0
59303 115.75  23.92   135     2
59304 115.18  23.63   176     2
59316 116.68  23.40     2     4
59317 116.30  23.03    14     2
59321 117.50  23.78    53     4
59324 117.03  23.43     7     4
59358 120.22  23.00    14     1
59417 106.86  22.33   128     1
59431 108.22  22.63   121    -1
59446 109.30  22.42    66     1
59453 110.12  22.67   121     1
59456 110.93  22.35   141     2
59462 111.60  22.70    60     1
59478 112.78  22.25    32     0
59479 114.02  22.10    40     0
59485 113.40  22.50    33     0
59488 113.57  22.28    51     1
59493 114.00  22.53    63     1
59501 115.37  22.80    16     2
59559 120.75  22.00    24     0
59562 121.15  22.75    10     2
59567 121.55  22.03   325     0
59626 107.95  21.56    56    -1
59631 108.35  21.78    32    -2
59632 108.62  21.95     4    -1
59644 109.13  21.45    12    -1
59647 109.10  21.03    55    -1
59658 110.30  21.15    53     0
59663 111.97  21.84    89     1
59664 111.00  21.55    31     0
59673 112.77  21.73    21     1
59754 110.18  20.33    55     0
59758 110.25  20.00    63     0
59792 116.72  20.67     6     2
59838 108.62  19.10     7    -1
59845 109.58  19.52   169     0
59849 109.83  19.03   250    -1
59855 110.47  19.23    24     0
59948 109.59  18.22   419     0
59954 110.03  18.55    35     0
59981 112.33  16.83     4     1
98132 121.85  20.80   124     0
98133 121.47  19.27    13    -1
98134 121.97  20.42   167    -1
98222 120.45  17.88    57     2
98223 120.53  18.17     5     0
98232 121.62  18.35     3    -1
98233 121.75  17.63    62    -2
98324 119.97  15.32     5    -2
98325 120.35  16.08     2    -1
98327 120.53  15.18   155    -1
98328 120.60  16.40  1501    -1
98330 120.95  15.47    32    -1
98334 121.62  15.73   178     0
98336 122.12  16.25     4     1
00000   0.00   0.00     0     0
